802.460000
783.458000
769.924000
761.875000
770.136000
788.776000
784.413000
775.913000
769.265000
764.024000
771.180000
784.691000
782.732000
788.707000
777.447000
775.560000
777.712000
781.937000
772.781000
788.209000
785.228000
787.192000
766.190000
785.676000
781.440000
771.462000
770.497000
767.064000
774.106000
753.348000
767.737000
766.057000
772.429000
765.021000
783.180000
800.127000
788.358000
780.952000
771.983000
788.489000
787.852000
788.189000
767.957000
776.999000
785.585000
774.887000
787.484000
770.640000
769.989000
778.193000
794.061000
759.593000
796.135000
779.743000
792.860000
779.504000
761.987000
767.531000
779.401000
806.335000
771.022000
778.216000
784.439000
774.414000
781.441000
779.797000
777.840000
769.725000
758.559000
772.707000
795.912000
793.720000
800.482000
783.433000
789.153000
795.116000
790.544000
783.031000
786.495000
784.941000
786.734000
794.701000
786.505000
769.221000
765.840000
766.410000
775.462000
786.044000
770.787000
768.365000
755.652000
770.458000
782.847000
770.993000
772.860000
785.455000
781.868000
772.948000
774.049000
768.685000
781.284000
771.996000
782.536000
772.061000
776.699000
776.272000
767.479000
763.902000
762.545000
777.232000
771.769000
758.503000
766.574000
801.771000
778.414000
767.986000
766.904000
772.198000
780.036000
766.954000
768.092000
793.354000
774.544000
779.901000
774.054000
789.028000
776.165000
794.634000
758.206000
770.880000
761.929000
781.191000
766.006000
777.961000
775.290000
785.346000
787.275000
788.693000
788.979000
797.521000
809.468000
770.408000
779.271000
776.584000
781.808000
790.009000
758.713000
787.443000
777.082000
775.621000
761.614000
775.978000
776.927000
772.069000
784.499000
777.123000
778.512000
773.170000
769.528000
775.378000
778.223000
791.110000
780.034000
759.859000
761.663000
768.811000
774.389000
767.166000
761.978000
780.552000
781.780000
767.465000
775.791000
765.056000
794.102000
790.781000
770.366000
768.635000
784.036000
781.194000
764.912000
769.143000
788.759000
769.899000
766.317000
760.466000
759.133000
760.972000
758.160000
778.690000
764.352000
759.552000
763.471000
769.320000
773.177000
777.162000
777.729000
770.994000
779.218000
771.727000
779.366000
783.807000
774.326000
769.582000
799.317000
768.686000
783.922000
775.889000
769.774000
767.287000
779.569000
770.931000
767.127000
781.645000
803.734000
787.348000
780.013000
770.059000
786.320000
797.673000
780.668000
785.115000
780.387000
794.409000
772.932000
769.887000
763.506000
771.284000
775.249000
769.797000
778.492000
765.906000
777.782000
765.208000
787.440000
776.890000
776.737000
777.435000
780.607000
780.633000
764.842000
766.539000
788.234000
785.071000
784.959000
786.408000
790.462000
791.390000
782.130000
781.498000
788.822000
786.582000
789.404000
795.213000
787.076000
785.782000
778.996000
764.610000
766.702000
775.356000
775.261000
769.189000
792.391000
785.080000
767.240000
751.031000
766.661000
768.672000
763.988000
772.077000
769.858000
761.457000
761.186000
771.671000
759.552000
773.303000
780.146000
780.753000
779.469000
775.802000
781.174000
787.906000
779.873000
760.144000
772.870000
777.774000
790.691000
786.173000
761.479000
784.900000
763.652000
765.654000
762.864000
762.515000
752.062000
785.280000
787.188000
777.017000
774.284000
765.662000
777.743000
776.206000
789.013000
787.701000
771.387000
783.835000
781.070000
771.030000
780.053000
768.460000
764.563000
773.814000
753.311000
785.107000
776.763000
762.768000
759.991000
761.672000
773.019000
778.624000
754.855000
765.943000
784.471000
776.904000
762.865000
774.268000
749.894000
771.071000
755.797000
773.756000
776.985000
755.983000
753.962000
769.248000
759.146000
770.327000
762.298000
758.278000
776.036000
764.955000
766.232000
767.551000
765.903000
772.213000
785.436000
773.047000
774.097000
773.114000
788.941000
764.991000
786.357000
794.764000
779.766000
773.516000
779.203000
784.006000
784.506000
804.066000
776.934000
780.960000
787.480000
769.222000
763.687000
776.418000
760.399000
766.495000
755.713000
755.280000
766.476000
780.692000
756.726000
762.146000
772.602000
779.626000
772.135000
777.777000
771.513000
780.974000
785.430000
771.038000
773.816000
766.975000
764.904000
767.214000
782.313000
779.220000
762.939000
763.488000
771.555000
773.489000
778.247000
776.256000
776.187000
767.270000
765.275000
770.387000
779.841000
764.461000
771.183000
749.253000
771.442000
760.250000
775.489000
756.326000
753.266000
770.062000
763.896000
774.399000
766.599000
783.265000
780.263000
778.739000
763.185000
781.114000
757.745000
754.940000
764.284000
757.867000
761.906000
767.752000
772.505000
776.817000
775.035000
790.536000
777.188000
771.081000
787.173000
775.132000
777.086000
756.330000
784.789000
778.615000
765.864000
785.101000
764.155000
765.768000
774.880000
777.171000
767.165000
779.278000
761.744000
758.563000
766.892000
781.706000
775.375000
752.442000
777.480000
758.155000
757.111000
765.122000
776.984000
789.394000
800.968000
779.667000
771.233000
781.660000
781.830000
777.821000
769.273000
815.111000
793.643000
782.461000
775.598000
784.895000
777.553000
786.207000
787.462000
755.912000
766.831000
766.139000
794.118000
795.897000
784.329000
782.208000
783.936000
775.269000
769.713000
771.887000
776.321000
779.887000
784.442000
771.934000
773.586000
771.056000
772.553000
783.070000
780.442000
766.039000
761.668000
770.924000
755.381000
772.205000
749.773000
763.533000
770.586000
763.285000
753.195000
767.789000
766.554000
768.056000
750.090000
755.710000
759.947000
758.048000
766.208000
765.792000
767.915000
788.692000
753.305000
761.094000
757.930000
775.022000
759.405000
753.100000
763.935000
775.317000
776.281000
754.527000
770.851000
769.782000
768.313000
761.536000
759.473000
757.662000
784.347000
780.725000
769.816000
755.236000
775.198000
766.419000
771.874000
765.129000
802.542000
767.741000
779.213000
775.731000
776.568000
774.652000
776.737000
756.508000
768.725000
771.476000
757.706000
775.423000
780.499000
761.966000
772.970000
769.167000
772.400000
775.924000
763.118000
752.666000
755.611000
758.344000
760.963000
777.291000
768.836000
773.484000
773.636000
773.824000
767.617000
771.971000
782.000000
800.228000
775.080000
782.716000
783.719000
766.700000
780.212000
751.000000
773.514000
753.216000
763.947000
761.392000
766.844000
762.934000
766.845000
756.029000
761.806000
778.180000
772.061000
785.750000
753.704000
754.281000
796.768000
769.194000
763.035000
744.234000
769.144000
778.660000
758.223000
746.798000
754.827000
763.758000
771.772000
749.364000
766.250000
776.445000
759.620000
741.654000
753.841000
753.872000
767.897000
741.224000
778.480000
788.495000
760.682000
758.265000
761.578000
758.341000
762.085000
755.944000
760.539000
762.947000
756.543000
769.275000
775.905000
765.115000
765.813000
749.144000
760.925000
777.732000
757.146000
793.004000
767.473000
780.708000
779.164000
791.161000
775.781000
776.566000
778.922000
787.477000
762.404000
763.583000
771.258000
767.723000
767.561000
767.036000
774.135000
772.600000
770.740000
795.950000
776.362000
781.218000
772.216000
783.411000
787.556000
756.214000
761.850000
754.855000
757.934000
762.935000
768.626000
754.022000
790.921000
755.470000
757.015000
757.007000
774.063000
759.389000
789.605000
779.426000
796.294000
788.139000
781.453000
775.426000
765.944000
772.449000
767.683000
771.550000
772.334000
776.942000
782.157000
772.237000
761.908000
760.376000
775.492000
763.062000
752.257000
756.406000
770.566000
754.015000
780.950000
775.056000
755.531000
757.023000
748.433000
754.955000
766.017000
778.875000
760.564000
755.275000
747.789000
759.614000
741.697000
764.277000
763.938000
769.026000
756.998000
774.949000
761.227000
756.218000
769.669000
779.054000
769.231000
777.391000
769.841000
752.188000
777.758000
784.526000
780.280000
759.264000
773.212000
795.261000
758.784000
774.442000
762.635000
766.265000
761.110000
783.732000
769.013000
767.262000
766.830000
763.707000
758.062000
774.455000
761.649000
761.014000
759.856000
756.667000
772.834000
749.137000
770.028000
755.588000
757.063000
764.242000
766.676000
752.601000
767.427000
758.052000
763.157000
776.080000
783.419000
774.042000
754.955000
763.001000
774.482000
767.696000
758.413000
765.165000
760.808000
769.210000
764.821000
786.406000
753.473000
761.915000
755.825000
781.668000
772.938000
765.435000
763.049000
772.935000
774.546000
767.393000
761.247000
764.344000
771.932000
765.148000
760.199000
776.993000
777.987000
788.409000
763.626000
774.816000
782.436000
771.957000
775.047000
763.291000
770.853000
758.819000
777.082000
758.839000
765.884000
773.335000
774.610000
746.854000
755.340000
796.309000
774.590000
758.277000
775.994000
776.281000
768.025000
768.316000
784.261000
770.448000
778.827000
774.685000
766.415000
775.065000
765.968000
783.863000
747.957000
777.776000
756.310000
769.677000
756.434000
793.454000
767.475000
755.712000
745.661000
769.026000
777.617000
775.944000
757.142000
756.434000
775.402000
781.235000
775.656000
782.454000
774.800000
763.893000
759.684000
761.350000
766.036000
779.614000
774.407000
758.819000
768.006000
769.052000
778.701000
769.454000
757.766000
770.079000
770.017000
790.793000
781.393000
773.389000
772.219000
761.405000
776.731000
755.464000
766.977000
763.210000
770.330000
763.903000
770.306000
759.924000
769.972000
775.689000
793.568000
767.574000
769.283000
769.680000
760.628000
766.640000
759.134000
801.895000
761.103000
784.357000
761.355000
780.048000
785.862000
759.318000
775.898000
767.112000
781.671000
771.272000
763.627000
781.843000
764.812000
779.373000
766.606000
768.008000
796.238000
824.887000
806.489000
770.354000
773.845000
767.470000
781.800000
773.648000
778.573000
772.898000
772.105000
763.823000
780.602000
772.325000
782.233000
754.833000
746.873000
756.119000
763.683000
756.799000
755.176000
769.128000
756.801000
778.306000
764.410000
767.516000
759.297000
768.993000
748.816000
766.089000
755.801000
765.876000
772.724000
769.546000
768.088000
776.693000
756.428000
769.230000
760.313000
759.837000
757.374000
756.265000
771.720000
801.418000
770.292000
755.758000
786.464000
759.447000
749.572000
753.654000
771.852000
767.973000
760.340000
775.166000
759.851000
789.449000
773.639000
780.540000
777.388000
777.342000
783.787000
779.566000
762.081000
764.304000
781.806000
764.015000
777.008000
749.489000
767.750000
744.642000
771.962000
752.744000
765.796000
744.225000
766.358000
753.377000
767.474000
769.142000
773.896000
778.537000
792.811000
768.589000
762.621000
769.486000
787.704000
771.831000
766.294000
751.428000
754.187000
773.346000
763.677000
774.452000
787.991000
770.834000
756.017000
750.733000
749.702000
759.881000
755.409000
776.341000
762.643000
775.255000
760.771000
784.585000
762.633000
761.807000
764.890000
766.198000
775.873000
773.393000
757.208000
767.699000
767.676000
763.032000
758.138000
774.877000
752.925000
754.035000
775.548000
774.593000
764.888000
796.026000
774.448000
772.618000
777.396000
777.756000
771715.934000
