796.134000
778.168000
785.945000
778.186000
771.208000
757.316000
761.873000
762.349000
758.661000
758.708000
764.313000
756.521000
773.519000
769.458000
777.727000
767.429000
777.947000
751.488000
761.273000
757.035000
772.708000
757.125000
761.070000
757.151000
773.032000
754.427000
767.684000
749.798000
773.525000
761.670000
769.434000
763.765000
766.602000
785.373000
784.874000
786.448000
754.268000
782.631000
760.039000
770.788000
760.150000
758.931000
790.633000
760.030000
765.614000
756.429000
772.499000
765.752000
763.317000
773.196000
781.878000
765.607000
769.106000
773.314000
772.741000
768.540000
762.232000
760.635000
760.302000
763.533000
777.562000
758.003000
757.132000
772.322000
761.826000
756.897000
761.873000
770.603000
757.575000
747.325000
773.716000
775.268000
771.226000
749.078000
771.978000
780.788000
780.066000
756.871000
800.375000
777.358000
787.762000
772.226000
760.663000
772.279000
783.579000
770.874000
745.540000
764.824000
767.491000
787.134000
767.881000
782.792000
762.018000
759.095000
754.439000
758.658000
755.952000
779.602000
761.911000
775.111000
762.183000
760.558000
768.516000
762.603000
771.864000
776.272000
773.962000
769.702000
766.594000
774.413000
784.847000
775.564000
759.020000
762.981000
759.093000
772.468000
775.427000
785.901000
773.882000
761.775000
762.092000
773.970000
760.035000
747.594000
780.313000
765.916000
764.053000
746.656000
770.010000
780.545000
781.485000
762.495000
776.071000
769.542000
777.390000
759.368000
761.225000
764.621000
771.206000
761.935000
767.670000
768.815000
773.647000
766.526000
756.437000
767.221000
765.862000
767.885000
759.650000
777.892000
764.381000
776.827000
765.391000
762.389000
772.850000
774.136000
768.599000
792.056000
787.199000
791.556000
776.082000
785.994000
780.220000
781.123000
774.280000
783.991000
768.077000
774.061000
768.770000
779.226000
776.844000
768.692000
771.677000
748.259000
773.364000
767.917000
774.636000
770.430000
777.530000
773.542000
775.257000
762.652000
762.896000
775.490000
765.207000
752.150000
751.857000
770.059000
805.865000
761.375000
758.563000
764.506000
769.894000
767.922000
756.756000
772.853000
767.803000
762.375000
785.521000
761.456000
780.393000
766.867000
777.103000
782.149000
777.140000
786.200000
760.602000
771.067000
777.159000
783.646000
771.327000
791.515000
774.460000
792.662000
771.722000
771.489000
774.730000
760.813000
760.904000
768.669000
762.578000
758.434000
767.332000
765.910000
782.539000
772.141000
762.131000
774.790000
758.142000
760.764000
768.115000
768.101000
766.292000
772.357000
761.911000
754.012000
762.272000
762.465000
771.898000
765.071000
783.548000
791.021000
789.066000
773.065000
760.720000
783.809000
779.886000
786.499000
755.399000
760.080000
764.041000
764.620000
754.794000
759.155000
755.374000
757.540000
765.778000
761.536000
767.031000
766.589000
748.892000
766.619000
778.529000
783.517000
751.827000
761.983000
779.007000
766.938000
792.134000
791.372000
791.473000
779.775000
781.752000
768.526000
783.134000
776.616000
784.180000
778.182000
778.128000
784.855000
797.405000
804.421000
757.867000
773.879000
763.439000
775.861000
768.941000
775.856000
766.612000
762.113000
755.413000
757.033000
769.036000
773.291000
758.737000
775.531000
775.108000
773.945000
781.487000
764.703000
768.270000
755.562000
767.021000
768.451000
756.330000
767.875000
761.497000
777.415000
771.629000
779.681000
786.685000
769.861000
774.194000
772.038000
779.886000
766.745000
779.237000
769.119000
771.153000
758.505000
789.510000
757.846000
764.320000
760.522000
779.918000
778.169000
757.883000
770.890000
780.908000
760.581000
753.191000
761.244000
763.917000
775.294000
757.282000
762.568000
773.839000
772.039000
756.421000
768.684000
755.248000
771.530000
771.621000
765.768000
778.567000
760.514000
759.741000
764.022000
768.200000
774.264000
793.260000
792.304000
768.508000
789.284000
779.745000
787.453000
769.310000
754.209000
756.272000
758.225000
754.795000
789.028000
772.553000
768.874000
765.320000
761.723000
792.454000
794.603000
774.144000
771.672000
763.411000
756.950000
768.097000
763.825000
770.223000
768.634000
766.866000
759.129000
779.121000
769.401000
761.960000
766.509000
770.764000
763.507000
765.014000
764.699000
761.948000
776.717000
785.072000
767.143000
758.255000
763.266000
768.916000
758.440000
759.797000
776.337000
763.562000
767.160000
767.265000
763.133000
763.863000
777.450000
799.974000
790.643000
774.683000
769.072000
755.754000
770.218000
777.713000
756.096000
767.086000
795.817000
791.848000
785.973000
781.390000
783.026000
776.033000
779.792000
767.264000
762.728000
779.107000
783.856000
778.472000
772.540000
770.130000
760.277000
759.846000
758.839000
769.340000
768.861000
771.484000
776.220000
765.395000
769.506000
754.262000
768.140000
775.342000
768.782000
763.543000
758.294000
763.488000
766.457000
778.563000
787.562000
758.492000
780.333000
769.242000
770.741000
769.760000
792.920000
774.020000
781.501000
768.048000
769.404000
774.661000
769.686000
778.025000
763.525000
772.143000
766.888000
775.188000
762.279000
773.883000
774.984000
776.631000
773.636000
771.324000
772.161000
779.933000
769.650000
770.056000
787.057000
774.750000
767.701000
763.025000
762.924000
759.439000
758.474000
754.058000
772.436000
772.212000
763.395000
759.209000
799.864000
789.566000
763.139000
762.123000
756.916000
765.033000
762.510000
762.751000
792.767000
777.747000
768.648000
756.826000
765.025000
777.211000
765.794000
760.020000
764.008000
754.378000
763.452000
762.919000
766.786000
754.436000
759.270000
753.330000
764.523000
770.844000
777.686000
767.542000
765.035000
753.231000
757.308000
762.996000
775.801000
789.144000
781.354000
784.698000
776.026000
775.507000
785.376000
786.435000
796.436000
786.373000
795.074000
781.552000
784.173000
772.243000
765.851000
797.930000
776.654000
800.191000
775.733000
793.646000
761.868000
766.212000
768.085000
759.188000
761.327000
751.527000
760.978000
765.141000
775.960000
769.748000
763.737000
763.442000
780.988000
767.633000
757.463000
765.132000
779.342000
769.041000
761.898000
758.733000
760.262000
761.629000
754.492000
777.469000
766.112000
798.583000
765.416000
785.319000
779.339000
765.535000
770.349000
789.108000
769.407000
777.569000
795.867000
762.627000
769.081000
770.679000
791.437000
746.850000
760.404000
765.662000
778.871000
761.750000
753.673000
770.524000
788.096000
764.950000
768.364000
762.336000
783.552000
779.019000
771.527000
773.032000
767.755000
759.098000
765.432000
765.238000
778.444000
763.718000
784.830000
769.262000
768.871000
767.489000
765.531000
763.844000
794.347000
764.493000
769.119000
771.457000
765.823000
783.720000
768.821000
784.401000
775.615000
782.761000
775.580000
794.115000
787.199000
771.904000
784.162000
771.691000
764.047000
759.546000
778.116000
779.718000
790.969000
785.100000
785.682000
771.479000
776.567000
782.417000
773.881000
771.881000
771.218000
777.927000
788.958000
789.439000
766.110000
764.736000
770.331000
774.347000
764.690000
772.781000
767.499000
763.628000
749.765000
772.540000
771.182000
768.730000
758.236000
766.653000
792.965000
786.967000
776.607000
768.269000
768.109000
760.897000
779.091000
764.461000
771.402000
765.288000
766.931000
759.519000
765.767000
777.300000
765.893000
753.753000
782.203000
784.101000
762.848000
754.298000
754.371000
769.752000
771.414000
765.423000
829.144000
779.786000
784.340000
782.673000
780.283000
802.105000
786.509000
777.555000
779.673000
784.100000
777.230000
780.554000
780.115000
791.384000
764.871000
773.528000
791.853000
765.365000
773.702000
764.000000
774.515000
785.839000
777.124000
779.494000
771.873000
771.463000
774.362000
775.019000
768.262000
761.330000
784.909000
767.329000
752.332000
756.329000
761.077000
766.134000
759.416000
769.579000
761.642000
760.595000
757.273000
777.777000
781.149000
790.047000
765.040000
780.974000
779.400000
778.632000
762.777000
767.214000
755.842000
776.754000
789.957000
771.301000
775.621000
786.541000
776.036000
775.307000
789.642000
769.515000
774.109000
779.490000
775.506000
784.490000
778.500000
798.504000
790.574000
758.551000
770.607000
769.171000
782.954000
803.413000
786.004000
772.956000
793.278000
777.104000
767.836000
781.075000
787.509000
779.745000
765.234000
796.559000
770.959000
780.880000
774.006000
764.124000
773.392000
774.951000
780.787000
757.634000
770.428000
776.974000
770.589000
773.221000
770.565000
780.916000
780.613000
780.782000
785.842000
782.616000
776.506000
781.580000
775.700000
778.670000
775.781000
793.959000
783.063000
775.413000
775.051000
782.695000
779.269000
775.297000
762.979000
784.250000
776.230000
787.935000
773.696000
766.507000
767.224000
769.633000
778.488000
784.447000
789.254000
772.863000
779.203000
773.312000
780.473000
771.705000
772.977000
779.725000
775.814000
780.016000
782.721000
788.838000
776.386000
793.337000
783.040000
786.079000
784.212000
798.096000
787.347000
763.931000
773.873000
762.996000
770.630000
766.040000
802.907000
765.293000
773.590000
770.662000
775.951000
781.512000
769.671000
760.473000
768.751000
766.574000
773.358000
777.842000
778.512000
792.080000
790.913000
784.878000
800.405000
791.332000
783.086000
778.807000
770.592000
779.039000
785.651000
790.239000
785.434000
781.623000
783.278000
791.812000
790.250000
773.941000
782.277000
782.380000
790.316000
808.334000
778.880000
783.762000
795.900000
795.819000
783.919000
784.816000
794.743000
792.074000
795.631000
763.618000
772.715000
775.010000
764.752000
768.963000
757.900000
771.627000
763.879000
765.439000
756.910000
763.538000
768.083000
755.835000
769.276000
775.560000
771.208000
762.602000
767.692000
778.720000
837.824000
833.748000
838.148000
833.050000
829.394000
828.497000
798.623000
802.881000
817.727000
794.785000
800.318000
805.209000
788.028000
797.639000
810.182000
794.272000
815.553000
790.858000
802.193000
793.864000
797.617000
790.701000
786.236000
801.642000
789.686000
800.776000
787.748000
803.082000
801.017000
798.318000
797.449000
788.814000
764.816000
767.006000
777.103000
776.502000
767.501000
768.567000
768.231000
754.965000
779.504000
789.544000
773.909000
750.006000
766.757000
769.444000
764.442000
755.812000
772.331000
768.100000
779.041000
796.045000
774.054000
792.149000
781.626000
794.350000
777.830000
786.042000
788.373000
792.587000
784.684000
800.260000
783.447000
777.484000
797.674000
769.856000
766.696000
766.408000
766.122000
771.452000
760.527000
765.848000
766.591000
769.259000
768.530000
795.427000
774.435000
768.059000
765.110000
789.173000
777.023000
769.708000
770.689000
770.523000
781.336000
780.795000
768.158000
770.242000
775.992000
767.748000
772.360000
772.925000
774.629000
768.320000
777.767000
788.573000
763.058000
776.214000
783.221000
784.283000
796.742000
779.644000
791.659000
785.035000
787.093000
785.306000
779.306000
779.125000
771.371000
771.933000
764.926000
771.833000
759.272000
772.310000
763.603000
766.692000
764.174000
773.201000
772.023000
773.639000
762.712000
773384.637000
