743.572000
727.349000
740.636000
737.378000
747.702000
729.280000
738.287000
759.828000
741.262000
731.875000
742.832000
745.213000
743.005000
736.651000
740.391000
760.620000
762.079000
735.208000
751.516000
734.949000
739.403000
741.359000
738.886000
746.764000
759.246000
748.127000
751.571000
773.552000
782.550000
741.579000
757.179000
761.781000
754.952000
787.168000
743.550000
757.880000
777.892000
756.366000
756.855000
760.831000
758.081000
733.046000
751.266000
748.227000
754.505000
739.781000
754.843000
747.054000
751.086000
730.082000
745.421000
744.559000
738.963000
740.889000
747.457000
746.771000
747.892000
732.581000
769.588000
755.998000
751.062000
734.525000
734.909000
741.601000
728.320000
742.756000
768.378000
781.823000
747.134000
750.674000
764.574000
736.508000
754.729000
737.314000
738.096000
739.856000
745.862000
761.212000
753.620000
738.752000
751.510000
755.704000
763.692000
765.722000
756.083000
756.875000
764.347000
760.797000
761.110000
767.110000
766.688000
755.422000
748.688000
750.752000
748.874000
742.809000
755.283000
758.509000
766.256000
751.817000
760.076000
752.966000
745.726000
757.136000
755.694000
759.012000
750.821000
755.101000
762.268000
765.613000
757.097000
772.563000
750.231000
748.183000
738.332000
739.213000
752.218000
760.616000
750.844000
771.658000
755.627000
746.595000
749.528000
769.456000
752.323000
761.620000
750.206000
771.079000
765.793000
746.728000
730.288000
730.169000
746.005000
741.052000
739.702000
758.414000
753.997000
760.912000
767.105000
749.763000
748.723000
765.529000
744.119000
743.985000
749.218000
743.699000
749.269000
750.447000
760.755000
756.733000
733.353000
750.385000
749.142000
763.120000
740.501000
743.938000
770.728000
746.713000
743.021000
748.552000
756.239000
780.885000
737.243000
758.475000
745.645000
762.297000
735.964000
751.085000
747.892000
747.311000
730.034000
755.004000
747.866000
769.562000
746.494000
741.123000
761.615000
743.719000
751.134000
756.021000
749.916000
749.657000
744.809000
751.564000
751.289000
744.390000
770.571000
760.887000
768.375000
756.398000
764.687000
760.088000
780.511000
766.343000
759.266000
766.729000
759.153000
746.347000
757.249000
753.123000
752.421000
737.020000
747.312000
810.378000
756.213000
757.583000
776.095000
766.136000
769.958000
751.351000
754.909000
761.760000
753.453000
765.692000
758.431000
761.398000
768.677000
733.965000
758.708000
739.597000
744.443000
734.063000
752.717000
748.220000
746.085000
744.700000
756.564000
748.127000
738.969000
740.898000
755.934000
752.932000
737.878000
742.265000
742.163000
743.328000
748.154000
781.007000
763.267000
758.817000
742.437000
751.558000
757.219000
759.200000
745.146000
779.441000
756.290000
754.599000
748.924000
768.575000
755.391000
753.487000
742.094000
757.514000
752.033000
757.612000
753.740000
768.460000
779.766000
758.623000
747.760000
755.107000
770.650000
769.595000
753.651000
774.630000
767.794000
758.617000
757.118000
750.999000
764.217000
774.873000
770.100000
759.069000
753.246000
747.856000
755.276000
749.444000
746.092000
763.425000
737.168000
752.565000
758.827000
746.891000
743.915000
745.597000
769.755000
740.873000
746.489000
757.150000
738.645000
741.471000
742.541000
737.504000
757.222000
749.610000
771.199000
754.421000
778.707000
765.662000
751.185000
756.079000
772.055000
754.975000
765.218000
764.332000
779.950000
763.470000
773.246000
758.875000
745.901000
738.493000
741.057000
759.098000
743.896000
745.298000
764.804000
751.586000
742.790000
741.927000
754.067000
757.005000
759.162000
751.335000
758.144000
748.260000
752.145000
762.486000
772.599000
768.617000
740.623000
747.018000
777.242000
749.834000
752.711000
767.538000
757.382000
749.856000
738.365000
744.362000
755.189000
781.750000
745.165000
737.130000
750.063000
769.731000
747.854000
747.805000
743.117000
753.081000
763.249000
755.236000
766.918000
760.554000
752.801000
763.908000
754.786000
750.123000
787.102000
750.352000
761.071000
768.164000
783.108000
757.138000
789.308000
779.657000
760.469000
734.161000
749.019000
749.499000
770.183000
741.434000
761.078000
760.427000
752.737000
751.094000
757.661000
752.662000
772.265000
734.489000
739.657000
748.778000
745.013000
737.801000
753.758000
748.474000
744.305000
752.010000
744.931000
740.053000
747.597000
741.292000
757.512000
754.879000
739.459000
744.524000
762.948000
755.147000
744.826000
741.948000
757.271000
779.645000
761.651000
757.233000
772.757000
755.168000
755.542000
760.265000
755.849000
763.709000
769.103000
792.333000
754.869000
759.358000
754.806000
778.011000
748.282000
749.578000
760.335000
748.072000
745.279000
748.979000
743.317000
749.267000
759.871000
750.356000
743.489000
759.198000
749.566000
748.509000
747.779000
766.357000
752.059000
735.277000
747.154000
759.700000
760.402000
753.386000
766.875000
764.729000
756.158000
753.889000
756.303000
767.114000
785.828000
751.728000
761.714000
754.366000
752.134000
742.150000
747.409000
778.652000
770.772000
782.886000
756.261000
771.244000
762.553000
743.676000
771.508000
763.189000
751.883000
742.063000
752.030000
756.923000
768.397000
748.970000
754.295000
758.021000
772.473000
753.165000
751.588000
756.332000
752.476000
751.718000
762.490000
772.394000
753.323000
748.293000
756.646000
761.647000
781.132000
778.132000
793.480000
782.029000
770.158000
776.609000
781.221000
788.048000
782.635000
784.932000
776.024000
776.634000
778.594000
782.321000
791.970000
782.947000
755.264000
766.628000
768.970000
739.747000
745.766000
741.221000
737.611000
755.755000
737.763000
740.608000
735.782000
774.129000
756.395000
769.619000
757.134000
765.032000
758.251000
759.917000
761.423000
766.955000
761.139000
770.019000
767.538000
782.771000
768.707000
749.333000
770.144000
776.078000
764.646000
757.402000
756.786000
758.161000
764.375000
753.263000
756.244000
771.161000
753.092000
757.784000
754.295000
760.682000
779.625000
756.991000
759.253000
771.777000
758.411000
752.678000
749.670000
764.232000
763.082000
766.533000
745.621000
767.798000
762.716000
758.454000
736.554000
742.938000
759.022000
754.788000
732.183000
747.860000
749.935000
761.634000
740.696000
758.183000
744.168000
758.406000
744.854000
768.400000
749.418000
760.182000
742.848000
758.999000
764.025000
764.845000
750.708000
764.915000
768.510000
774.091000
746.921000
752.543000
751.136000
750.044000
753.247000
766.189000
741.313000
779.727000
745.418000
746.840000
739.441000
756.393000
738.012000
757.208000
761.494000
744.640000
754.623000
741.481000
747.480000
762.757000
746.989000
760.557000
767.056000
748.147000
764.391000
755.464000
750.490000
759.000000
758.621000
749.825000
753.670000
744.581000
743.887000
738.427000
743.971000
747.888000
757.529000
744.655000
781.010000
790.950000
773.158000
761.245000
766.366000
759.393000
786.162000
774.989000
779.747000
757.726000
768.221000
759.120000
756.457000
750.303000
789.766000
761.072000
742.737000
737.011000
746.886000
748.654000
739.352000
737.870000
753.663000
743.419000
746.183000
746.894000
755.685000
746.313000
734.616000
738.101000
751.435000
748.085000
743.124000
759.176000
750.940000
739.109000
734.533000
745.488000
755.906000
740.733000
740.546000
763.973000
778.517000
751.276000
744.353000
761.421000
771.159000
756.823000
739.273000
773.334000
783.061000
763.040000
743.182000
746.815000
753.825000
766.550000
738.417000
749.861000
748.488000
742.052000
733.260000
758.577000
761.874000
752.265000
735.872000
751.338000
748.365000
766.948000
748.660000
753.234000
765.355000
743.978000
741.882000
743.020000
760.025000
758.456000
753.113000
751.436000
745.363000
735.487000
748.594000
747.255000
750.686000
739.686000
744.346000
748.190000
752.853000
739.400000
745.124000
752.956000
758.308000
741.536000
761.359000
752.756000
741.441000
758.836000
744.422000
759.126000
745.462000
742.595000
737.860000
745.993000
768.600000
755.031000
755.293000
757.092000
764.845000
761.860000
752.419000
764.740000
760.419000
771.284000
754.450000
763.167000
757.447000
763.685000
763.816000
775.130000
753.739000
763.210000
771.617000
760.448000
745.484000
754.346000
757.801000
772.186000
762.948000
781.405000
750.469000
743.611000
744.883000
763.573000
771.252000
742.993000
749.136000
767.411000
768.343000
747.284000
737.291000
740.700000
748.893000
747.405000
746.017000
765.381000
754.367000
744.909000
761.712000
755.196000
743.034000
771.737000
758.516000
768.045000
765.935000
752.908000
757.693000
750.307000
766.867000
747.585000
731.084000
755.686000
782.545000
773.703000
749.715000
763.474000
756.857000
769.986000
750.516000
750.619000
747.797000
738.616000
744.343000
755.115000
760.213000
740.708000
768.302000
749.534000
749.403000
745.936000
751.737000
741.988000
748.907000
745.625000
738.876000
756.148000
747.602000
753.078000
751.863000
740.371000
758.548000
742.703000
730.472000
738.391000
752.917000
745.006000
743.019000
766.917000
750.888000
750.908000
743.430000
745.192000
769.217000
768.900000
742.864000
744.728000
753.117000
754.690000
754.706000
752.741000
757.134000
789.863000
766.008000
753.556000
753.684000
761.123000
750.809000
769.661000
769.348000
778.740000
759.896000
771.771000
765.272000
767.834000
762.161000
753.020000
744.851000
758.438000
779.397000
757.818000
753.663000
776.014000
758.197000
746.089000
766.214000
749.485000
766.190000
746.412000
747.575000
750.354000
746.716000
756.808000
750.614000
763.435000
755.347000
742.493000
753.206000
779.022000
758.897000
759.438000
750.961000
768.171000
773.175000
773.969000
740.032000
759.422000
763.562000
755.042000
749.716000
766.288000
755.721000
758.874000
738.277000
750.508000
755.884000
756.944000
731.710000
763.534000
754.170000
760.343000
731.232000
755.651000
758.602000
744.218000
731.382000
752.188000
747.697000
754.748000
747.779000
755.257000
749.027000
742.227000
747.184000
743.515000
741.813000
739.220000
740.213000
765.940000
748.368000
746.549000
735.920000
760.365000
739.385000
738.998000
749.162000
756.180000
753.626000
752.559000
738.023000
756.909000
742.948000
746.679000
749.510000
759.530000
751.395000
757.750000
741.553000
747.784000
735.273000
749.134000
749.651000
755.091000
741.019000
746.308000
740.261000
738.657000
745.659000
751.062000
758.262000
744.201000
738.499000
737.065000
747.213000
737.772000
775.283000
755.650000
755.298000
755.422000
751.967000
771.690000
760.656000
773.614000
766.593000
754.418000
746.966000
744.640000
776.437000
754.402000
745.410000
742.784000
764.708000
761.755000
760.458000
751.965000
782.685000
740.620000
741.953000
747.526000
743.237000
741.268000
741.904000
734.730000
749.301000
747.710000
732.489000
745.192000
752.963000
752.468000
730.827000
733.761000
734.242000
750.437000
743.182000
755.447000
742.086000
739.110000
737.109000
756.202000
747.169000
748.132000
753.808000
763.741000
744.864000
753.073000
741.273000
769.123000
752.408000
745.176000
749.972000
761.212000
753.772000
749.690000
748.388000
752.425000
752.562000
747.647000
779.825000
758.608000
750.605000
751.268000
754486.859000
