771.423000
748.581000
753.471000
759.729000
743.283000
755.870000
753.982000
758.645000
747.622000
755.132000
788.769000
763.117000
753.209000
770.371000
766.438000
774.805000
767.901000
777.224000
785.710000
775.367000
761.351000
757.098000
764.211000
775.451000
780.078000
764.026000
755.452000
756.681000
757.914000
762.106000
760.869000
762.030000
752.074000
763.774000
759.505000
760.186000
784.808000
777.304000
753.112000
773.104000
760.894000
759.216000
761.324000
758.304000
763.408000
754.865000
750.411000
756.511000
774.144000
768.178000
778.508000
779.537000
775.620000
770.226000
774.717000
771.597000
775.893000
770.760000
814.665000
780.424000
775.661000
776.470000
775.135000
785.563000
787.898000
775.204000
761.811000
780.123000
771.723000
774.928000
764.901000
775.736000
772.244000
763.482000
764.651000
760.800000
766.746000
754.665000
776.712000
760.872000
760.215000
764.636000
743.093000
753.765000
761.727000
750.307000
739.377000
751.545000
763.561000
776.085000
748.063000
761.955000
777.827000
766.596000
752.712000
762.647000
766.420000
761.629000
753.458000
775.306000
781.466000
766.160000
749.847000
757.192000
759.024000
763.253000
772.457000
755.730000
754.543000
760.714000
756.973000
745.834000
761.885000
768.666000
759.125000
760.829000
770.955000
786.997000
784.695000
768.873000
785.332000
786.234000
788.958000
771.575000
772.855000
759.552000
773.182000
761.150000
762.186000
763.447000
794.736000
774.543000
786.629000
775.115000
768.231000
774.939000
767.925000
775.073000
777.482000
782.351000
773.081000
775.444000
773.290000
791.143000
766.567000
777.581000
764.784000
783.358000
766.920000
758.328000
759.188000
790.946000
756.434000
776.436000
779.893000
775.180000
788.323000
781.533000
782.549000
769.792000
780.529000
788.024000
782.676000
780.224000
771.257000
780.893000
803.592000
795.516000
764.167000
774.365000
761.051000
768.671000
759.715000
771.822000
768.760000
776.944000
777.746000
761.604000
758.286000
774.029000
775.240000
762.268000
758.557000
762.291000
761.189000
767.898000
752.610000
762.631000
764.318000
771.289000
746.749000
760.106000
756.256000
776.430000
746.515000
759.383000
768.663000
769.459000
766.158000
776.495000
771.630000
765.257000
761.955000
765.288000
753.526000
775.900000
777.768000
752.860000
774.095000
765.821000
784.869000
756.750000
773.638000
771.244000
782.670000
782.267000
760.359000
788.417000
791.797000
782.393000
785.636000
784.581000
788.876000
802.892000
779.631000
769.780000
769.751000
775.837000
758.585000
761.973000
775.602000
779.429000
775.878000
784.653000
782.987000
791.676000
780.134000
774.105000
769.942000
772.331000
772.952000
763.092000
761.126000
760.920000
788.524000
770.256000
774.487000
766.703000
779.765000
764.494000
774.845000
781.867000
772.092000
751.088000
774.619000
765.491000
777.994000
765.540000
798.223000
786.907000
779.986000
778.216000
778.834000
795.027000
775.074000
770.772000
763.003000
783.959000
777.929000
773.983000
766.564000
760.195000
776.295000
767.314000
772.707000
779.005000
759.872000
753.503000
770.248000
762.302000
768.809000
752.759000
754.089000
756.538000
761.456000
770.754000
766.716000
767.508000
771.803000
763.885000
766.683000
748.545000
769.971000
764.976000
765.884000
759.049000
775.996000
795.118000
764.146000
755.355000
771.728000
776.361000
768.971000
756.426000
783.704000
756.566000
769.607000
767.672000
758.897000
770.117000
771.434000
760.349000
768.561000
756.188000
775.208000
769.663000
756.425000
771.578000
760.743000
767.897000
753.858000
759.768000
757.253000
770.111000
756.381000
760.330000
761.574000
776.011000
759.763000
762.889000
765.311000
785.786000
754.685000
770.487000
764.655000
765.011000
762.625000
779.192000
778.940000
785.623000
783.376000
777.554000
774.165000
764.442000
758.182000
762.535000
781.084000
764.682000
770.811000
781.726000
773.293000
791.003000
783.474000
789.389000
772.737000
780.379000
767.451000
770.404000
766.146000
758.098000
764.346000
754.067000
758.594000
776.258000
769.504000
769.860000
786.443000
774.821000
776.252000
791.895000
773.447000
776.217000
769.534000
774.196000
772.963000
783.414000
768.991000
767.090000
753.095000
794.295000
768.195000
760.591000
753.103000
774.458000
770.402000
758.699000
751.748000
779.336000
757.286000
753.976000
761.144000
752.012000
787.944000
766.828000
755.727000
754.691000
761.883000
768.321000
761.249000
751.776000
761.956000
781.536000
774.436000
751.761000
773.167000
780.564000
756.875000
752.578000
754.073000
770.440000
781.673000
757.399000
760.453000
777.615000
765.739000
750.954000
744.282000
770.785000
779.648000
766.429000
787.025000
772.612000
777.285000
755.992000
765.938000
762.582000
766.192000
782.910000
777.029000
776.171000
764.055000
763.132000
765.377000
767.947000
776.613000
768.457000
772.708000
767.576000
763.016000
763.806000
766.210000
766.670000
750.990000
762.644000
754.148000
766.572000
755.172000
763.912000
764.602000
765.633000
755.213000
771.636000
770.486000
776.089000
766.211000
761.214000
764.032000
767.462000
765.088000
767.932000
750.970000
787.720000
795.996000
781.118000
780.208000
792.317000
779.954000
777.383000
788.104000
780.091000
795.564000
779.906000
780.660000
766.337000
788.698000
775.848000
775.160000
766.165000
770.344000
778.684000
775.332000
764.011000
764.608000
759.983000
762.171000
773.995000
748.249000
777.587000
764.516000
762.626000
756.260000
761.632000
761.766000
774.691000
754.981000
763.906000
794.183000
765.054000
752.666000
759.266000
761.338000
756.289000
770.464000
764.636000
778.312000
774.236000
777.562000
767.654000
775.972000
777.899000
796.429000
757.604000
756.376000
765.037000
758.489000
771.561000
761.777000
775.126000
767.508000
766.835000
773.499000
785.845000
802.642000
766.989000
774.332000
767.581000
768.494000
769.113000
772.192000
767.868000
782.376000
771.326000
772.438000
761.236000
779.983000
785.196000
757.289000
785.737000
764.777000
766.753000
772.048000
785.264000
780.370000
781.708000
786.342000
788.173000
785.654000
779.928000
780.982000
774.232000
777.230000
779.635000
776.897000
757.080000
764.004000
770.607000
754.118000
789.501000
785.586000
782.429000
788.845000
796.945000
785.556000
795.120000
782.555000
755.918000
758.502000
768.150000
761.478000
762.376000
754.900000
763.520000
759.421000
767.692000
769.582000
773.422000
779.746000
775.683000
762.589000
772.574000
769.118000
769.644000
766.452000
789.367000
790.249000
776.463000
777.165000
784.225000
808.016000
765.919000
762.917000
776.437000
764.592000
758.290000
770.486000
749.913000
776.800000
762.850000
760.775000
764.955000
763.733000
767.407000
775.228000
756.470000
772.914000
784.240000
772.972000
762.654000
765.404000
771.086000
763.764000
751.477000
754.810000
773.554000
769.828000
775.534000
765.392000
767.091000
775.402000
768.098000
769.443000
776.989000
771.058000
775.408000
766.208000
768.480000
764.883000
785.004000
771.834000
764.282000
764.659000
787.752000
792.296000
759.679000
761.257000
771.027000
758.552000
753.627000
785.556000
767.773000
778.664000
766.643000
775.530000
753.708000
759.009000
771.209000
755.401000
766.401000
768.962000
772.269000
758.974000
768.258000
778.626000
759.517000
750.281000
764.243000
768.163000
764.226000
765.943000
777.525000
774.280000
749.312000
763.843000
769.260000
778.729000
775.087000
776.197000
771.382000
770.713000
774.877000
769.970000
770.113000
774.708000
791.141000
761.665000
761.336000
762.267000
783.422000
778.781000
782.726000
767.526000
776.421000
773.640000
768.465000
776.266000
773.781000
772.915000
779.549000
766.198000
769.721000
781.477000
753.181000
772.919000
778.120000
769.787000
757.642000
769.542000
765.377000
762.794000
748.693000
768.076000
792.946000
771.494000
772.617000
765.306000
766.696000
792.593000
754.129000
762.614000
780.033000
771.833000
759.628000
760.142000
792.914000
774.768000
748.272000
769.998000
753.372000
760.175000
763.494000
772.145000
756.838000
765.045000
758.686000
773.813000
764.382000
771.152000
779.218000
770.698000
776.025000
787.530000
768.967000
757.428000
770.668000
752.923000
759.263000
754.684000
774.542000
762.352000
763.918000
778.992000
773.303000
787.621000
786.381000
765.795000
778.227000
767.163000
765.714000
783.426000
764.275000
783.097000
769.509000
759.599000
760.412000
777.211000
791.171000
767.918000
758.588000
772.787000
776.167000
767.868000
764.108000
774.972000
782.692000
772.108000
759.443000
771.665000
765.039000
772.048000
774.782000
780.399000
774.404000
772.568000
770.100000
778.627000
763.940000
765.804000
778.971000
752.187000
779.150000
775.664000
760.468000
766.441000
778.627000
785.821000
789.513000
765.845000
774.889000
784.119000
773.005000
786.390000
765.239000
785.375000
774.832000
780.243000
778.321000
771.243000
784.968000
780.236000
769.561000
760.981000
770.390000
771.450000
772.398000
766.915000
777.760000
779.086000
789.878000
761.050000
765.876000
757.452000
757.971000
756.389000
771.528000
778.621000
762.766000
753.130000
756.108000
768.295000
778.950000
768.395000
774.588000
761.803000
768.119000
780.345000
778.149000
779.892000
764.405000
751.544000
775.597000
775.834000
780.128000
750.759000
769.331000
769.670000
756.591000
780.105000
790.831000
764.519000
761.719000
773.700000
763.518000
790.270000
769.331000
769.556000
756.575000
764.153000
767.009000
757.369000
756.949000
762.498000
768.036000
765.302000
754.038000
755.382000
775.958000
764.836000
768.462000
768.043000
764.921000
768.958000
752.721000
757.121000
781.695000
803.461000
811.196000
779.530000
793.338000
784.447000
788.031000
789.827000
779.042000
771.688000
785.864000
769.501000
795.740000
782.825000
787.928000
792.310000
757.484000
758.574000
758.912000
760.008000
749.836000
770.657000
771.058000
772.773000
763.507000
781.874000
776.822000
766.522000
768.201000
766.347000
771.000000
777.973000
765.839000
778.351000
775.443000
777.607000
783.258000
757.913000
761.461000
769.695000
753.574000
763.779000
764.205000
763.105000
773.905000
784.637000
783.224000
769.303000
760.888000
759.751000
754.168000
762.607000
767.000000
754.230000
764.074000
771.046000
771.563000
782.064000
784.900000
778.047000
782.813000
756.649000
768.500000
762.577000
761.431000
760.438000
755.573000
755.131000
771.882000
753.444000
779.670000
761.134000
771.106000
769.488000
778.407000
770.812000
762.891000
766.039000
770.818000
791.165000
769.342000
759.304000
756.705000
762.447000
758.973000
770.141000
748.686000
772.255000
782.044000
778.877000
777.544000
800.262000
779.403000
777.298000
779.199000
772.767000
807.683000
781.672000
763.137000
752.740000
764.122000
759.612000
758.650000
747.887000
753.425000
761.609000
780.162000
750.997000
764.991000
776.320000
771.003000
750.765000
754.574000
768.660000
774.267000
772.209000
765.228000
762.864000
767.111000
748.555000
757.494000
756.488000
765.001000
744.067000
761.373000
752.778000
756.947000
751.312000
763.789000
793.993000
792.661000
768.331000
775.371000
780.856000
783.550000
790.852000
787.638000
769772.995000
