122.830000
124.892000
122.712000
124.323000
127.164000
130.957000
124.170000
122.679000
123.908000
123.606000
122.187000
124.230000
130.440000
128.501000
123.929000
122.042000
124.348000
122.448000
123.913000
122.006000
131.177000
129.306000
122.631000
122.843000
123.839000
124.513000
122.180000
121.909000
126.314000
128.539000
121.526000
122.021000
122.226000
121.260000
122.377000
122.311000
125.602000
122.196000
128.366000
120.374000
122.838000
135.401000
138.771000
128.093000
132.637000
120.411000
129.323000
122.626000
126.052000
119.833000
121.805000
124.126000
135.703000
121.035000
126.114000
118.201000
117.620000
118.136000
119.546000
120.272000
131.169000
124.464000
125.493000
125.040000
134.162000
122.618000
119.545000
122.729000
128.471000
119.700000
125.125000
121.004000
122.647000
121.267000
125.377000
124.255000
132.348000
122.930000
125.497000
118.100000
123.961000
125.120000
120.440000
122.181000
132.501000
126.955000
122.754000
122.299000
122.337000
119.734000
117.859000
118.709000
124.702000
122.924000
118.845000
123.858000
126.842000
128.691000
118.477000
120.224000
128.882000
138.614000
121.010000
125.530000
119.919000
122.320000
120.603000
121.465000
124.712000
123.344000
118.450000
125.327000
126.557000
136.580000
121.621000
119.799000
126.094000
131.958000
126.931000
144.015000
128.163000
124.529000
123.177000
122.827000
128.870000
133.359000
122.227000
124.416000
121.538000
123.290000
120.433000
120.577000
123.420000
125.516000
120.711000
126.189000
119.727000
122.383000
120.105000
121.633000
124.810000
134.423000
120.833000
118.237000
127.141000
122.977000
119.132000
119.365000
123.511000
131.980000
123.097000
117.637000
126.805000
120.961000
118.389000
118.280000
118.701000
131.485000
122.347000
119.687000
128.970000
120.523000
121.720000
120.009000
120.496000
127.907000
123.035000
118.646000
124.835000
118.084000
117.508000
118.581000
119.952000
123.148000
119.691000
119.631000
117.642000
125.861000
119.322000
117.570000
117.926000
125.236000
122.398000
120.478000
118.430000
125.594000
118.826000
117.806000
118.828000
124.693000
125.454000
121.150000
122.566000
120.414000
130.053000
122.790000
119.435000
127.077000
135.676000
126.979000
120.650000
122.184000
128.355000
126.795000
123.804000
123.297000
128.668000
125.945000
122.615000
119.872000
145.791000
121.056000
119.204000
121.445000
122.397000
121.855000
120.632000
120.735000
128.648000
122.433000
119.045000
121.920000
133.927000
130.249000
120.785000
126.946000
139.045000
124.317000
120.735000
124.959000
134.341000
122.620000
119.637000
119.909000
130.057000
122.872000
119.671000
122.556000
130.938000
123.274000
123.053000
121.078000
130.461000
122.966000
118.371000
120.282000
123.393000
124.596000
121.926000
117.837000
121.212000
125.496000
119.335000
119.996000
129.788000
123.359000
121.135000
120.206000
122.061000
129.028000
121.309000
118.803000
129.345000
123.114000
120.284000
120.422000
122.107000
127.787000
120.257000
119.050000
127.973000
124.499000
123.116000
118.195000
125.425000
131.911000
119.808000
121.865000
127.415000
130.409000
121.754000
119.536000
122.141000
128.925000
119.114000
120.443000
125.334000
128.195000
121.380000
122.893000
119.319000
122.119000
126.904000
126.975000
144.165000
127.530000
122.107000
120.651000
120.518000
120.567000
127.466000
125.151000
125.965000
120.249000
123.577000
120.472000
122.149000
119.303000
126.898000
121.292000
123.443000
121.596000
119.997000
121.842000
118.244000
121.700000
129.238000
121.615000
123.093000
125.631000
122.506000
126.558000
120.204000
121.942000
129.095000
121.825000
125.668000
129.087000
124.482000
122.263000
119.595000
121.169000
122.863000
126.646000
120.793000
132.949000
127.152000
119.888000
120.519000
125.928000
124.763000
129.135000
120.297000
124.861000
123.957000
126.536000
124.977000
124.278000
126.581000
131.267000
127.883000
134.441000
125.195000
123.636000
120.376000
122.860000
119.633000
127.462000
124.525000
133.003000
122.927000
120.550000
120.660000
120.301000
120.552000
125.958000
120.453000
134.577000
124.676000
122.413000
120.346000
119.542000
119.501000
125.183000
121.322000
128.146000
128.160000
120.843000
136.421000
126.318000
122.053000
128.214000
123.131000
126.301000
122.615000
123.336000
122.830000
123.091000
122.430000
119.175000
129.737000
132.030000
126.523000
121.080000
119.588000
122.961000
121.359000
118.063000
126.682000
126.686000
121.887000
119.109000
123.605000
126.140000
122.022000
120.565000
133.115000
132.440000
123.789000
120.995000
122.936000
127.177000
124.945000
121.543000
129.470000
129.491000
124.694000
123.501000
122.778000
123.834000
124.770000
120.908000
129.052000
125.917000
123.318000
122.358000
120.475000
124.966000
122.977000
121.464000
130.720000
128.831000
123.879000
123.011000
122.262000
123.987000
127.995000
120.153000
130.611000
130.542000
124.843000
124.175000
122.698000
125.162000
123.399000
121.235000
123.720000
134.278000
122.501000
124.338000
120.196000
124.400000
123.310000
120.671000
122.365000
133.650000
123.259000
122.667000
121.879000
124.752000
123.628000
128.406000
139.283000
135.913000
125.570000
123.944000
127.504000
128.184000
123.625000
120.487000
122.951000
132.983000
121.794000
121.561000
121.041000
124.277000
122.266000
122.248000
124.129000
136.789000
122.257000
122.378000
122.535000
123.645000
120.874000
119.052000
119.081000
134.689000
124.653000
122.678000
123.996000
124.378000
122.113000
122.465000
124.219000
134.743000
120.147000
118.873000
121.674000
120.152000
122.733000
119.475000
120.260000
126.244000
131.267000
124.376000
121.772000
120.681000
124.435000
121.286000
121.976000
125.808000
136.386000
122.262000
121.206000
119.954000
125.193000
120.937000
122.241000
124.821000
129.498000
120.159000
121.166000
120.434000
122.481000
120.629000
122.919000
131.468000
141.495000
122.230000
120.805000
122.910000
121.549000
119.647000
118.751000
121.934000
139.400000
121.986000
121.684000
124.471000
122.645000
120.304000
120.465000
119.980000
126.511000
127.361000
123.379000
120.309000
142.251000
123.805000
122.108000
124.110000
132.268000
129.335000
122.628000
120.021000
123.248000
123.653000
122.044000
124.314000
131.947000
130.085000
121.185000
120.245000
121.736000
119.104000
119.849000
122.008000
128.911000
127.188000
121.774000
120.786000
121.674000
123.798000
121.620000
121.999000
125.526000
128.159000
119.822000
119.711000
127.462000
127.378000
122.632000
126.005000
133.428000
129.549000
122.288000
127.002000
128.592000
123.889000
119.275000
121.984000
126.172000
127.497000
123.105000
122.144000
122.547000
128.428000
119.103000
133.833000
134.299000
135.252000
127.770000
126.161000
123.569000
121.273000
124.071000
123.332000
131.962000
130.574000
124.554000
121.520000
125.983000
126.741000
121.860000
124.219000
131.539000
131.763000
124.988000
122.956000
122.712000
122.626000
123.364000
124.752000
131.555000
123.288000
129.459000
124.959000
123.604000
122.157000
121.980000
134.034000
126.898000
123.226000
129.149000
122.700000
137.479000
121.148000
124.193000
126.974000
132.347000
122.526000
130.636000
121.701000
124.816000
123.197000
122.645000
125.595000
125.331000
123.240000
129.784000
122.202000
124.243000
122.233000
120.923000
126.454000
127.989000
123.006000
129.271000
123.382000
126.444000
124.079000
122.829000
125.370000
134.493000
122.156000
129.788000
123.213000
123.770000
121.056000
120.661000
125.403000
131.548000
134.713000
126.143000
121.320000
121.877000
121.819000
120.307000
126.419000
127.642000
122.291000
126.380000
121.338000
123.285000
120.302000
122.793000
122.734000
133.224000
121.433000
128.142000
123.481000
122.720000
119.602000
119.715000
124.185000
125.270000
120.160000
121.381000
126.957000
121.238000
121.695000
120.918000
122.883000
134.455000
123.297000
123.066000
136.516000
126.726000
121.816000
121.916000
119.964000
132.444000
120.494000
132.153000
134.216000
123.497000
122.392000
123.450000
122.129000
128.252000
123.301000
121.266000
128.018000
121.787000
120.274000
121.736000
125.866000
132.328000
123.920000
118.930000
125.430000
122.299000
122.603000
119.727000
121.954000
125.989000
122.917000
120.614000
126.958000
123.097000
123.292000
120.293000
118.962000
127.335000
121.361000
121.209000
120.637000
129.874000
123.710000
122.109000
121.454000
125.219000
121.083000
120.702000
119.535000
126.414000
120.488000
118.966000
120.610000
127.136000
122.357000
121.974000
118.388000
125.927000
121.662000
119.198000
121.547000
126.523000
134.413000
121.851000
119.799000
126.918000
125.400000
121.968000
123.369000
128.465000
128.816000
123.596000
124.326000
124.920000
129.197000
120.081000
120.811000
127.059000
130.732000
124.455000
121.153000
119.306000
129.432000
120.409000
120.371000
126.423000
130.407000
120.139000
121.211000
120.201000
130.265000
125.488000
133.310000
129.170000
129.050000
123.542000
121.221000
120.574000
130.225000
118.716000
121.367000
126.974000
128.817000
124.047000
120.795000
122.423000
129.809000
120.187000
121.719000
127.612000
130.389000
122.318000
121.050000
123.401000
129.598000
120.625000
119.275000
124.969000
128.215000
121.597000
120.612000
124.433000
134.045000
129.698000
124.657000
127.371000
129.441000
124.308000
123.364000
121.720000
131.845000
118.964000
124.163000
124.152000
129.907000
121.179000
122.467000
120.516000
122.828000
127.281000
124.387000
126.318000
129.087000
122.131000
120.304000
123.373000
123.467000
127.168000
120.904000
126.327000
124.427000
122.557000
122.467000
124.083000
125.573000
129.477000
118.416000
124.282000
128.075000
120.503000
121.271000
121.457000
125.602000
127.076000
122.792000
122.844000
130.245000
122.055000
120.472000
121.644000
124.301000
129.033000
119.620000
123.085000
126.732000
136.639000
131.521000
121.304000
124.796000
129.230000
126.334000
125.538000
125.470000
119.646000
119.721000
119.269000
120.724000
122.251000
124.856000
119.818000
126.934000
119.705000
120.203000
119.283000
119.132000
122.457000
125.501000
119.740000
125.992000
123.519000
120.497000
118.686000
120.720000
122.510000
127.036000
119.700000
129.490000
120.852000
119.836000
119.250000
118.784000
124.203000
126.609000
120.604000
123.973000
123.473000
121.388000
120.917000
121.942000
121.884000
124.286000
130.269000
127.089000
131.239000
122.149000
121.507000
118.718000
119.805000
119.717000
129.151000
124.583000
126.476000
119.806000
119.184000
120.051000
118.061000
132.824000
127.008000
122.665000
125.978000
119.926000
119.211000
126.298000
121.852000
122.487000
126.923000
123.643000
135.449000
120.924000
121.004000
121.938000
122.604000
125.103000
126.859000
122.966000
129.981000
121.999000
121.037000
121.795000
120.063000
126.897000
134.102000
129.804000
125.231000
123.707000
120.903000
122.086000
119.155000
124.532000
121.180000
127.483000
127.863000
121.576000
120.898000
120.162000
119.316000
119.873000
121.436000
126.830000
124.874000
122.568000
122.503000
123.452000
119.432000
122.646000
120.155000
128.193000
126.152000
126.070000
123.661000
122.026000
123.143000
122.852000
124177.065000
