127.921000
119.544000
126.853000
127.649000
121.478000
122.110000
123.043000
123.997000
138.582000
124.035000
123.683000
124.947000
121.310000
119.925000
137.853000
124.141000
126.780000
122.152000
119.671000
122.561000
128.169000
118.754000
124.373000
123.386000
127.394000
117.698000
117.561000
118.901000
119.087000
119.007000
122.195000
122.762000
128.103000
120.708000
119.638000
119.925000
120.341000
131.170000
122.765000
122.389000
125.646000
128.643000
120.931000
131.419000
120.161000
119.029000
120.848000
122.232000
135.550000
136.046000
122.004000
120.947000
120.181000
117.993000
121.788000
124.944000
124.965000
129.271000
122.866000
119.953000
120.380000
120.806000
120.255000
123.625000
132.088000
126.489000
136.347000
132.371000
126.024000
124.744000
121.053000
121.658000
126.096000
129.292000
120.114000
121.335000
118.784000
120.000000
122.162000
118.921000
125.961000
123.694000
122.410000
118.795000
118.826000
119.403000
118.481000
119.255000
124.661000
118.763000
126.230000
118.736000
118.071000
120.387000
120.088000
129.532000
126.665000
125.411000
144.767000
124.470000
119.980000
119.319000
121.128000
122.032000
126.306000
131.338000
131.703000
120.726000
122.986000
121.068000
121.267000
124.956000
127.692000
129.926000
131.101000
119.765000
129.517000
123.759000
119.530000
122.958000
126.092000
128.824000
130.913000
120.372000
123.003000
120.790000
119.815000
123.092000
126.202000
127.921000
121.279000
126.529000
123.582000
120.747000
118.863000
123.244000
125.282000
130.868000
119.735000
128.929000
120.378000
120.140000
120.290000
122.258000
122.319000
134.595000
125.063000
127.937000
122.177000
120.756000
118.390000
119.623000
126.067000
130.719000
121.898000
128.018000
124.457000
120.120000
121.958000
121.797000
123.964000
135.660000
127.344000
132.968000
123.913000
124.222000
120.527000
122.428000
121.579000
123.253000
122.332000
123.772000
127.440000
121.092000
121.522000
127.386000
124.950000
129.331000
123.992000
120.975000
128.627000
131.391000
123.215000
120.004000
127.958000
128.053000
123.115000
119.570000
128.950000
124.601000
122.080000
133.420000
125.820000
126.706000
122.248000
119.931000
130.577000
122.726000
120.960000
121.110000
121.443000
135.274000
122.746000
119.981000
128.971000
130.892000
129.940000
130.880000
132.630000
131.047000
121.926000
121.104000
127.036000
122.469000
124.069000
121.155000
127.316000
130.237000
127.534000
118.627000
129.533000
130.534000
120.285000
119.614000
126.960000
124.621000
123.539000
119.939000
131.266000
122.569000
120.796000
121.230000
126.046000
133.940000
125.717000
119.269000
130.768000
124.839000
121.844000
119.545000
122.997000
131.179000
124.361000
119.714000
132.131000
120.882000
122.677000
118.376000
121.397000
124.277000
124.506000
120.702000
122.365000
130.181000
125.993000
127.773000
133.215000
135.444000
123.552000
120.380000
121.899000
130.900000
126.048000
127.759000
137.337000
135.640000
125.387000
119.424000
129.474000
124.088000
120.723000
123.230000
129.011000
125.004000
119.736000
118.353000
121.392000
127.986000
119.115000
121.742000
127.041000
129.163000
121.061000
118.529000
123.294000
129.442000
118.781000
119.748000
124.752000
119.936000
120.564000
119.920000
118.955000
126.362000
118.586000
120.578000
121.976000
134.028000
122.203000
118.896000
119.618000
118.356000
127.783000
121.298000
121.848000
128.198000
118.664000
121.936000
130.161000
131.035000
127.290000
121.021000
121.575000
131.368000
120.718000
120.971000
120.671000
120.092000
128.560000
119.585000
121.749000
126.849000
119.711000
122.194000
118.140000
121.971000
128.606000
118.259000
119.785000
121.004000
121.616000
120.244000
118.117000
120.688000
119.409000
124.736000
127.167000
132.668000
123.413000
122.101000
118.628000
120.263000
121.003000
124.872000
120.875000
126.730000
129.601000
123.045000
119.540000
133.220000
120.642000
125.043000
120.348000
121.143000
127.542000
121.064000
118.391000
121.906000
118.779000
125.057000
118.867000
119.061000
123.485000
118.930000
120.239000
117.428000
119.651000
123.423000
124.922000
120.065000
130.171000
126.562000
124.710000
121.269000
119.823000
121.190000
124.519000
119.397000
126.143000
121.113000
122.117000
118.753000
121.776000
120.902000
125.608000
120.297000
123.737000
125.275000
124.663000
121.306000
124.345000
121.738000
129.167000
121.706000
136.775000
120.824000
118.635000
117.515000
122.273000
119.867000
122.124000
126.407000
123.195000
128.872000
122.161000
121.498000
121.573000
124.795000
122.580000
126.190000
121.224000
125.057000
123.850000
122.402000
119.383000
124.497000
133.216000
129.504000
128.549000
126.533000
121.500000
123.011000
120.327000
122.082000
121.926000
127.137000
121.486000
137.279000
124.048000
122.942000
121.382000
121.967000
120.938000
138.711000
121.603000
131.307000
120.129000
120.464000
119.760000
121.508000
124.145000
129.009000
119.822000
129.837000
124.944000
119.719000
120.570000
121.684000
126.888000
118.106000
130.505000
137.130000
122.216000
119.785000
119.999000
122.068000
121.781000
121.069000
128.586000
133.973000
121.985000
119.815000
118.838000
122.126000
123.889000
120.932000
128.676000
132.284000
127.717000
120.419000
118.785000
123.589000
121.910000
120.688000
128.618000
130.515000
124.510000
119.693000
118.252000
119.467000
128.846000
122.153000
130.001000
122.995000
117.598000
119.650000
118.155000
122.136000
124.135000
121.801000
124.875000
135.733000
131.116000
122.292000
120.627000
123.218000
123.699000
121.720000
122.573000
129.009000
122.945000
124.329000
119.091000
127.194000
120.922000
121.730000
121.035000
131.717000
124.932000
122.177000
119.389000
121.898000
120.367000
122.595000
122.603000
133.979000
123.647000
140.699000
123.546000
124.267000
120.920000
120.181000
121.821000
131.630000
123.135000
122.678000
121.750000
124.161000
124.482000
122.943000
125.485000
133.352000
128.060000
124.959000
120.157000
122.895000
123.141000
122.283000
123.721000
133.635000
124.372000
125.374000
120.213000
122.224000
121.200000
127.284000
124.062000
126.952000
137.274000
126.772000
124.440000
127.491000
124.871000
122.456000
124.397000
127.299000
133.512000
129.671000
122.044000
123.986000
124.272000
123.323000
126.298000
132.608000
131.845000
127.716000
121.157000
122.809000
125.739000
122.580000
122.207000
128.709000
130.522000
133.751000
130.280000
124.484000
125.411000
124.420000
132.327000
125.095000
132.741000
126.527000
120.766000
122.588000
119.337000
118.941000
121.253000
124.021000
127.128000
122.480000
119.585000
120.031000
119.655000
124.651000
120.107000
126.575000
134.518000
123.050000
119.534000
130.562000
147.601000
119.305000
121.182000
129.496000
128.675000
121.522000
118.971000
120.195000
121.825000
118.563000
119.740000
128.656000
137.080000
125.852000
120.350000
123.699000
121.980000
124.488000
120.991000
132.627000
129.278000
125.535000
121.802000
123.598000
122.465000
122.989000
119.974000
129.667000
133.770000
128.534000
123.036000
123.287000
120.543000
119.935000
122.114000
125.030000
122.276000
130.946000
119.085000
124.223000
124.158000
119.242000
122.925000
126.847000
119.631000
128.867000
119.931000
121.484000
124.667000
124.717000
120.028000
125.712000
124.717000
132.021000
122.191000
123.584000
121.142000
124.731000
126.005000
131.966000
126.063000
133.330000
121.284000
120.209000
122.121000
122.154000
121.869000
128.578000
124.108000
125.971000
118.289000
119.434000
121.020000
123.686000
124.489000
126.785000
122.420000
124.494000
129.495000
119.455000
119.281000
121.676000
118.554000
135.053000
128.239000
126.082000
128.564000
121.119000
120.891000
119.121000
120.794000
123.960000
130.502000
119.771000
136.307000
118.960000
119.992000
119.460000
122.708000
122.985000
135.737000
120.952000
126.096000
121.846000
122.692000
120.257000
121.667000
127.760000
137.478000
124.114000
128.166000
118.753000
120.121000
121.797000
122.746000
121.702000
126.158000
120.421000
131.584000
120.799000
119.050000
125.827000
122.256000
127.564000
131.686000
120.005000
121.960000
128.917000
123.083000
121.329000
121.733000
120.239000
132.277000
127.279000
123.094000
127.090000
121.628000
123.226000
122.775000
132.754000
127.380000
120.413000
120.213000
126.315000
120.553000
120.812000
137.615000
120.885000
122.550000
118.835000
122.956000
126.441000
122.405000
120.042000
119.337000
121.569000
124.504000
119.016000
123.721000
125.637000
118.674000
118.907000
118.676000
118.995000
122.787000
120.910000
119.720000
133.632000
127.640000
120.440000
125.526000
123.639000
131.364000
128.218000
122.511000
119.061000
127.953000
122.853000
121.598000
118.671000
124.885000
124.867000
120.163000
124.327000
127.675000
123.833000
120.849000
120.651000
121.635000
123.679000
121.855000
118.718000
124.973000
118.109000
119.746000
119.319000
122.948000
132.536000
122.397000
124.802000
119.053000
131.955000
121.467000
122.109000
121.143000
132.966000
121.583000
124.850000
119.234000
126.403000
119.939000
119.688000
120.741000
127.713000
121.982000
123.745000
120.211000
126.871000
122.777000
122.993000
130.731000
129.894000
122.082000
127.823000
123.956000
129.033000
122.059000
121.875000
123.106000
132.198000
121.239000
121.558000
118.535000
126.426000
120.646000
123.334000
119.452000
129.280000
129.235000
127.208000
119.600000
129.147000
118.159000
118.824000
120.167000
131.813000
121.090000
120.541000
119.838000
121.759000
128.306000
133.529000
122.527000
128.897000
123.881000
125.095000
121.401000
124.762000
129.147000
119.796000
120.478000
132.354000
119.489000
127.950000
118.578000
121.596000
127.100000
121.298000
121.553000
124.348000
120.010000
120.710000
119.881000
118.296000
127.125000
119.197000
122.076000
121.759000
121.778000
119.848000
121.057000
120.702000
122.352000
128.075000
121.222000
120.636000
126.025000
122.049000
124.750000
118.855000
119.680000
126.833000
121.477000
118.806000
123.592000
124.590000
123.801000
117.595000
119.759000
126.387000
123.086000
123.045000
124.744000
119.693000
120.171000
119.729000
119.016000
119.510000
126.547000
119.475000
127.939000
120.436000
122.898000
121.993000
118.535000
122.224000
128.291000
121.847000
126.792000
124.918000
122.703000
123.073000
120.035000
123.039000
129.280000
123.735000
127.854000
129.246000
120.916000
123.309000
123.038000
121.109000
129.337000
121.130000
122.218000
132.050000
123.838000
125.604000
134.810000
124.383000
128.807000
121.559000
126.144000
131.004000
122.796000
125.875000
118.902000
120.546000
126.577000
121.492000
123.778000
124.974000
120.829000
121.975000
120.953000
123.185000
121.049000
127.055000
120.497000
125.689000
119.132000
121.460000
120.248000
121.825000
128.217000
129.991000
126.030000
133.400000
119.720000
127.557000
124.215000
121.631000
122.834000
127.881000
121.198000
124.742000
121.099000
122.263000
119.360000
119.737000
118.710000
126.621000
122.721000
124.816000
120.006000
123.668000
118.780000
119.656000
121.391000
121.055000
126.121000
131.880000
124.555000
120.970000
119.739000
120.142000
120.318000
121.334000
129.745000
127.996000
123973.658000
