127.800000
122.655000
121.717000
126.494000
123.998000
119.784000
118.237000
120.504000
119.834000
127.931000
119.339000
123.470000
125.495000
119.971000
120.110000
122.000000
119.064000
131.597000
118.149000
119.931000
135.571000
134.363000
124.584000
121.789000
118.836000
127.111000
121.858000
124.179000
123.170000
119.661000
120.858000
120.603000
118.111000
125.394000
119.021000
121.762000
124.077000
120.111000
123.999000
123.634000
122.965000
131.264000
129.382000
123.856000
130.716000
130.774000
124.444000
121.231000
123.820000
124.684000
125.364000
124.060000
133.973000
125.358000
123.071000
123.266000
121.043000
120.455000
125.474000
120.272000
132.189000
124.158000
123.455000
120.608000
123.004000
119.795000
125.016000
121.761000
126.996000
119.218000
121.855000
121.006000
119.182000
120.928000
126.616000
118.169000
128.291000
128.330000
126.778000
121.353000
119.932000
121.531000
130.159000
119.548000
125.088000
119.578000
129.371000
136.408000
123.747000
122.004000
124.732000
120.232000
125.507000
118.977000
120.875000
120.711000
120.490000
119.517000
120.411000
126.554000
122.308000
123.044000
121.120000
120.338000
123.802000
128.811000
126.288000
131.288000
128.206000
123.321000
119.146000
122.754000
120.195000
119.102000
120.232000
124.332000
120.793000
126.835000
121.487000
118.537000
123.514000
120.438000
119.756000
119.541000
127.399000
125.975000
128.086000
120.501000
119.502000
117.779000
118.140000
119.216000
127.032000
128.708000
123.721000
120.612000
122.246000
123.283000
123.941000
118.604000
127.372000
129.948000
123.156000
123.339000
120.208000
121.097000
120.303000
120.533000
125.677000
128.256000
124.414000
123.893000
125.312000
123.213000
119.670000
121.775000
128.035000
125.851000
129.980000
121.177000
121.288000
120.382000
120.358000
119.638000
131.403000
138.077000
126.006000
122.627000
121.622000
119.486000
123.855000
127.205000
122.373000
129.675000
129.146000
118.501000
120.582000
118.963000
118.153000
121.123000
119.021000
127.282000
128.540000
122.273000
121.912000
125.044000
120.237000
121.244000
120.305000
134.353000
149.774000
127.143000
121.623000
120.144000
119.592000
119.995000
121.496000
128.046000
132.868000
119.666000
123.485000
118.517000
118.969000
121.720000
122.402000
122.015000
135.864000
119.981000
121.630000
122.543000
118.604000
119.135000
120.336000
121.053000
135.790000
119.359000
120.333000
121.034000
120.340000
120.545000
120.671000
119.102000
131.682000
118.682000
119.519000
125.525000
120.118000
122.491000
121.880000
121.782000
133.352000
125.322000
120.321000
123.768000
120.681000
120.726000
119.089000
123.750000
128.191000
131.758000
120.215000
121.719000
124.228000
120.494000
122.832000
125.462000
133.335000
137.369000
121.226000
121.071000
126.011000
126.265000
135.700000
122.744000
127.328000
133.824000
121.171000
123.023000
124.970000
120.842000
118.811000
122.477000
129.428000
129.116000
121.647000
122.273000
121.405000
120.203000
120.121000
125.483000
133.057000
129.600000
123.297000
139.454000
119.705000
119.972000
118.830000
120.582000
126.032000
133.536000
119.900000
122.820000
122.119000
118.878000
120.406000
121.819000
123.396000
138.962000
121.681000
122.462000
127.641000
127.962000
119.387000
125.816000
126.192000
132.754000
118.215000
122.268000
124.363000
121.639000
120.820000
121.848000
125.249000
135.617000
133.201000
125.755000
126.989000
119.442000
122.579000
121.156000
127.435000
130.466000
129.840000
121.503000
121.366000
123.628000
123.148000
124.046000
126.405000
126.901000
128.575000
124.191000
124.387000
123.039000
123.572000
122.603000
127.633000
128.853000
129.320000
123.252000
120.640000
118.571000
120.844000
123.647000
127.854000
134.961000
128.579000
120.994000
121.592000
121.395000
120.613000
121.311000
125.733000
129.703000
128.057000
122.080000
118.740000
126.581000
136.528000
121.774000
132.808000
127.075000
126.392000
119.836000
121.705000
119.932000
132.579000
125.245000
128.373000
133.908000
127.327000
120.754000
117.758000
120.196000
118.912000
118.865000
122.750000
121.723000
118.011000
127.374000
121.479000
120.165000
121.892000
119.123000
123.005000
124.688000
120.948000
126.398000
124.124000
118.713000
122.422000
118.120000
122.558000
122.522000
121.328000
125.435000
120.037000
119.022000
120.025000
117.867000
120.811000
126.218000
121.184000
119.777000
128.276000
117.576000
120.662000
128.595000
118.303000
128.006000
127.670000
118.352000
126.293000
118.718000
119.463000
120.569000
119.024000
122.074000
124.003000
121.341000
127.737000
119.354000
121.024000
120.905000
121.739000
125.372000
135.091000
122.011000
126.247000
121.950000
119.353000
129.661000
118.547000
120.110000
128.120000
119.366000
121.156000
128.948000
119.096000
120.313000
118.560000
123.017000
126.404000
121.904000
120.430000
129.318000
119.718000
120.872000
118.206000
121.078000
130.445000
121.982000
129.791000
130.381000
120.095000
120.390000
118.676000
118.260000
126.205000
120.235000
119.216000
126.614000
119.979000
122.808000
125.443000
122.377000
128.419000
123.252000
121.071000
121.741000
131.239000
129.517000
123.385000
122.808000
123.309000
123.448000
121.867000
121.061000
130.432000
121.517000
126.544000
122.442000
129.190000
130.868000
122.124000
121.694000
127.921000
120.230000
123.497000
121.308000
128.079000
127.431000
122.306000
123.954000
132.834000
124.891000
125.850000
121.617000
126.975000
125.660000
122.089000
123.961000
126.691000
120.889000
122.802000
122.482000
127.233000
123.262000
120.458000
120.868000
127.063000
123.170000
124.789000
124.356000
127.255000
132.537000
123.802000
121.758000
128.799000
121.235000
124.285000
126.737000
132.990000
125.279000
124.453000
122.513000
129.408000
121.946000
124.245000
125.303000
127.232000
123.525000
121.010000
121.750000
120.417000
129.441000
128.187000
137.325000
127.190000
124.410000
121.230000
120.995000
125.591000
127.481000
122.173000
119.089000
126.338000
124.661000
121.561000
119.235000
122.235000
124.791000
120.167000
118.389000
123.216000
133.107000
120.240000
130.809000
130.999000
134.232000
127.845000
126.212000
131.977000
129.753000
121.145000
120.852000
121.887000
127.731000
124.870000
122.704000
128.493000
131.015000
121.419000
118.709000
120.076000
124.623000
120.127000
119.872000
124.269000
126.473000
121.541000
123.657000
122.811000
130.854000
124.213000
124.005000
127.021000
131.876000
122.309000
119.338000
119.767000
120.857000
128.330000
119.311000
125.246000
133.787000
122.819000
122.626000
121.753000
122.174000
134.103000
122.161000
127.968000
120.842000
135.835000
125.094000
123.412000
121.684000
128.706000
119.585000
129.334000
130.497000
120.654000
122.008000
123.640000
121.852000
126.075000
120.116000
124.680000
133.573000
144.829000
124.771000
125.268000
119.817000
125.381000
119.573000
124.367000
119.707000
119.760000
120.124000
123.042000
119.620000
130.870000
121.548000
125.602000
130.399000
121.790000
121.939000
124.015000
118.953000
127.685000
118.789000
123.144000
130.596000
120.947000
123.688000
124.353000
120.248000
120.583000
130.693000
130.749000
133.814000
122.897000
121.809000
125.674000
124.193000
120.840000
128.145000
123.572000
129.916000
122.918000
119.503000
138.361000
125.076000
124.415000
126.233000
125.681000
124.659000
120.928000
121.488000
123.683000
122.051000
121.956000
132.968000
124.131000
126.999000
123.059000
121.120000
127.390000
123.546000
122.231000
128.567000
127.554000
124.352000
121.312000
121.462000
126.875000
124.731000
128.238000
130.410000
122.656000
136.163000
123.239000
118.956000
125.672000
118.630000
121.804000
128.548000
122.199000
126.896000
120.718000
122.819000
124.089000
125.011000
127.931000
126.676000
124.128000
134.546000
126.970000
120.287000
125.000000
124.064000
120.868000
127.642000
123.964000
130.933000
122.252000
119.712000
122.435000
118.195000
119.530000
119.122000
127.441000
123.101000
120.880000
119.654000
122.543000
122.113000
117.336000
120.905000
126.532000
128.752000
126.252000
118.632000
120.038000
123.360000
122.032000
119.930000
128.354000
133.197000
127.902000
119.703000
120.523000
120.750000
123.456000
121.464000
129.585000
130.306000
122.420000
119.035000
118.774000
120.431000
121.486000
120.365000
120.590000
136.313000
124.761000
120.636000
118.085000
122.679000
118.700000
122.499000
127.368000
140.518000
131.755000
123.659000
128.476000
128.203000
119.141000
118.330000
121.527000
137.189000
127.516000
118.747000
121.530000
122.168000
118.628000
122.098000
119.838000
132.076000
124.214000
122.250000
119.808000
129.226000
116.693000
118.191000
121.387000
138.297000
129.373000
121.956000
120.911000
119.364000
118.513000
117.717000
121.004000
124.765000
137.222000
122.506000
122.220000
123.828000
120.109000
118.316000
118.853000
121.853000
131.308000
120.661000
118.074000
120.441000
120.624000
122.514000
124.636000
127.135000
131.332000
121.249000
121.178000
120.336000
121.507000
119.976000
121.732000
123.267000
131.618000
122.848000
120.646000
125.306000
121.824000
121.665000
120.833000
122.091000
136.881000
124.265000
118.643000
121.499000
120.554000
120.088000
119.504000
123.114000
130.036000
130.164000
122.818000
122.392000
122.612000
120.542000
122.881000
122.687000
129.370000
135.358000
120.191000
123.301000
125.755000
122.334000
119.444000
124.915000
134.024000
140.054000
122.084000
122.065000
122.832000
122.296000
119.976000
122.491000
131.169000
145.371000
121.998000
121.657000
125.142000
122.416000
120.328000
120.432000
130.187000
136.197000
120.541000
130.737000
124.339000
121.817000
120.829000
121.454000
127.156000
129.705000
130.888000
121.464000
120.386000
120.577000
118.705000
129.040000
122.900000
126.966000
118.734000
119.149000
120.890000
123.663000
120.529000
120.021000
124.836000
122.446000
128.411000
118.776000
121.151000
119.522000
120.057000
120.002000
123.528000
129.456000
129.737000
119.811000
121.300000
121.640000
123.227000
125.424000
123.050000
128.999000
125.475000
120.954000
121.660000
118.786000
123.529000
121.503000
120.939000
128.945000
130.272000
120.454000
123.669000
119.950000
121.441000
120.511000
124.001000
128.686000
124.933000
125.920000
121.174000
120.695000
120.957000
121.014000
119.780000
126.833000
119.133000
128.083000
118.797000
119.038000
118.198000
123.115000
121.798000
126.774000
123.288000
128.911000
121.659000
119.005000
117.769000
117.601000
120.909000
125.089000
120.770000
120.488000
125.961000
122.676000
120.239000
120.240000
129.532000
128.963000
132.592000
122.744000
125.687000
122.074000
128.953000
118.309000
121.200000
124.993000
130.690000
122.433000
127.852000
122.161000
121.907000
119.943000
118.602000
122.650000
120.225000
119.939000
125.500000
119.062000
119.940000
119.258000
120.373000
119.586000
124.954000
122.360000
119.902000
129.818000
119.390000
120.129000
119.649000
121.205000
127.601000
121.237000
121.722000
126.625000
121.473000
118.323000
117.796000
120.987000
128.669000
127.406000
121.008000
128.196000
120.748000
119.028000
119.126000
122.354000
124.762000
121.219000
122.237000
129.198000
123865.013000
