129.388000
127.205000
120.701000
120.772000
120.860000
123.061000
130.120000
123.327000
123.006000
118.552000
119.576000
123.056000
119.517000
118.908000
127.368000
123.999000
121.682000
120.762000
120.561000
127.822000
132.761000
124.425000
129.660000
129.449000
124.652000
133.212000
128.318000
123.133000
126.172000
126.226000
131.686000
131.628000
130.136000
123.116000
118.818000
123.922000
122.085000
119.810000
127.720000
130.245000
122.979000
125.308000
121.025000
121.414000
122.791000
121.251000
131.892000
131.347000
135.545000
135.708000
125.796000
123.021000
125.323000
123.278000
131.709000
134.947000
125.661000
127.179000
124.690000
123.334000
121.862000
124.782000
138.091000
127.712000
123.788000
127.774000
122.938000
122.480000
122.296000
124.038000
128.775000
125.890000
122.644000
126.494000
123.270000
123.835000
127.310000
124.381000
131.921000
137.301000
126.479000
126.828000
125.366000
121.943000
121.458000
123.868000
133.272000
123.178000
123.609000
128.616000
122.214000
123.590000
121.530000
120.941000
123.194000
133.990000
118.725000
121.866000
120.468000
119.327000
120.341000
119.195000
130.131000
138.671000
120.153000
121.386000
120.400000
123.565000
120.333000
120.843000
121.723000
133.719000
120.554000
120.914000
120.838000
120.620000
121.898000
122.231000
124.011000
130.355000
125.399000
121.477000
122.143000
120.379000
124.389000
121.565000
122.020000
138.303000
125.320000
123.246000
121.847000
120.942000
125.707000
122.690000
123.685000
132.243000
125.462000
123.098000
120.212000
128.741000
125.537000
127.064000
129.161000
136.825000
131.104000
123.727000
118.736000
120.077000
122.333000
117.559000
121.428000
128.367000
135.088000
121.772000
123.282000
121.805000
123.791000
122.158000
125.684000
136.356000
135.699000
127.442000
123.257000
124.365000
124.310000
124.213000
123.939000
129.535000
132.111000
121.818000
123.966000
125.296000
126.890000
122.257000
127.241000
134.723000
132.896000
124.863000
126.795000
122.924000
128.999000
123.162000
126.377000
126.984000
133.135000
138.794000
122.072000
123.759000
122.998000
125.400000
127.734000
126.977000
139.226000
131.670000
121.291000
123.627000
124.041000
127.081000
127.697000
124.358000
129.752000
123.366000
123.181000
124.991000
124.411000
124.983000
128.242000
124.421000
129.906000
122.074000
124.403000
123.605000
122.296000
122.889000
126.552000
124.761000
132.719000
126.421000
124.379000
124.850000
124.038000
126.616000
128.032000
123.740000
131.403000
122.575000
124.182000
123.889000
122.532000
125.643000
129.865000
137.151000
133.043000
122.240000
121.109000
122.200000
120.597000
120.991000
126.626000
121.274000
128.164000
121.164000
121.881000
123.516000
121.614000
120.551000
128.275000
123.811000
128.246000
121.193000
119.881000
121.970000
122.158000
120.866000
125.247000
123.488000
121.117000
130.989000
122.779000
122.141000
121.856000
121.619000
126.672000
132.300000
123.228000
131.998000
123.167000
123.335000
133.695000
124.848000
131.144000
128.808000
121.292000
130.410000
123.681000
125.589000
130.993000
129.072000
129.284000
124.566000
123.046000
129.078000
121.206000
124.825000
121.534000
127.578000
130.295000
127.329000
121.502000
129.677000
119.657000
123.183000
120.893000
124.023000
127.878000
120.734000
121.513000
125.782000
122.397000
120.758000
120.251000
127.317000
129.962000
121.321000
122.083000
126.325000
119.009000
123.207000
120.791000
122.832000
123.263000
122.373000
120.760000
121.069000
126.262000
122.713000
121.295000
123.419000
120.353000
124.805000
121.868000
119.803000
128.819000
123.345000
123.316000
129.898000
126.479000
133.767000
119.905000
124.198000
128.285000
118.685000
124.205000
122.582000
121.301000
130.756000
121.477000
121.564000
125.844000
119.549000
121.579000
121.090000
122.287000
126.764000
126.170000
123.825000
130.408000
119.687000
121.059000
121.705000
125.913000
139.230000
129.897000
124.753000
126.950000
120.957000
121.412000
123.954000
125.069000
128.469000
124.956000
122.970000
130.413000
123.757000
122.286000
123.466000
124.670000
131.383000
120.897000
119.584000
120.802000
128.235000
122.346000
121.465000
125.091000
130.331000
121.799000
120.260000
125.290000
126.913000
123.024000
121.275000
123.261000
123.728000
120.074000
120.628000
121.109000
127.048000
122.187000
118.368000
123.297000
126.673000
119.622000
122.599000
122.691000
129.639000
124.770000
122.123000
122.420000
130.528000
135.526000
122.746000
122.579000
126.371000
121.931000
118.668000
121.754000
130.242000
121.654000
119.346000
119.675000
120.430000
131.806000
123.170000
121.014000
125.439000
121.601000
119.360000
117.980000
119.683000
127.908000
119.014000
130.703000
125.856000
124.113000
118.871000
121.309000
119.312000
128.606000
119.313000
120.524000
123.086000
125.435000
119.794000
119.870000
132.520000
138.519000
120.807000
119.317000
125.355000
126.088000
120.410000
119.563000
120.778000
124.600000
127.406000
122.592000
124.285000
121.647000
123.328000
119.727000
117.989000
121.757000
146.607000
145.462000
130.599000
125.053000
123.184000
123.206000
120.995000
121.940000
128.533000
121.442000
128.255000
120.669000
123.607000
121.376000
119.336000
120.824000
126.941000
121.162000
123.663000
125.206000
122.146000
122.401000
123.046000
122.599000
128.474000
122.152000
123.428000
133.103000
122.391000
123.403000
121.907000
121.808000
128.731000
121.587000
126.294000
128.244000
122.160000
123.066000
124.643000
122.274000
129.229000
121.798000
122.957000
124.536000
123.822000
122.285000
121.892000
123.364000
122.720000
129.053000
123.173000
135.063000
125.375000
123.407000
122.631000
122.221000
120.375000
128.702000
123.440000
129.402000
124.606000
123.703000
122.722000
124.523000
122.176000
137.911000
128.950000
126.180000
124.624000
122.818000
123.705000
123.501000
122.997000
127.806000
123.509000
130.719000
123.855000
131.169000
125.088000
125.967000
128.156000
139.560000
129.541000
123.736000
121.440000
121.679000
118.176000
118.300000
119.193000
130.515000
133.085000
127.905000
122.197000
121.427000
118.526000
120.349000
119.466000
127.001000
122.955000
130.039000
123.390000
121.175000
122.131000
121.659000
128.504000
128.656000
123.547000
126.863000
124.351000
123.467000
126.935000
132.938000
127.314000
128.483000
122.992000
135.749000
126.660000
122.531000
124.650000
121.308000
126.218000
127.774000
120.064000
125.170000
120.752000
122.433000
128.963000
122.280000
121.034000
129.580000
141.417000
124.288000
123.770000
125.566000
122.504000
117.904000
121.524000
121.569000
127.997000
124.260000
124.284000
120.712000
119.850000
118.446000
118.222000
120.274000
130.132000
129.247000
124.811000
136.577000
125.787000
121.371000
120.577000
121.517000
130.365000
126.652000
119.927000
121.991000
119.615000
118.154000
120.761000
119.601000
129.703000
130.069000
120.865000
123.820000
125.690000
121.596000
123.381000
120.391000
135.423000
136.324000
129.871000
124.272000
122.519000
118.681000
118.310000
120.069000
122.760000
136.848000
121.007000
119.616000
119.972000
117.417000
118.386000
120.115000
128.275000
140.313000
125.092000
122.157000
121.705000
119.081000
121.153000
117.725000
121.041000
133.228000
121.324000
118.980000
122.831000
120.362000
121.566000
122.070000
121.427000
135.719000
128.467000
124.770000
120.949000
120.677000
120.604000
118.712000
118.534000
133.743000
130.318000
119.783000
119.310000
118.007000
118.292000
117.504000
118.949000
121.246000
138.411000
123.636000
121.780000
120.571000
119.762000
127.454000
119.928000
120.529000
140.344000
124.695000
120.213000
121.127000
128.451000
128.926000
120.912000
123.163000
140.267000
121.156000
119.834000
120.927000
120.151000
121.564000
120.388000
122.535000
141.826000
125.728000
124.837000
126.366000
121.326000
123.601000
122.156000
132.728000
143.361000
124.678000
125.153000
123.413000
120.871000
121.771000
118.846000
123.188000
135.955000
123.806000
122.807000
123.716000
121.749000
120.998000
124.906000
122.787000
141.285000
123.814000
123.983000
121.899000
120.168000
117.873000
121.631000
121.529000
126.835000
125.933000
120.356000
119.949000
117.566000
119.883000
118.050000
122.028000
126.162000
136.731000
124.330000
119.664000
122.497000
120.196000
118.868000
118.718000
131.363000
134.326000
119.690000
120.523000
119.193000
122.233000
118.160000
119.891000
124.777000
120.176000
127.053000
124.833000
120.525000
120.708000
117.763000
119.234000
125.260000
127.030000
131.334000
122.797000
120.227000
120.783000
118.778000
119.841000
124.075000
130.822000
133.759000
125.251000
122.844000
119.697000
118.550000
118.877000
125.597000
121.956000
127.510000
122.442000
122.497000
119.941000
121.160000
133.522000
131.208000
121.407000
130.347000
122.629000
120.237000
119.545000
120.890000
118.155000
123.544000
134.076000
124.197000
131.369000
125.100000
125.604000
122.049000
120.683000
122.853000
130.109000
120.932000
131.356000
127.006000
121.184000
121.662000
121.992000
123.624000
129.159000
123.560000
128.084000
124.190000
121.756000
124.507000
121.944000
129.500000
132.270000
122.797000
130.465000
124.689000
125.176000
123.875000
121.595000
126.686000
133.424000
124.897000
131.824000
124.063000
122.852000
122.144000
123.931000
125.454000
130.521000
122.095000
127.719000
121.561000
121.364000
120.902000
122.854000
123.845000
125.006000
135.307000
137.973000
123.488000
123.724000
123.780000
123.333000
128.318000
125.071000
121.293000
128.276000
135.454000
122.545000
121.888000
120.064000
128.940000
132.425000
122.663000
129.011000
124.172000
121.081000
121.811000
123.066000
134.573000
129.666000
122.395000
132.630000
121.335000
122.683000
121.682000
122.022000
131.230000
124.051000
123.102000
129.005000
121.588000
121.429000
121.696000
121.780000
127.085000
121.513000
121.620000
121.445000
130.139000
128.057000
120.420000
120.734000
126.062000
127.695000
119.800000
122.317000
127.728000
121.717000
122.955000
122.367000
126.265000
126.973000
119.458000
119.859000
128.032000
118.386000
120.148000
118.829000
120.049000
129.218000
124.299000
121.453000
129.416000
120.638000
122.970000
119.743000
120.279000
130.847000
119.935000
118.941000
121.507000
129.234000
121.677000
118.289000
119.474000
124.414000
123.355000
119.987000
118.683000
127.371000
129.440000
124.349000
122.204000
125.916000
117.814000
119.599000
119.519000
126.002000
117.376000
117.507000
131.120000
123.917000
119.501000
120.333000
123.922000
130.494000
119.151000
118.948000
120.805000
134.832000
121.357000
121.849000
121.558000
121.195000
127.568000
119.636000
120.177000
125.865000
123.561000
119.626000
120.807000
124.160000
131.484000
122.281000
120.614000
123.781000
133.658000
126.673000
122.431000
122.790000
126.238000
118.418000
117.669000
120.942000
123.958000
119.334000
119.410000
122.234000
127.966000
119.348000
118.939000
122.554000
131.777000
121.254000
120.636000
131.345000
120.280000
127.263000
119.722000
119.863000
124.323000
118.180000
119.262000
119.785000
118.755000
125.580000
118.202000
118.904000
126.716000
119.408000
119.968000
118.732000
120.065000
124434.109000
