122.906000
120.271000
123.087000
126.758000
127.697000
129.510000
121.140000
127.337000
121.549000
120.717000
129.827000
123.794000
125.424000
127.837000
122.182000
118.769000
134.539000
119.342000
120.101000
122.888000
126.256000
127.226000
119.998000
119.168000
127.751000
119.290000
119.119000
121.847000
122.947000
128.560000
121.711000
120.832000
129.999000
133.011000
120.053000
120.633000
122.642000
132.990000
123.878000
120.123000
130.224000
123.842000
119.893000
122.175000
124.170000
129.319000
122.426000
120.854000
128.609000
122.503000
120.968000
120.828000
120.131000
123.360000
120.560000
120.399000
127.005000
129.182000
123.299000
119.705000
122.068000
123.943000
122.269000
121.093000
121.514000
127.381000
118.063000
119.238000
123.024000
125.615000
119.254000
122.341000
119.555000
130.254000
132.060000
120.632000
120.602000
123.717000
120.946000
122.268000
119.071000
126.257000
118.792000
118.439000
121.352000
129.049000
121.806000
120.733000
118.311000
120.795000
124.712000
119.261000
118.795000
120.773000
123.069000
121.332000
126.791000
119.501000
125.664000
118.914000
118.881000
119.950000
131.548000
122.650000
126.924000
127.013000
129.832000
124.181000
123.173000
124.737000
126.693000
121.688000
122.113000
121.126000
129.080000
122.682000
123.199000
135.295000
126.175000
123.517000
129.384000
123.607000
128.890000
123.044000
122.605000
125.176000
129.496000
124.606000
129.440000
125.078000
130.461000
122.170000
122.428000
123.272000
123.383000
123.390000
124.453000
129.041000
137.587000
136.663000
131.441000
128.170000
121.231000
121.491000
121.536000
123.024000
129.541000
121.890000
123.078000
126.635000
130.813000
124.247000
124.727000
124.591000
124.088000
131.497000
124.904000
128.284000
122.977000
122.968000
127.329000
130.030000
125.432000
130.589000
123.858000
126.830000
122.531000
122.718000
122.933000
125.269000
121.209000
128.706000
124.199000
128.827000
124.651000
123.378000
121.485000
124.617000
121.104000
128.525000
121.559000
125.604000
120.560000
122.473000
124.360000
119.937000
118.858000
124.409000
118.916000
123.089000
125.463000
118.665000
120.353000
119.768000
118.869000
124.090000
123.067000
125.113000
129.120000
119.989000
131.216000
129.506000
120.241000
119.869000
127.368000
128.479000
135.117000
120.183000
119.711000
122.403000
124.026000
118.511000
128.779000
119.779000
130.131000
120.205000
119.503000
118.227000
119.275000
118.736000
126.996000
120.919000
133.279000
130.283000
119.453000
118.388000
123.764000
119.152000
125.645000
120.536000
129.748000
130.952000
119.852000
118.238000
122.378000
121.295000
125.552000
125.854000
128.738000
121.152000
120.910000
119.307000
121.881000
117.768000
119.801000
125.653000
123.542000
120.789000
120.499000
120.368000
121.042000
119.309000
118.558000
127.939000
121.641000
123.352000
121.329000
122.290000
125.142000
121.092000
118.422000
124.902000
120.379000
128.032000
120.215000
119.233000
119.350000
121.139000
118.718000
118.603000
126.788000
123.879000
119.242000
121.281000
119.481000
121.765000
121.835000
120.573000
131.940000
138.828000
125.498000
121.219000
122.416000
127.531000
122.538000
118.865000
129.066000
130.678000
134.383000
122.559000
121.968000
119.813000
119.746000
119.422000
129.756000
130.671000
127.018000
122.212000
122.452000
128.126000
122.246000
119.928000
128.905000
128.782000
122.529000
123.501000
118.634000
123.139000
119.691000
118.768000
124.213000
141.169000
132.681000
127.144000
122.764000
126.572000
122.107000
119.304000
121.943000
136.449000
131.569000
123.358000
121.871000
126.671000
121.952000
120.938000
122.210000
132.256000
122.347000
122.498000
119.737000
126.381000
122.932000
122.328000
121.390000
137.455000
128.525000
121.395000
119.540000
123.690000
122.111000
120.321000
123.047000
136.087000
122.776000
119.953000
120.572000
120.998000
123.670000
122.721000
122.313000
133.822000
123.092000
123.276000
120.397000
122.603000
122.715000
120.501000
119.410000
133.796000
137.232000
124.543000
120.057000
124.044000
122.839000
121.431000
120.904000
138.637000
121.363000
123.223000
120.100000
143.700000
126.358000
119.019000
121.463000
129.398000
130.948000
121.706000
119.904000
120.050000
121.510000
120.529000
123.633000
127.334000
127.889000
120.236000
118.921000
123.786000
121.076000
123.389000
120.228000
124.889000
142.718000
122.611000
122.220000
122.998000
120.018000
119.108000
120.260000
127.823000
134.784000
122.674000
123.387000
121.634000
118.857000
117.274000
118.337000
123.111000
133.024000
119.756000
120.063000
122.720000
120.211000
118.794000
121.300000
123.321000
131.983000
127.073000
120.234000
119.453000
126.875000
119.715000
119.153000
121.771000
127.004000
126.358000
119.983000
117.595000
120.858000
119.669000
119.192000
120.726000
124.622000
127.875000
122.695000
119.812000
122.576000
120.647000
119.854000
123.190000
130.011000
127.387000
127.191000
118.202000
119.700000
118.198000
121.474000
120.940000
128.765000
123.502000
129.474000
119.497000
120.814000
121.543000
120.054000
121.300000
135.310000
128.691000
130.508000
123.255000
120.514000
120.936000
120.023000
118.817000
121.736000
123.627000
126.784000
120.325000
119.369000
121.278000
119.928000
119.043000
121.507000
130.572000
125.826000
130.372000
119.645000
121.495000
121.312000
121.535000
127.592000
134.028000
120.881000
137.009000
124.556000
124.356000
121.648000
121.631000
119.789000
133.826000
126.330000
129.820000
121.047000
122.312000
121.239000
122.949000
122.033000
131.549000
121.503000
127.530000
125.422000
124.157000
120.587000
117.715000
119.661000
123.267000
119.521000
127.141000
132.298000
134.604000
124.011000
123.202000
124.414000
129.170000
124.695000
131.315000
121.262000
124.005000
121.237000
121.932000
119.777000
128.085000
122.838000
130.594000
121.947000
122.193000
121.016000
119.741000
122.829000
133.028000
126.383000
127.499000
122.689000
125.146000
121.618000
121.258000
123.779000
132.612000
126.251000
140.103000
130.116000
125.211000
122.109000
123.722000
126.874000
131.211000
124.084000
130.601000
121.346000
127.247000
120.926000
122.879000
128.254000
135.472000
122.697000
124.536000
127.848000
128.119000
129.951000
133.218000
132.629000
132.057000
122.211000
131.297000
131.769000
128.429000
122.955000
122.362000
131.802000
121.269000
122.601000
127.207000
120.374000
120.240000
119.812000
121.690000
122.095000
122.768000
119.569000
127.807000
131.978000
119.280000
123.615000
131.519000
123.644000
121.207000
119.166000
121.753000
127.997000
118.585000
120.704000
119.176000
120.071000
125.064000
120.232000
120.135000
126.754000
120.015000
120.328000
121.589000
126.412000
134.788000
127.421000
121.204000
131.557000
122.814000
121.067000
121.390000
119.890000
135.910000
129.872000
122.334000
130.662000
125.495000
123.064000
121.945000
121.868000
133.504000
125.362000
120.567000
124.585000
128.758000
135.013000
124.406000
126.320000
133.541000
126.823000
121.894000
130.325000
127.982000
124.192000
122.191000
125.123000
131.873000
123.866000
122.985000
132.649000
121.934000
120.548000
125.724000
129.391000
121.932000
120.760000
121.204000
120.565000
132.121000
120.176000
120.779000
122.496000
130.797000
122.611000
120.805000
122.274000
127.986000
121.572000
122.213000
122.636000
125.930000
120.248000
120.698000
120.244000
128.931000
119.362000
121.596000
122.733000
132.582000
121.893000
118.663000
121.954000
128.464000
120.539000
118.813000
121.672000
126.853000
121.643000
121.357000
118.325000
120.548000
127.040000
121.322000
119.373000
123.346000
122.775000
121.706000
118.015000
121.723000
135.074000
121.820000
120.657000
123.900000
121.805000
118.787000
118.980000
120.056000
127.288000
125.575000
120.221000
122.791000
124.055000
121.023000
119.100000
121.541000
126.378000
122.584000
119.789000
121.474000
140.497000
121.958000
120.442000
118.225000
119.764000
125.699000
119.632000
120.086000
126.236000
121.506000
118.168000
120.426000
122.857000
127.025000
121.421000
122.319000
130.090000
118.879000
119.614000
117.427000
119.712000
126.363000
117.959000
121.342000
130.151000
127.880000
120.042000
120.538000
121.589000
119.181000
127.749000
120.124000
127.730000
121.486000
118.182000
118.263000
131.450000
123.346000
128.710000
123.117000
126.130000
125.098000
119.320000
120.193000
119.851000
120.969000
126.718000
126.237000
126.101000
130.635000
120.738000
123.401000
122.480000
121.744000
128.690000
122.962000
129.476000
122.752000
124.148000
121.715000
121.398000
123.224000
129.094000
120.974000
128.301000
124.648000
123.286000
121.718000
122.047000
122.232000
126.191000
125.925000
127.163000
127.721000
123.850000
124.125000
125.242000
126.104000
122.188000
129.492000
126.513000
124.832000
121.475000
122.032000
131.822000
128.204000
121.297000
127.436000
126.444000
123.804000
123.781000
120.692000
121.467000
123.067000
122.496000
127.884000
126.384000
134.854000
122.441000
122.658000
122.602000
127.004000
121.600000
128.152000
127.911000
126.732000
120.811000
122.216000
122.271000
122.895000
121.430000
128.590000
131.712000
131.434000
126.755000
124.469000
123.828000
124.043000
122.964000
130.093000
126.978000
123.770000
123.395000
123.141000
122.163000
122.691000
122.549000
129.721000
123.973000
129.361000
122.142000
122.284000
122.730000
122.940000
122.513000
130.975000
123.858000
125.496000
120.094000
118.499000
119.142000
118.539000
120.652000
120.952000
128.350000
125.019000
120.836000
118.016000
120.323000
122.402000
123.875000
122.111000
134.370000
136.021000
121.716000
119.666000
119.565000
135.154000
122.762000
122.722000
130.925000
125.068000
118.062000
120.838000
118.902000
121.812000
121.451000
119.341000
140.622000
125.305000
120.948000
120.532000
121.761000
119.005000
120.770000
119.105000
124.341000
139.510000
129.143000
124.039000
121.826000
121.146000
120.673000
120.113000
119.718000
142.698000
120.786000
120.091000
120.362000
120.793000
118.771000
118.177000
118.933000
133.513000
122.063000
119.506000
119.815000
121.308000
124.001000
119.820000
120.473000
129.463000
119.590000
118.783000
119.254000
122.006000
119.943000
117.833000
119.176000
118.722000
131.539000
119.315000
119.433000
119.135000
121.050000
119.167000
128.453000
122.230000
129.464000
119.414000
121.528000
120.534000
121.493000
121.052000
119.336000
119.681000
137.968000
121.200000
122.555000
121.462000
121.415000
118.851000
118.041000
119.825000
124.137000
130.307000
119.503000
119.125000
121.105000
121.093000
119.137000
121.528000
124.851000
127.526000
120.969000
118.324000
119.206000
122.144000
118.236000
119.982000
119.556000
142.799000
136.209000
147.995000
135.035000
136.904000
125.094000
125.997000
132.727000
136.058000
123.622000
125.377000
123.518000
123.189000
121.678000
124.106000
130.037000
132.693000
124.194000
125.356000
122.051000
124.809000
124.340000
123.719000
131.313000
129.635000
122.725000
125.792000
122.299000
124.237000
123.771000
122.686000
128.459000
131.894000
123.682000
123.018000
122.665000
122.563000
122.561000
122.602000
133.611000
138.884000
125.634000
123.319000
124040.080000
