0.632256
0.627520
0.625184
0.623424
0.624128
0.624416
0.624288
0.624032
0.623712
0.623392
0.624224
0.624192
0.624512
0.624096
0.622432
0.623136
0.623200
0.623968
0.630912
0.624608
0.622304
0.622464
0.624320
0.622464
0.624128
0.622944
0.622848
0.624128
0.623488
0.623744
0.621568
0.623296
0.623488
0.625600
0.624896
0.624512
0.622304
0.622208
0.625600
0.625536
0.624960
0.624384
0.624384
0.623776
0.623968
0.627872
0.623424
0.625536
0.628640
0.632032
0.626368
0.624000
0.624128
0.622976
0.625600
0.622432
0.623872
0.623360
0.622592
0.623872
0.623552
0.622624
0.623328
0.623104
0.622336
0.624384
0.623136
0.623840
0.623232
0.622336
0.624416
0.622880
0.626720
0.623808
0.624000
0.623424
0.624960
0.623072
0.623136
0.623008
0.623392
0.625600
0.623584
0.624992
0.623584
0.623008
0.624704
0.624640
0.623616
0.622592
0.633920
0.625728
0.622784
0.622400
0.623872
0.625408
0.622848
0.627648
0.629216
0.627584
0.634368
0.630208
0.624480
0.625536
0.625472
0.625824
0.634720
0.631488
0.626976
0.626336
0.625120
0.628640
0.624224
0.625984
0.625280
0.623168
0.623392
0.623168
0.622784
0.623328
0.623328
0.622624
0.623584
0.622912
0.625088
0.623136
0.621312
0.624992
0.625568
0.624320
0.624224
0.624128
0.625696
0.621952
0.623712
0.623136
0.621856
0.624896
0.623968
0.622592
0.624128
0.639552
0.624704
0.623392
0.623456
0.623360
0.623072
0.624800
0.623360
0.623744
0.624864
0.621632
0.623872
0.622720
0.623968
0.622688
0.622016
0.624384
0.622688
0.624000
0.632128
0.623296
0.622304
0.624416
0.623936
0.626560
0.632000
0.632224
0.630752
0.631040
0.631040
0.628480
0.624928
0.623104
0.622944
0.623616
0.622912
0.622592
0.622944
0.624608
0.624000
0.621824
0.625280
0.625504
0.622496
0.623872
0.624000
0.623040
0.623904
0.623264
0.624160
0.622368
0.622208
0.625120
0.621376
0.624608
0.622816
0.622464
0.623968
0.621664
0.624672
0.634496
0.634784
0.630688
0.625952
0.624704
0.624448
0.627840
0.627328
0.625952
0.626592
0.626592
0.624672
0.623392
0.625216
0.622784
0.624672
0.624256
0.623136
0.625376
0.623936
0.622496
0.623488
0.623584
0.621664
0.624480
0.622656
0.622656
0.624064
0.622816
0.623936
0.623328
0.623168
0.624256
0.624320
0.623008
0.625920
0.622528
0.624320
0.624576
0.621696
0.624960
0.624384
0.623360
0.623872
0.622592
0.623936
0.622464
0.622368
0.624032
0.623680
0.622208
0.623936
0.622624
0.622752
0.624224
0.623008
0.623168
0.625472
0.622912
0.623488
0.622432
0.622848
0.624864
0.623904
0.623264
0.625952
0.624096
0.623488
0.623776
0.621888
0.625472
0.622816
0.624256
0.623072
0.623552
0.623136
0.622560
0.623488
0.622912
0.623360
0.622880
0.624160
0.623712
0.623136
0.625120
0.621504
0.623712
0.622688
0.624832
0.622912
0.624000
0.622752
0.622784
0.622816
0.622496
0.624192
0.623264
0.624128
0.623168
0.621952
0.624128
0.622880
0.639616
0.622720
0.623008
0.623616
0.626304
0.623296
0.623840
0.622752
0.622912
0.623168
0.622688
0.625312
0.624512
0.623424
0.624672
0.623424
0.623232
0.622656
0.623424
0.631232
0.624224
0.623296
0.623296
0.623168
0.621920
0.624256
0.625088
0.622208
0.624288
0.622624
0.623872
0.625568
0.623200
0.625088
0.624416
0.622656
0.624736
0.623232
0.622784
0.628320
0.632320
0.630944
0.631744
0.629152
0.625600
0.625152
0.622976
0.624032
0.623264
0.623040
0.626432
0.624192
0.622400
0.624224
0.621952
0.624192
0.622176
0.623808
0.623840
0.623424
0.623712
0.622112
0.628096
0.636704
0.634528
0.643264
0.638240
0.638272
0.638048
0.640896
0.638784
0.637600
0.636160
0.639264
0.637664
0.635168
0.630688
0.630656
0.631648
0.631744
0.631072
0.633824
0.632672
0.633440
0.631584
0.633536
0.632800
0.634528
0.632224
0.632544
0.641952
0.627552
0.627744
0.626752
0.627936
0.626752
0.625856
0.626016
0.627200
0.626720
0.626176
0.625152
0.624288
0.626368
0.625760
0.625248
0.626752
0.626656
0.624960
0.624416
0.627200
0.625952
0.630720
0.626720
0.628832
0.625248
0.625952
0.623840
0.625600
0.626976
0.626368
0.625696
0.625696
0.637120
0.625472
0.627264
0.626336
0.624640
0.625760
0.626656
0.625888
0.627136
0.625312
0.625376
0.624096
0.624608
0.625024
0.626304
0.627872
0.627008
0.627264
0.625344
0.623968
0.632768
0.624736
0.621600
0.622176
0.623168
0.622688
0.623712
0.623328
0.622880
0.623104
0.622720
0.623104
0.622656
0.624320
0.625792
0.625024
0.624864
0.623296
0.626784
0.635072
0.636640
0.650400
0.634656
0.633408
0.634272
0.631616
0.630848
0.632384
0.634048
0.631584
0.629568
0.629888
0.633248
0.632448
0.630240
0.629888
0.629184
0.628832
0.630880
0.634272
0.633760
0.626272
0.624192
0.625472
0.625312
0.625120
0.624576
0.624992
0.624352
0.625696
0.626272
0.626304
0.624000
0.627040
0.624992
0.624544
0.623584
0.624960
0.622816
0.624992
0.630400
0.623520
0.622240
0.624928
0.622784
0.624000
0.622944
0.624000
0.622112
0.623680
0.623296
0.622656
0.624032
0.622336
0.624064
0.622688
0.623840
0.626720
0.626496
0.624864
0.622784
0.623808
0.623040
0.624736
0.624544
0.626496
0.623200
0.625280
0.623808
0.623520
0.624768
0.629984
0.625024
0.623680
0.625568
0.625216
0.622816
0.623328
0.623584
0.622208
0.624416
0.622976
0.630400
0.625248
0.624512
0.621280
0.625216
0.623424
0.624672
0.622720
0.623264
0.623104
0.623680
0.622496
0.623040
0.623648
0.624096
0.622432
0.622048
0.621728
0.624576
0.626752
0.623264
0.621408
0.624352
0.624224
0.623296
0.623808
0.621632
0.623904
0.621856
0.625216
0.626176
0.627008
0.621728
0.625152
0.624032
0.623328
0.624160
0.623648
0.624192
0.622848
0.623200
0.623264
0.625280
0.623104
0.623168
0.622336
0.622560
0.623392
0.623584
0.622656
0.622848
0.622336
0.623520
0.624000
0.623776
0.624320
0.624608
0.623712
0.622880
0.623232
0.622176
0.623360
0.623456
0.623712
0.623456
0.622720
0.623744
0.622208
0.622848
0.622624
0.623008
0.623648
0.625408
0.624384
0.623648
0.623360
0.623008
0.625056
0.626592
0.624672
0.623552
0.622720
0.624992
0.623040
0.624960
0.625248
0.623520
0.624672
0.622080
0.624960
0.623104
0.625280
0.621216
0.624096
0.623872
0.622976
0.623840
0.623008
0.623616
0.623744
0.622752
0.625280
0.624384
0.622176
0.623616
0.623392
0.623328
0.623744
0.621536
0.630208
0.663424
0.635840
0.633248
0.632288
0.629984
0.630336
0.630336
0.628096
0.626272
0.634688
0.626208
0.637504
0.623712
0.624352
0.623744
0.622560
0.625056
0.624608
0.622528
0.624256
0.625568
0.624704
0.626784
0.627296
0.627904
0.624032
0.624160
0.625408
0.625856
0.622848
0.623008
0.622816
0.628832
0.622976
0.622272
0.623264
0.625088
0.622368
0.624096
0.624000
0.623136
0.623680
0.622368
0.624160
0.623584
0.622240
0.624480
0.624192
0.625056
0.625696
0.634560
0.626624
0.627648
0.623296
0.624288
0.624096
0.624544
0.624352
0.624896
0.625056
0.622944
0.624832
0.630368
0.622720
0.623520
0.621760
0.622176
0.623456
0.624416
0.624032
0.622656
0.622368
0.623616
0.623744
0.623456
0.623904
0.623456
0.623136
0.625600
0.626240
0.623968
0.624352
0.622880
0.621440
0.622560
0.622784
0.622496
0.623040
0.623360
0.622720
0.624864
0.624128
0.621664
0.624672
0.623200
0.623264
0.624384
0.621824
0.622880
0.622880
0.623008
0.622464
0.622720
0.623648
0.624128
0.623680
0.622496
0.623872
0.622016
0.623232
0.622976
0.622944
0.624320
0.624672
0.624192
0.622304
0.624320
0.622080
0.623616
0.622624
0.623808
0.624000
0.623520
0.624512
0.623072
0.629248
0.628704
0.625408
0.621984
0.623616
0.629984
0.622592
0.622144
0.624480
0.623040
0.623776
0.624000
0.624672
0.622176
0.623520
0.621856
0.623520
0.622976
0.623712
0.624896
0.621824
0.624576
0.623264
0.628992
0.622048
0.623232
0.623488
0.622848
0.624576
0.624448
0.623936
0.624320
0.633536
0.630944
0.623680
0.632448
0.624544
0.622816
0.623712
0.627104
0.622144
0.624640
0.624576
0.625312
0.625088
0.625184
0.624224
0.625824
0.622016
0.634688
0.625184
0.623776
0.625792
0.624736
0.622432
0.626528
0.625760
0.628416
0.626720
0.624704
0.626368
0.623616
0.624992
0.622464
0.623392
0.624640
0.624352
0.623104
0.623328
0.640224
0.623584
0.625536
0.622528
0.629664
0.624896
0.625984
0.623072
0.625248
0.623456
0.623584
0.793248
0.622976
0.624544
0.625728
0.623360
0.625856
0.631296
0.628992
0.622784
0.625344
0.625408
0.624320
0.625696
0.623616
0.623936
0.622528
0.622240
0.622720
0.622112
0.623456
0.623200
0.623872
0.623520
0.622784
0.623680
0.672352
0.628992
0.625984
0.628832
0.625280
0.629760
0.628864
0.625216
0.622528
0.625408
0.623200
0.623136
0.624000
0.622432
0.625376
0.633696
0.631200
0.627840
0.628640
0.630400
0.622016
0.625088
0.623648
0.622208
0.622304
0.626720
0.623040
0.623424
0.623456
0.621952
0.625504
0.623104
0.626688
0.623328
0.624640
0.622784
0.623872
0.622656
0.622208
0.625024
0.621376
0.623136
0.623104
0.623968
0.642368
0.628864
0.625760
0.625472
0.624544
0.626400
0.624192
0.624384
0.624800
0.622912
0.623584
0.627424
0.622752
0.625664
0.624288
0.624544
0.624160
0.624512
0.630784
0.623104
0.625472
0.623520
0.626112
0.624896
0.623680
0.626912
0.626112
0.625312
0.623936
0.624288
0.627808
0.623488
0.623968
0.623424
0.625408
0.624192
0.625920
0.624608
0.626368
0.624256
0.625056
0.624064
0.623744
0.623936
0.625152
0.623360
0.625440
0.625760
0.623168
0.624288
0.624640
0.624416
0.624384
0.626688
0.623264
0.625376
0.624000
0.625024
0.623968
0.625216
0.623488
0.624832
0.623904
0.624160
0.624544
0.627136
0.626944
0.624640
625.355999
