0.633056
0.626272
0.624064
0.624224
0.624064
0.621920
0.625888
0.623712
0.630208
0.651488
0.631104
0.626464
0.624960
0.623520
0.625248
0.623616
0.624384
0.624384
0.624672
0.625472
0.626080
0.624384
0.623712
0.623424
0.630176
0.630816
0.623584
0.628384
0.623968
0.628896
0.622656
0.628096
0.622720
0.624992
0.623456
0.625280
0.622944
0.624128
0.625664
0.622304
0.623232
0.623360
0.624096
0.624160
0.623328
0.622048
0.622848
0.626112
0.625312
0.624928
0.623968
0.624384
0.624032
0.625216
0.623584
0.622784
0.623392
0.623648
0.629600
0.629728
0.631744
0.637920
0.631840
0.631168
0.633504
0.627744
0.624224
0.624640
0.623488
0.623808
0.623040
0.622080
0.625344
0.624640
0.622976
0.624512
0.622880
0.623968
0.623968
0.621920
0.623488
0.623424
0.626272
0.624832
0.624448
0.622784
0.622944
0.623744
0.624544
0.626336
0.624864
0.623776
0.622976
0.622688
0.623392
0.623456
0.625024
0.623872
0.623136
0.625056
0.623232
0.621920
0.626848
0.622880
0.623872
0.625760
0.625152
0.624384
0.621312
0.623040
0.622816
0.624064
0.626272
0.632000
0.635872
0.627520
0.629152
0.624320
0.624224
0.622368
0.624448
0.624640
0.625824
0.624320
0.623136
0.623168
0.624000
0.623904
0.626720
0.627712
0.623808
0.623744
0.624704
0.623136
0.624704
0.625184
0.624096
0.622720
0.622656
0.622784
0.625344
0.625728
0.620992
0.624576
0.627904
0.624800
0.625888
0.627136
0.625472
0.623232
0.622944
0.622336
0.623392
0.624000
0.625696
0.627136
0.623520
0.628288
0.623808
0.623616
0.623680
0.626240
0.624544
0.623968
0.627552
0.633856
0.632832
0.629696
0.628768
0.623520
0.623680
0.624640
0.621792
0.629440
0.623520
0.625216
0.625472
0.629600
0.625824
0.622848
0.624576
0.623776
0.626080
0.624800
0.625504
0.624992
0.624576
0.622912
0.622304
0.624160
0.625312
0.629440
0.624000
0.622976
0.626752
0.622816
0.624832
0.624960
0.625888
0.621952
0.622528
0.624416
0.624000
0.625088
0.621792
0.623968
0.624160
0.623968
0.624992
0.623392
0.623968
0.623552
0.622560
0.624576
0.622976
0.621888
0.623104
0.625152
0.624000
0.624096
0.622336
0.622656
0.624480
0.624000
0.624000
0.623936
0.624416
0.623136
0.624000
0.622720
0.625440
0.622048
0.623424
0.623488
0.624672
0.623712
0.624384
0.623648
0.626624
0.623232
0.624576
0.623744
0.624480
0.622848
0.623872
0.623552
0.625344
0.624736
0.624896
0.623584
0.625664
0.622560
0.623776
0.623968
0.622464
0.624768
0.623392
0.624736
0.623232
0.622464
0.623872
0.622720
0.625024
0.622528
0.624864
0.624896
0.622784
0.622784
0.624192
0.625088
0.628448
0.627040
0.623936
0.623296
0.624544
0.624192
0.626848
0.628832
0.624416
0.622272
0.622880
0.629376
0.633440
0.630944
0.626144
0.625568
0.624160
0.624576
0.623232
0.622016
0.623968
0.624160
0.624064
0.623296
0.622624
0.622336
0.623936
0.622592
0.626240
0.627008
0.623200
0.623808
0.623072
0.624736
0.624064
0.634048
0.623936
0.622368
0.624064
0.622912
0.624704
0.624064
0.625440
0.623232
0.623424
0.624160
0.623968
0.625568
0.621920
0.631872
0.624672
0.625344
0.625888
0.625600
0.624064
0.622528
0.624576
0.622912
0.623712
0.624608
0.623328
0.625440
0.621888
0.623936
0.623776
0.627392
0.623872
0.623232
0.624416
0.623584
0.624352
0.623360
0.624096
0.621664
0.624800
0.623744
0.624320
0.624032
0.622752
0.623744
0.623616
0.624288
0.623424
0.625472
0.622336
0.623264
0.625792
0.623584
0.624992
0.622080
0.632992
0.623776
0.630112
0.624192
0.623360
0.624416
0.624064
0.654464
0.629792
0.633376
0.631200
0.633344
0.635072
0.626528
0.626048
0.625376
0.623520
0.624800
0.624928
0.623040
0.622528
0.623904
0.622784
0.623552
0.623200
0.623520
0.625920
0.624160
0.622624
0.624256
0.624224
0.623456
0.627008
0.624000
0.624384
0.624448
0.622016
0.624640
0.622752
0.623808
0.624928
0.623072
0.623232
0.622880
0.624000
0.624384
0.624608
0.621888
0.623360
0.624608
0.623296
0.624864
0.622112
0.623712
0.623200
0.622592
0.623136
0.623104
0.624192
0.629472
0.624800
0.623776
0.623776
0.624256
0.622240
0.623616
0.625792
0.623680
0.630496
0.637152
0.650048
0.634464
0.638528
0.636480
0.636960
0.637120
0.638368
0.637120
0.643488
0.635968
0.638304
0.637056
0.635840
0.633568
0.634400
0.637632
0.634496
0.630080
0.629312
0.630400
0.630880
0.634400
0.632576
0.627040
0.625472
0.624192
0.623904
0.624544
0.625312
0.623712
0.624576
0.624672
0.622176
0.624256
0.623648
0.623488
0.624448
0.622912
0.624064
0.624352
0.624480
0.622496
0.622784
0.622816
0.624576
0.623808
0.624416
0.626080
0.623168
0.626272
0.627200
0.625120
0.626016
0.623296
0.626304
0.624992
0.624160
0.623104
0.624544
0.623744
0.625408
0.631648
0.623328
0.623552
0.623264
0.623616
0.623488
0.623168
0.624768
0.623680
0.624352
0.623328
0.623808
0.622624
0.623168
0.624160
0.623968
0.625568
0.622176
0.624608
0.622592
0.624128
0.623680
0.623616
0.623712
0.623072
0.623456
0.622656
0.623552
0.622016
0.623296
0.624320
0.624608
0.623872
0.622304
0.624192
0.622880
0.624032
0.623360
0.624064
0.622688
0.622976
0.624000
0.623008
0.624160
0.622272
0.623968
0.625984
0.624000
0.623456
0.622880
0.623008
0.624288
0.629184
0.625632
0.624544
0.622496
0.623552
0.623264
0.623520
0.624544
0.621376
0.623072
0.626208
0.623264
0.623776
0.623648
0.626368
0.629312
0.633632
0.632736
0.631648
0.628576
0.628992
0.624000
0.622944
0.625376
0.624352
0.623264
0.624576
0.624864
0.623680
0.623392
0.624704
0.623744
0.624832
0.624672
0.624384
0.624256
0.623808
0.623232
0.623456
0.622560
0.624672
0.624064
0.623744
0.629440
0.631264
0.625344
0.622752
0.623328
0.624864
0.623552
0.622848
0.624736
0.623648
0.626848
0.623520
0.624384
0.623136
0.625184
0.624000
0.624960
0.622176
0.622400
0.625504
0.633152
0.624384
0.624832
0.623232
0.623808
0.624352
0.625344
0.624416
0.624384
0.624576
0.625760
0.622592
0.624960
0.624608
0.626272
0.624672
0.625280
0.622880
0.625088
0.623328
0.623904
0.624736
0.624224
0.624416
0.626560
0.621760
0.623040
0.624736
0.624800
0.626880
0.622720
0.625888
0.625888
0.623968
0.624032
0.625632
0.623968
0.624608
0.623168
0.622912
0.625440
0.622432
0.625216
0.624800
0.627584
0.622816
0.630784
0.641312
0.622912
0.623488
0.623456
0.623616
0.623136
0.624320
0.623552
0.623392
0.627232
0.622432
0.624032
0.623040
0.623232
0.624064
0.623968
0.623328
0.623648
0.623904
0.622848
0.624864
0.622496
0.624384
0.622976
0.622112
0.624288
0.622784
0.625504
0.624384
0.624896
0.622624
0.627104
0.623424
0.623232
0.623488
0.622080
0.624000
0.622880
0.625120
0.623872
0.623552
0.624320
0.622848
0.624064
0.622656
0.627328
0.622912
0.624000
0.624608
0.623680
0.623104
0.624352
0.624352
0.625024
0.623104
0.624672
0.621984
0.623968
0.624640
0.623168
0.623168
0.624448
0.622368
0.622464
0.624320
0.622240
0.623264
0.622848
0.624128
0.623584
0.633984
0.623616
0.627936
0.623936
0.623520
0.625088
0.623552
0.623392
0.624160
0.622176
0.625568
0.623584
0.629856
0.635296
0.635456
0.632192
0.626368
0.626304
0.623680
0.626176
0.625760
0.624896
0.628352
0.626400
0.626208
0.624288
0.625152
0.624224
0.623392
0.622560
0.624160
0.624128
0.624384
0.622688
0.624096
0.624480
0.621952
0.625920
0.624160
0.623360
0.623360
0.622464
0.623456
0.624192
0.623232
0.624224
0.623552
0.622880
0.622784
0.625216
0.624384
0.624480
0.624288
0.624128
0.624800
0.624800
0.622912
0.622656
0.622336
0.623680
0.623648
0.630528
0.623232
0.623808
0.623360
0.622880
0.629376
0.625408
0.623328
0.623456
0.623296
0.624928
0.626432
0.625888
0.625728
0.624672
0.623680
0.622240
0.625088
0.624064
0.622848
0.624512
0.621536
0.641088
0.623456
0.624064
0.623136
0.623680
0.622112
0.622976
0.629536
0.625440
0.626432
0.624896
0.622880
0.624608
0.622880
0.623968
0.625216
0.624160
0.623680
0.624480
0.623040
0.623360
0.623968
0.622720
0.624416
0.623520
0.621728
0.622656
0.623232
0.623904
0.622048
0.623776
0.624704
0.624512
0.622592
0.624640
0.623488
0.624704
0.624736
0.622464
0.624768
0.623168
0.623680
0.624096
0.624064
0.624256
0.624480
0.624800
0.623392
0.623968
0.622848
0.623584
0.623776
0.623200
0.623200
0.622624
0.622400
0.622368
0.628992
0.624704
0.623968
0.625376
0.624256
0.624000
0.622336
0.624704
0.624384
0.624096
0.623488
0.624256
0.623168
0.623968
0.624256
0.622656
0.623648
0.622400
0.623712
0.623648
0.622624
0.624032
0.623392
0.623712
0.622784
0.623744
0.623072
0.624064
0.624320
0.623072
0.624192
0.622976
0.623648
0.622688
0.624192
0.623520
0.623712
0.624224
0.623584
0.623936
0.625760
0.625824
0.624832
0.624256
0.623232
0.624192
0.625312
0.622304
0.623296
0.622752
0.625152
0.624160
0.623776
0.623744
0.622976
0.626400
0.624064
0.623104
0.636736
0.624928
0.623904
0.623200
0.623392
0.623072
0.629824
0.624768
0.624096
0.628064
0.630240
0.630176
0.625408
0.626336
0.625120
0.624768
0.623584
0.625952
0.627872
0.624064
0.623840
0.622912
0.623232
0.623808
0.625856
0.623840
0.622944
0.624064
0.623584
0.624672
0.624704
0.623392
0.624288
0.624672
0.623648
0.622848
0.625952
0.623168
0.624608
0.622976
0.624928
0.625728
0.625952
0.624960
0.624576
0.627296
0.626368
0.625568
0.623808
0.623776
0.624256
0.621792
0.625408
0.623776
0.623936
0.625408
0.622880
0.627776
0.624896
0.625504
0.624704
0.625120
0.622048
0.624608
0.628320
0.622816
0.624384
0.623520
0.624192
0.622816
0.623552
0.626144
0.626560
0.625440
0.625376
0.624224
0.624800
0.624480
0.623104
624.915615
