0.634272
0.623936
0.630144
0.624320
0.622784
0.625632
0.624896
0.624640
0.622880
0.623776
0.623104
0.623200
0.624000
0.622080
0.624608
0.623552
0.623136
0.623552
0.621088
0.623552
0.621920
0.623136
0.623936
0.621984
0.624736
0.621568
0.623680
0.623232
0.622752
0.623040
0.622848
0.623040
0.622752
0.622944
0.623104
0.621440
0.624736
0.624000
0.624288
0.621472
0.623552
0.621792
0.623776
0.623776
0.622720
0.624416
0.623296
0.623904
0.623264
0.621952
0.622880
0.623168
0.623584
0.623584
0.623872
0.621632
0.622976
0.621856
0.623904
0.625472
0.622592
0.623200
0.623200
0.623872
0.623328
0.621984
0.623264
0.621952
0.622176
0.624352
0.622272
0.624416
0.632928
0.628352
0.623648
0.624640
0.624256
0.624224
0.623520
0.621888
0.623200
0.624192
0.622528
0.621728
0.624064
0.624256
0.641472
0.622528
0.622592
0.624160
0.622592
0.621824
0.623136
0.623744
0.624736
0.624032
0.621472
0.623360
0.624000
0.624704
0.632608
0.624544
0.622848
0.621568
0.622816
0.624000
0.623424
0.622464
0.624096
0.625408
0.624672
0.623072
0.623808
0.623776
0.621440
0.623936
0.623488
0.627744
0.635360
0.635200
0.635680
0.632448
0.630656
0.630624
0.632768
0.629856
0.630880
0.633280
0.631456
0.625504
0.623968
0.624928
0.623520
0.628160
0.624288
0.622112
0.624320
0.627328
0.633312
0.630432
0.628320
0.624928
0.622944
0.624864
0.634080
0.624640
0.623104
0.626080
0.624032
0.624352
0.624672
0.624128
0.624352
0.623072
0.621600
0.627808
0.623040
0.624320
0.623552
0.622976
0.625248
0.623392
0.625056
0.624160
0.623232
0.627456
0.629824
0.630400
0.631552
0.630176
0.629408
0.626560
0.623040
0.624288
0.624128
0.624128
0.622016
0.623936
0.622944
0.625536
0.623008
0.624576
0.625216
0.622656
0.624000
0.623136
0.623648
0.623712
0.622080
0.624608
0.623104
0.623424
0.622176
0.622080
0.621952
0.624000
0.623456
0.632736
0.624704
0.621984
0.623232
0.622656
0.623648
0.623680
0.622304
0.621952
0.623936
0.625216
0.623232
0.622720
0.622464
0.624256
0.622880
0.622112
0.622816
0.623168
0.623008
0.623232
0.624992
0.624160
0.623200
0.622176
0.623936
0.624032
0.623232
0.623232
0.622112
0.623488
0.625184
0.624160
0.625344
0.624416
0.623616
0.624064
0.624448
0.623872
0.621568
0.621632
0.623968
0.628320
0.623232
0.622464
0.623136
0.623136
0.624320
0.624000
0.623168
0.623744
0.625696
0.623776
0.627328
0.623136
0.622816
0.624320
0.622880
0.624896
0.623008
0.622080
0.622848
0.623296
0.624416
0.623328
0.624768
0.621856
0.623584
0.623168
0.624064
0.625216
0.623200
0.622816
0.623104
0.623808
0.623232
0.622048
0.623456
0.622432
0.623968
0.624160
0.624512
0.623552
0.624544
0.623840
0.624224
0.624480
0.636096
0.625472
0.622560
0.623808
0.623968
0.623808
0.624512
0.623520
0.622368
0.622944
0.623328
0.627040
0.624736
0.623008
0.624480
0.624928
0.625824
0.623360
0.624064
0.624768
0.632096
0.636736
0.634912
0.651936
0.636032
0.637472
0.637024
0.630400
0.632000
0.630016
0.634112
0.632512
0.633696
0.632768
0.631200
0.640384
0.632448
0.631680
0.627744
0.628672
0.632736
0.630304
0.631104
0.634144
0.630080
0.626304
0.625504
0.623680
0.624576
0.624800
0.625216
0.625408
0.625216
0.633344
0.634944
0.637216
0.638048
0.639488
0.633632
0.631520
0.632800
0.633408
0.634976
0.638240
0.633504
0.627776
0.628672
0.630240
0.631264
0.633376
0.635296
0.632352
0.625312
0.626080
0.625888
0.624032
0.624672
0.623488
0.624320
0.624800
0.623584
0.625184
0.622656
0.623840
0.622272
0.625248
0.624480
0.624960
0.623840
0.624768
0.624032
0.622752
0.624896
0.620960
0.623264
0.622880
0.622848
0.624256
0.623808
0.623904
0.622752
0.621696
0.622592
0.622688
0.630656
0.634464
0.638272
0.633184
0.635296
0.637248
0.638304
0.636352
0.635232
0.638016
0.638368
0.637952
0.632768
0.630400
0.632992
0.631808
0.635712
0.631968
0.630240
0.626592
0.625440
0.628544
0.632064
0.634240
0.631360
0.631136
0.628576
0.623616
0.623424
0.623360
0.623392
0.623296
0.623072
0.625504
0.623008
0.623168
0.624448
0.623488
0.623392
0.623520
0.624800
0.623104
0.623392
0.624320
0.622208
0.624768
0.622432
0.624192
0.623616
0.622688
0.623936
0.622816
0.622944
0.623360
0.624032
0.622528
0.625184
0.621888
0.623904
0.625728
0.621632
0.624224
0.622080
0.626560
0.628512
0.630528
0.631264
0.632512
0.632576
0.632992
0.634048
0.627680
0.631264
0.633088
0.629632
0.628960
0.631168
0.628832
0.628800
0.630272
0.633120
0.631872
0.632384
0.631616
0.631936
0.630880
0.625952
0.624704
0.629184
0.627232
0.625440
0.627296
0.625472
0.627360
0.626848
0.625152
0.625856
0.628352
0.627616
0.625792
0.625408
0.625248
0.627808
0.625248
0.626176
0.630752
0.625184
0.626400
0.625760
0.625728
0.625408
0.627360
0.627040
0.626016
0.625344
0.624896
0.632736
0.627488
0.626496
0.625056
0.626016
0.629056
0.626752
0.625792
0.625152
0.627008
0.624384
0.624000
0.623680
0.624736
0.622144
0.621568
0.624256
0.621344
0.622272
0.623296
0.623744
0.624864
0.621856
0.628288
0.623264
0.624000
0.623616
0.622176
0.624064
0.622496
0.625056
0.623712
0.624128
0.621280
0.623840
0.623584
0.623616
0.624064
0.624352
0.625184
0.622624
0.626528
0.625152
0.625280
0.623168
0.623712
0.622944
0.622624
0.624896
0.622304
0.624320
0.623008
0.625536
0.623584
0.624416
0.624928
0.622816
0.623648
0.621920
0.623616
0.623200
0.622848
0.624288
0.622048
0.622688
0.622624
0.623936
0.623552
0.624096
0.623904
0.623008
0.623200
0.623040
0.623616
0.622464
0.622304
0.625088
0.625184
0.626176
0.621440
0.622112
0.623776
0.621824
0.622944
0.624544
0.629760
0.623104
0.625024
0.622080
0.623552
0.623968
0.623296
0.624416
0.623456
0.623040
0.622368
0.624576
0.632512
0.622432
0.623424
0.624288
0.624224
0.622688
0.623520
0.623808
0.624160
0.625952
0.635424
0.623968
0.623136
0.622272
0.623744
0.622784
0.621824
0.624352
0.626048
0.625152
0.622688
0.623456
0.623168
0.623072
0.635040
0.623040
0.622720
0.625312
0.622944
0.622016
0.623232
0.623776
0.629408
0.623648
0.624192
0.621984
0.635968
0.624608
0.624320
0.624288
0.624416
0.626496
0.644096
0.649472
0.625056
0.623872
0.623200
0.627136
0.621888
0.624256
0.624160
0.623968
0.623328
0.624256
0.622752
0.628608
0.631552
0.631520
0.632256
0.629760
0.629344
0.626464
0.622048
0.625824
0.621504
0.622688
0.624608
0.622592
0.624288
0.626304
0.623392
0.622112
0.622784
0.622688
0.622624
0.623744
0.622240
0.623776
0.621984
0.622752
0.621920
0.624256
0.623648
0.623136
0.632032
0.628576
0.627264
0.624864
0.626432
0.623136
0.625280
0.624032
0.623648
0.624064
0.621984
0.625312
0.622624
0.623840
0.623072
0.627968
0.630240
0.629024
0.632800
0.633280
0.631744
0.622976
0.625760
0.624640
0.623584
0.625152
0.625536
0.622368
0.625152
0.625120
0.624640
0.624544
0.624864
0.623296
0.626432
0.624288
0.624192
0.624416
0.623936
0.623136
0.631296
0.625312
0.621344
0.624000
0.622976
0.623296
0.624000
0.623104
0.624928
0.624192
0.623552
0.623456
0.623520
0.623072
0.624320
0.624768
0.623200
0.624576
0.621760
0.625152
0.623232
0.622656
0.624992
0.624000
0.624896
0.623168
0.624928
0.623744
0.625024
0.621696
0.623872
0.624768
0.623680
0.624224
0.620704
0.623232
0.622272
0.623520
0.623072
0.622592
0.623424
0.625344
0.627040
0.624960
0.624864
0.623296
0.625312
0.624000
0.623520
0.622496
0.629248
0.623840
0.623104
0.623904
0.626400
0.623584
0.624800
0.624992
0.629664
0.627616
0.624512
0.623104
0.623584
0.623712
0.621568
0.625056
0.622688
0.622208
0.626240
0.622080
0.623584
0.622592
0.622624
0.624096
0.622016
0.623104
0.623392
0.621504
0.623104
0.621984
0.624672
0.625184
0.623424
0.623968
0.623488
0.624000
0.623232
0.626080
0.623104
0.624992
0.622816
0.623168
0.623232
0.622304
0.625728
0.623200
0.623168
0.623488
0.621536
0.624192
0.624288
0.621888
0.624192
0.623520
0.622496
0.625248
0.621888
0.623008
0.625152
0.621184
0.623552
0.622560
0.623296
0.625632
0.622880
0.626880
0.621632
0.623264
0.623360
0.622752
0.625024
0.624288
0.625088
0.623360
0.624448
0.622272
0.624928
0.622560
0.622112
0.624000
0.621888
0.625120
0.622944
0.625728
0.623584
0.621760
0.623936
0.624256
0.625280
0.624064
0.625088
0.624832
0.626176
0.623616
0.624384
0.622528
0.623200
0.622464
0.622816
0.623904
0.624352
0.625056
0.624736
0.622816
0.622368
0.622528
0.624992
0.621984
0.623488
0.626368
0.622176
0.622848
0.622432
0.624032
0.623584
0.622240
0.637184
0.622688
0.624224
0.621792
0.623488
0.627296
0.628160
0.623264
0.631584
0.624512
0.624000
0.621664
0.626080
0.623776
0.622464
0.623872
0.623264
0.625312
0.624544
0.623392
0.623840
0.621696
0.623360
0.623232
0.623712
0.622464
0.622272
0.624736
0.623104
0.624320
0.621216
0.623072
0.623328
0.627552
0.624288
0.624480
0.626080
0.625824
0.623520
0.627680
0.622432
0.622816
0.624768
0.623264
0.624224
0.624160
0.623232
0.623936
0.624288
0.626336
0.623264
0.629312
0.636288
0.627808
0.626432
0.625344
0.624000
0.623968
0.622976
0.624736
0.624544
0.631424
0.641632
0.632960
0.630976
0.629888
0.628800
0.633760
0.633088
0.633824
0.634752
0.631296
0.629600
0.630080
0.629120
0.653344
0.635488
0.630944
0.626880
0.630528
0.631424
0.628160
0.623264
0.623072
0.624672
0.624448
0.624992
0.623744
0.624160
0.624128
0.625824
0.625600
0.621696
0.628384
0.623296
0.623904
0.623808
0.623264
0.625184
0.625216
0.622944
0.625376
0.623424
0.622432
0.627264
0.622240
0.623104
0.625152
0.622944
625.402272
