0.095840
0.092960
0.093760
0.092000
0.091648
0.092032
0.090720
0.092576
0.091328
0.092096
0.091200
0.091392
0.091168
0.092256
0.091552
0.091680
0.090880
0.091904
0.091168
0.091424
0.090560
0.092032
0.090848
0.091424
0.090752
0.091648
0.090976
0.094016
0.090912
0.091616
0.090976
0.095776
0.094432
0.094976
0.090656
0.091456
0.090368
0.093760
0.092480
0.091360
0.090784
0.091040
0.091200
0.091584
0.090688
0.091872
0.090720
0.092544
0.091392
0.091584
0.091008
0.091872
0.090784
0.091104
0.091040
0.091360
0.091360
0.092256
0.091136
0.091616
0.090720
0.091744
0.090816
0.091456
0.090944
0.091584
0.090784
0.091808
0.091200
0.091360
0.090816
0.091296
0.092032
0.093216
0.090496
0.091456
0.090400
0.095872
0.096256
0.095904
0.090496
0.091680
0.090880
0.091616
0.091072
0.093952
0.090496
0.092064
0.091392
0.091648
0.091104
0.091552
0.090944
0.091936
0.091008
0.091360
0.091072
0.091648
0.091296
0.092064
0.090816
0.091488
0.090912
0.091168
0.090688
0.091392
0.091008
0.091680
0.090912
0.091872
0.090592
0.091232
0.090752
0.091456
0.090880
0.091648
0.096704
0.092032
0.100704
0.094912
0.091072
0.095744
0.095264
0.091200
0.094208
0.094368
0.090976
0.092288
0.091328
0.094176
0.100800
0.093120
0.091552
0.091744
0.091392
0.091840
0.091328
0.094304
0.096544
0.094688
0.091072
0.100672
0.091232
0.092032
0.090912
0.091392
0.091680
0.092288
0.091264
0.091840
0.091552
0.093056
0.092704
0.091808
0.091936
0.096480
0.090816
0.092928
0.097504
0.092448
0.092064
0.091840
0.091104
0.091712
0.091936
0.092128
0.090976
0.092320
0.090976
0.092128
0.090816
0.091744
0.090848
0.091168
0.091200
0.091680
0.090816
0.093664
0.091136
0.091520
0.094304
0.095456
0.093600
0.094816
0.090720
0.091392
0.091424
0.096096
0.091360
0.091648
0.091136
0.091520
0.090688
0.091744
0.091040
0.091680
0.090880
0.096640
0.092064
0.091680
0.090400
0.091200
0.090528
0.091456
0.090976
0.091392
0.091008
0.091264
0.091040
0.093376
0.094048
0.091232
0.090816
0.091584
0.091008
0.094752
0.090816
0.096320
0.093824
0.093760
0.090400
0.091552
0.091552
0.091456
0.090880
0.091840
0.091200
0.092448
0.091264
0.091456
0.090880
0.091520
0.090816
0.091904
0.090592
0.091232
0.090912
0.091488
0.090944
0.091424
0.090944
0.091520
0.091008
0.094176
0.090688
0.091392
0.095424
0.092064
0.091232
0.092896
0.090496
0.091456
0.090624
0.091328
0.090976
0.091360
0.101152
0.092192
0.091424
0.091360
0.090496
0.091648
0.091104
0.091872
0.090880
0.091328
0.091296
0.092480
0.091520
0.091776
0.091136
0.091488
0.090656
0.091456
0.091008
0.091840
0.093568
0.091648
0.090784
0.091328
0.090336
0.091872
0.090432
0.091296
0.092096
0.095424
0.095200
0.091808
0.090752
0.091424
0.091008
0.093024
0.095488
0.091616
0.091424
0.093920
0.090880
0.091648
0.092992
0.095008
0.092736
0.091712
0.095840
0.096448
0.095296
0.094560
0.100832
0.095232
0.093696
0.091584
0.090944
0.091296
0.090752
0.091584
0.090816
0.109760
0.091712
0.096416
0.095232
0.092192
0.093696
0.091872
0.091168
0.094752
0.090944
0.091680
0.091360
0.091520
0.091392
0.112096
0.095488
0.091904
0.090976
0.091872
0.091456
0.095936
0.092288
0.092672
0.091840
0.100480
0.090688
0.091552
0.090464
0.091488
0.090688
0.091904
0.094464
0.091744
0.091136
0.091360
0.090976
0.094016
0.090912
0.091840
0.096832
0.094528
0.105216
0.095616
0.098368
0.094400
0.098240
0.096896
0.094016
0.094272
0.094400
0.223008
0.100928
0.096032
0.094112
0.094848
0.097888
0.096000
0.097536
0.103136
0.097856
0.097824
0.094432
0.097664
0.097888
0.094112
0.094784
0.096704
0.095424
0.094912
0.094528
0.094144
0.094464
0.094368
0.094400
0.095264
0.094592
0.100768
0.098624
0.096096
0.095008
0.094720
0.094144
0.094624
0.094656
0.097152
0.097824
0.096416
0.095168
0.094304
0.094784
0.095552
0.095424
0.094944
0.094080
0.094816
0.096256
0.096320
0.097920
0.095072
0.095648
0.096000
0.094496
0.095072
0.094496
0.098688
0.094848
0.095840
0.098912
0.095296
0.094112
0.094304
0.098688
0.094688
0.093664
0.105504
0.098848
0.095232
0.094528
0.094752
0.094368
0.094912
0.094528
0.094976
0.102816
0.096832
0.095168
0.095296
0.094336
0.094816
0.096960
0.099936
0.099008
0.094688
0.095840
0.099648
0.098272
0.094400
0.097984
0.095456
0.094560
0.097792
0.098112
0.108032
0.094624
0.092192
0.090816
0.091584
0.091072
0.091648
0.090624
0.091904
0.090848
0.092704
0.092832
0.091776
0.090816
0.091552
0.092672
0.094784
0.095104
0.094080
0.090528
0.093600
0.093152
0.094720
0.090880
0.091616
0.090848
0.092000
0.091008
0.091520
0.091040
0.093184
0.091712
0.093952
0.094496
0.093216
0.093664
0.091552
0.090784
0.091360
0.090688
0.096064
0.092160
0.091936
0.091040
0.092544
0.090848
0.092128
0.090368
0.092032
0.091104
0.092480
0.091744
0.091584
0.092512
0.091424
0.090848
0.091296
0.090976
0.091328
0.090368
0.092704
0.092224
0.092160
0.094048
0.092288
0.093792
0.094656
0.092352
0.095008
0.096128
0.097088
0.096384
0.096736
0.095552
0.094848
0.095840
0.096192
0.095168
1.283360
0.111360
0.096480
0.106080
0.096288
0.096032
0.095776
0.094816
1.025216
0.098080
0.094848
0.093920
0.091680
0.090720
0.097568
0.090912
0.091488
0.090720
0.091648
0.092128
0.092512
0.090752
0.091264
0.091232
0.091552
0.090656
0.091232
0.090560
0.091296
0.091520
0.092096
0.090592
0.091200
0.091008
0.091584
0.090976
0.095616
0.090720
0.094336
0.093344
0.097088
0.091840
0.091392
0.094400
0.091712
0.090752
0.091392
0.090816
0.091584
0.092192
0.093920
0.090944
0.095296
0.103392
0.091360
0.091040
0.091456
0.090752
0.091552
0.091904
0.094336
0.090816
0.093696
0.090784
0.091264
0.091008
0.096288
0.090976
0.091584
0.091584
0.092032
0.092000
0.091552
0.090816
0.091616
0.090944
0.091776
0.091040
0.091904
0.091488
0.092192
0.090976
0.091968
0.092416
0.091360
0.090752
0.091904
0.091040
0.091488
0.092800
0.094720
0.091520
0.095552
0.091360
0.094560
0.091072
0.091936
0.094784
0.091360
0.091712
0.091936
0.101696
0.094528
0.095456
0.092000
0.093568
0.097600
0.095520
0.091840
0.091008
0.091808
0.091040
0.094624
0.091200
0.091648
0.091264
0.091552
0.090848
0.091776
0.091072
0.091168
0.090400
0.091712
0.091136
0.091872
0.090912
0.093568
0.090592
0.092128
0.090688
0.091264
0.091296
0.091872
0.091456
0.092448
0.090880
0.091648
0.091136
0.091712
0.091392
0.093280
0.093664
0.094016
0.090752
0.096480
0.094944
0.091616
0.091296
0.091808
0.090848
0.091712
0.091072
0.091552
0.090592
0.091584
0.090944
0.091584
0.090912
0.091840
0.091040
0.092192
0.091488
0.095520
0.092512
0.092448
0.091232
0.092512
0.091360
0.092416
0.091744
0.095808
0.091872
0.091904
0.091040
0.091616
0.091008
0.091552
0.091424
0.092000
0.091200
0.094240
0.091136
0.091936
0.091968
0.091808
0.090976
0.092704
0.091360
0.091936
0.091392
0.092576
0.094496
0.095040
0.091968
0.092736
0.092128
0.097952
0.116064
0.100576
0.092928
0.092576
0.090848
0.091840
0.091008
0.091232
0.090656
0.091264
0.090880
0.091712
0.090848
0.091872
0.091168
0.092608
0.091328
0.091520
0.090816
0.091136
0.096704
0.093440
0.090624
0.090912
0.090560
0.093120
0.093632
0.093728
0.090880
0.095936
0.091296
0.091552
0.092864
0.091456
0.090976
0.092224
0.090816
0.091936
0.091296
0.091584
0.091488
0.092096
0.090784
0.091520
0.090624
0.092320
0.091424
0.091584
0.090528
0.091712
0.090880
0.091584
0.090688
0.091648
0.091520
0.091808
0.090688
0.091904
0.091136
0.095072
0.090656
0.091552
0.090912
0.091392
0.090816
0.091584
0.096736
0.093280
0.095520
0.094496
0.095520
0.091488
0.090848
0.091616
0.090816
0.091648
0.090720
0.091392
0.090880
0.091488
0.091168
0.091776
0.091104
0.091872
0.091264
0.091840
0.091136
0.091648
0.090880
0.091296
0.091008
0.091520
0.091072
0.091424
0.090752
0.091616
0.090848
0.092128
0.090944
0.092288
0.095136
0.094496
0.091264
0.092096
0.091264
0.110176
0.094784
0.097312
0.095584
0.091808
0.093696
0.091456
0.090880
0.091680
0.090912
0.091968
0.094208
0.096096
0.095424
0.091456
0.091040
0.091712
0.091264
0.091648
0.090816
0.091424
0.090912
0.091616
0.090720
0.091424
0.091264
0.091424
0.090752
0.091616
0.090848
0.091936
0.090784
0.091584
0.091232
0.091776
0.090976
0.094016
0.094176
0.090976
0.094336
0.091872
0.090944
0.091424
0.090976
0.091424
0.091360
0.091712
0.090464
0.091744
0.091168
0.094272
0.091072
0.095488
0.094944
0.091360
0.090976
0.091776
0.091296
0.095520
0.093472
0.092320
0.091680
0.091904
0.091680
0.092256
0.095968
0.096160
0.102944
0.092096
0.090944
0.091776
0.090624
0.095840
0.092192
0.091360
0.091104
0.091456
0.093600
0.091456
0.090912
0.092000
0.091136
0.091744
0.091104
0.092032
0.093792
0.095168
0.094944
0.092384
0.091040
0.094688
0.090976
0.092672
0.090688
0.091616
0.091648
0.092544
0.095072
0.094368
0.090784
0.091840
0.090784
0.091584
0.090464
0.092576
0.090944
0.091584
0.090624
0.091456
0.091616
0.091456
0.090912
0.091520
0.090752
0.091872
0.090912
0.091584
0.090560
0.091360
0.093856
0.096160
0.094400
0.091328
0.090752
0.096256
0.091552
0.091744
0.090688
0.091968
0.091072
0.092288
0.090688
0.091584
0.091008
0.091872
0.091072
0.094240
0.093408
0.092832
0.090912
0.091392
0.090432
0.091232
0.090624
0.091872
0.091136
0.091392
0.090528
0.091776
0.091008
0.091392
0.090880
0.091776
0.090944
0.092384
0.090656
0.091424
0.090656
0.091520
0.091136
0.091744
0.090464
0.091456
95.000416
