0.119680
0.107072
0.103488
0.103840
0.102400
0.102048
0.102368
0.102080
0.101984
0.101248
0.101952
0.101472
0.104192
0.103200
0.102112
0.101568
0.102272
0.102144
0.102144
0.101632
0.101696
0.102400
0.102656
0.104896
0.103456
0.102208
0.102272
0.103168
0.102176
0.102144
0.102976
0.101984
0.101984
0.107872
0.102336
0.105472
0.102720
0.101728
0.144608
0.102624
0.102592
0.102464
0.102560
0.102304
0.102592
0.103936
0.109312
0.110720
0.105184
0.103712
0.103232
0.102592
0.102880
0.102176
0.102880
0.103200
0.102784
0.103360
0.102784
0.103104
0.102752
0.101984
0.102848
0.102368
0.102240
0.103520
0.103168
0.101472
0.101856
0.101728
0.101760
0.101728
0.101984
0.101696
0.102592
0.102048
0.101408
0.101280
0.101888
0.102176
0.101696
0.101536
0.102048
0.109216
0.104640
0.101952
0.102016
0.101920
0.102176
0.102016
0.102048
0.102016
0.105344
0.102496
0.102048
0.101952
0.101600
0.102336
0.102688
0.101664
0.102304
0.107200
0.102720
0.102496
0.102016
0.101440
0.102176
0.102048
0.101760
0.102208
0.108576
0.102272
0.102688
0.101952
0.102624
0.101888
0.102208
0.102304
0.102816
0.113984
0.104256
0.102528
0.102592
0.101472
0.102208
0.101984
0.103392
0.101952
0.102432
0.102176
0.101856
0.102784
0.101792
0.101696
0.102528
0.101760
0.102496
0.104224
0.102368
0.101920
0.102144
0.103584
0.104096
0.104288
0.102080
0.102368
0.108512
0.101984
0.102240
0.102400
0.102688
0.101984
0.101824
0.101952
0.102464
0.103232
0.102880
0.102112
0.102528
0.101824
0.101920
0.102144
0.102784
0.102464
0.104960
0.103680
0.102592
0.103424
0.102400
0.102048
0.102208
0.101888
0.103744
0.105024
0.104992
0.101856
0.102176
0.101952
0.103008
0.102464
0.102176
0.102080
0.106240
0.102848
0.102304
0.101472
0.102496
0.101728
0.102688
0.101568
0.102080
0.109664
0.102016
0.101760
0.102080
0.101376
0.101568
0.104096
0.102656
0.102400
0.106592
0.101888
0.105600
0.102976
0.104608
0.104032
0.102816
0.103904
0.102976
0.102496
0.102912
0.104832
0.104512
0.104800
0.103008
0.101952
0.102560
0.101600
0.104896
0.103648
0.103712
0.102528
0.102432
0.113504
0.102528
0.101856
0.105120
0.103072
0.102912
0.104832
0.106176
0.102144
0.101920
0.102208
0.101920
0.103200
0.102624
0.102688
0.102816
0.101888
0.102880
0.102496
0.102208
0.101952
0.103040
0.103296
0.103200
0.101888
0.102240
0.104224
0.102336
0.101376
0.102304
0.104256
0.103072
0.101280
0.101664
0.102016
0.102304
0.102080
0.101728
0.101920
0.102016
0.102368
0.102368
0.101600
0.102752
0.104256
0.102144
0.102336
0.101920
0.116544
0.106752
0.102240
0.105664
0.101408
0.101632
0.101472
0.103040
0.104064
0.102400
0.102016
0.102464
0.101472
0.102016
0.102272
0.102944
0.101888
0.104320
0.101696
0.102528
0.102240
0.102144
0.104320
0.101920
0.101408
0.102016
0.102496
0.103872
0.146944
0.107872
0.101984
0.105760
0.102592
0.102272
0.101632
0.102048
0.102208
0.102784
0.102144
0.102560
0.102240
0.102208
0.101856
0.102144
0.102400
0.102976
0.103040
0.102656
0.102240
0.102560
0.102176
0.102528
0.101760
0.102176
0.104032
0.103328
0.101952
0.102048
0.102048
0.103136
0.105792
0.104928
0.101728
0.107328
0.104288
0.101984
0.101568
0.101856
0.101984
0.102240
0.102336
0.102496
0.103456
0.102848
0.102304
0.102592
0.101568
0.101760
0.101984
0.101888
0.101280
0.105952
0.101888
0.101824
0.101632
0.101344
0.102656
0.101792
0.101728
0.101728
0.101888
0.102144
0.101568
0.101824
0.101728
0.102240
0.101888
0.102016
0.101376
0.102304
0.108512
0.101600
0.102240
0.102112
0.101568
0.102304
0.101888
0.104256
0.102272
0.107392
0.102432
0.103552
0.102272
0.102624
0.102272
0.102944
0.103328
0.102880
0.102816
0.102816
0.102304
0.111648
0.106240
0.101888
0.102368
0.102720
0.103488
0.103200
0.106400
0.102496
0.105696
0.107808
0.113120
0.102432
0.102112
0.103520
0.101472
0.102592
0.101920
0.103456
0.102912
0.101920
0.101632
0.102400
0.101952
0.101824
0.101536
0.103072
0.101984
0.102304
0.102976
0.102816
0.102208
0.115808
0.102784
0.102752
0.102144
0.102496
0.102784
0.106240
0.101952
0.102560
0.102880
0.105152
0.102304
0.102688
0.102144
0.102432
0.102528
0.102464
0.102240
0.103392
0.102144
0.102464
0.102208
0.102112
0.101920
0.102496
0.102496
0.105024
0.102688
0.102752
0.102944
0.102816
0.101856
0.102240
0.106464
0.102976
0.101536
0.105280
0.101792
0.101792
0.102240
0.101856
0.105536
0.102464
0.101120
0.102144
0.101984
0.101920
0.101376
0.101824
0.101600
0.102496
0.103776
0.101856
0.102112
0.104544
0.101888
0.102112
0.101888
0.103360
0.103424
0.102208
0.102176
0.102048
0.102432
0.102240
0.102592
0.102144
0.102272
0.101920
0.102176
0.102304
0.102048
0.102656
0.102176
0.102368
0.101472
0.100352
0.100576
0.102368
0.104032
0.106048
0.100960
0.101024
0.100096
0.100128
0.099648
0.103104
0.100160
0.100288
0.102656
0.100640
0.101344
0.100608
0.100032
0.100256
0.099680
0.100832
0.102208
0.100352
0.101824
0.100768
0.102656
0.100096
0.099680
0.100192
0.100448
0.100544
0.099808
0.100384
0.100448
0.100608
0.100480
0.112448
0.100256
0.100704
0.100256
0.100800
0.100768
0.101344
0.100576
0.104288
0.100192
0.102016
0.100384
0.102400
0.099936
0.100704
0.100512
0.100288
0.100544
0.103776
0.104064
0.103808
0.101184
0.102944
0.100320
0.101248
0.102496
0.101600
0.101472
0.100864
0.100928
0.101024
0.100512
0.100960
0.105344
0.103808
0.100640
0.101472
0.100992
0.102464
0.100672
0.104896
0.101408
0.103296
0.100800
0.103104
0.101632
0.104896
0.104672
0.104320
0.101408
0.105024
0.101408
0.101472
0.100864
0.101792
0.101952
0.100416
0.101408
0.100960
0.110368
0.103456
0.100672
0.100416
0.100832
0.100576
0.100224
0.100480
0.100160
0.103456
0.100640
0.100608
0.100064
0.100288
0.099680
0.100608
0.100768
0.100288
0.102496
0.100416
0.100960
0.102272
0.100320
0.102016
0.100128
0.101760
0.100032
0.101536
0.100160
0.100672
0.100448
0.101312
0.102272
0.100608
0.100384
0.101472
0.100256
0.102944
0.100704
0.101536
0.100160
0.100480
0.100160
0.102688
0.100640
0.100256
0.102304
0.100928
0.100768
0.102784
0.102752
0.100672
0.100032
0.100768
0.103072
0.100640
0.100416
0.100512
0.103872
0.100192
0.100320
0.100416
0.100800
0.100576
0.100576
0.100640
0.101504
0.102048
0.100096
0.100416
0.100192
0.100224
0.100928
0.100576
0.100288
0.101376
0.100576
0.101056
0.100992
0.101280
0.099968
0.100480
0.100128
0.100896
0.100800
0.100160
0.102720
0.101024
0.100160
0.100576
0.100256
0.100640
0.100128
0.100544
0.100320
0.105088
0.101344
0.101056
0.101696
0.100736
0.100960
0.101120
0.100864
0.101248
0.102656
0.103808
0.100000
0.103232
0.100032
0.100192
0.101120
0.100672
0.100384
0.100096
0.103904
0.102400
0.102048
0.101632
0.100928
0.100768
0.100416
0.101792
0.102528
0.101728
0.100480
0.100064
0.099936
0.101376
0.101184
0.100736
0.100448
0.100608
0.099904
0.101088
0.100096
0.100960
0.100256
0.100896
0.100896
0.100416
0.099872
0.100224
0.100224
0.100736
0.100192
0.100544
0.099936
0.101152
0.100576
0.101472
0.101184
0.100992
0.100896
0.100832
0.100640
0.100960
0.101152
0.101760
0.100992
0.101344
0.100352
0.100928
0.100448
0.100128
0.100224
0.100448
0.100256
0.100384
0.100256
0.101472
0.100640
0.102208
0.100896
0.100672
0.100672
0.100416
0.099936
0.100288
0.099904
0.100768
0.100320
0.100768
0.100384
0.101088
0.100576
0.100576
0.100224
0.100416
0.100064
0.100576
0.100288
0.100160
0.104032
0.100864
0.099808
0.100800
0.099936
0.100608
0.100736
0.100352
0.100288
0.100000
0.100448
0.100736
0.099744
0.100384
0.100384
0.100320
0.100256
0.100512
0.099968
0.102144
0.102464
0.100768
0.100928
0.100736
0.099744
0.102048
0.100320
0.100992
0.101472
0.102496
0.100224
0.100992
0.100160
0.100288
0.100000
0.100160
0.100512
0.100384
0.102912
0.101280
0.103008
0.101088
0.104256
0.104256
0.100096
0.099840
0.100480
0.103392
0.100320
0.103616
0.100320
0.100544
0.100224
0.100672
0.103616
0.101088
0.104160
0.119200
0.099808
0.100160
0.100480
0.100160
0.099936
0.100288
0.110400
0.102624
0.100640
0.104288
0.100128
0.100384
0.099904
0.100224
0.101312
0.108832
0.101376
0.100704
0.100192
0.100000
0.103392
0.101760
0.100416
0.101184
0.101728
0.104288
0.100512
0.103456
0.102464
0.102976
0.103360
0.100384
0.099712
0.103872
0.106432
0.100960
0.100416
0.100352
0.099904
0.100384
0.099968
0.100544
0.100000
0.100864
0.100192
0.100672
0.099776
0.103072
0.100320
0.100864
0.100096
0.100416
0.099968
0.100512
0.100448
0.105184
0.102208
0.105472
0.101280
0.100896
0.099872
0.101024
0.100672
0.100032
0.101376
0.100928
0.099776
0.100576
0.100832
0.100640
0.100768
0.100544
0.100128
0.100480
0.100000
0.100064
0.100096
0.100192
0.100288
0.101056
0.100576
0.100832
0.100768
0.101440
0.100864
0.101504
0.100544
0.101216
0.104448
0.101440
0.102432
0.104576
0.112352
0.100768
0.103392
0.100064
0.103968
0.100320
0.099968
0.103328
0.103424
0.101216
0.100896
0.100416
0.100128
0.100512
0.107840
0.102560
0.100352
0.100736
0.100320
0.104096
0.100704
0.101184
0.100512
0.107776
0.100896
0.100416
0.099712
0.100096
0.100288
0.100640
0.100064
0.099904
0.100448
0.101280
0.100704
0.100704
0.100288
0.100480
0.101312
0.101440
0.100448
0.100960
0.102272
0.100768
0.100000
0.101856
0.099968
0.100192
0.100128
0.100608
0.100576
0.103424
0.101088
0.100192
0.100448
0.103392
0.102816
0.101856
0.100288
0.100096
0.100800
0.100608
0.100544
102.178400
