0.096736
0.091648
0.092224
0.093920
0.091712
0.090752
0.092000
0.090624
0.092096
0.091488
0.091808
0.090688
0.091680
0.090528
0.091680
0.090944
0.091520
0.090368
0.091936
0.090496
0.091744
0.094080
0.091872
0.090240
0.091712
0.090656
0.094880
0.093216
0.092160
0.090432
0.091744
0.092128
0.092576
0.090528
0.091648
0.090624
0.091680
0.090880
0.091840
0.090464
0.091680
0.091040
0.092224
0.092000
0.092000
0.091488
0.095712
0.095680
0.091840
0.091520
0.092416
0.103424
0.092512
0.093504
0.092352
0.090496
0.092000
0.090528
0.091360
0.090432
0.097728
0.091040
0.091936
0.090752
0.091808
0.090720
0.092384
0.094784
0.091328
0.090400
0.093504
0.095872
0.096288
0.095136
0.091680
0.090528
0.091584
0.090816
0.092512
0.090592
0.092928
0.091168
0.092480
0.090560
0.091776
0.091040
0.093728
0.090336
0.091072
0.090848
0.091872
0.090496
0.091360
0.090336
0.091520
0.090432
0.091392
0.090176
0.091072
0.090560
0.091168
0.090560
0.091648
0.090336
0.092224
0.090528
0.091424
0.090304
0.091520
0.091712
0.094976
0.098208
0.100000
0.096064
0.095840
0.101632
0.099296
0.098464
0.095808
0.097728
0.099968
0.095264
0.097216
0.094528
0.093216
0.091776
0.091904
0.090496
0.093792
0.097760
0.096608
0.095168
0.095872
0.096672
0.094944
0.094944
0.096000
0.095104
0.091776
0.090912
0.091584
0.090784
0.092000
0.091456
0.093024
0.090528
0.094752
0.090880
0.101696
0.091200
0.096000
0.093472
0.092096
0.093024
0.095392
0.093760
0.091776
0.093280
0.091616
0.090656
0.092000
0.090560
0.091776
0.090784
0.091328
0.090848
0.091680
0.090688
0.092160
0.090880
0.091840
0.090624
0.091424
0.091072
0.092224
0.091008
0.091136
0.090336
0.091680
0.090688
0.091360
0.091904
0.092832
0.091360
0.091936
0.090560
0.091808
0.090496
0.091744
0.090688
0.091680
0.090368
0.091840
0.094464
0.091872
0.091552
0.091392
0.091328
0.092064
0.094976
0.091616
0.090688
0.092192
0.092800
0.092000
0.090528
0.091456
0.090464
0.091744
0.094176
0.094240
0.095072
0.094368
0.093248
0.096864
0.091200
0.094112
0.094400
0.097504
0.095168
0.095808
0.096096
0.099520
0.091328
0.096480
0.091200
0.091936
0.090624
0.092224
0.090880
0.091520
0.090464
0.091456
0.090560
0.094560
0.090624
0.091936
0.102688
0.096160
0.094272
0.102048
0.096032
0.096608
0.094272
0.095680
0.092992
0.097216
0.093504
0.096352
0.091136
0.092320
0.091040
0.091968
0.091328
0.092032
0.090880
0.094432
0.095200
0.094816
0.094464
0.115040
0.095520
0.095232
0.091776
0.093056
0.102336
0.093408
0.092032
0.095744
0.095488
0.095584
0.093952
0.094880
0.094496
0.094496
0.098368
0.094976
0.097504
0.094144
0.093632
0.094336
0.094816
0.099680
0.097440
0.093184
0.092256
0.095040
0.090560
0.108864
0.091776
0.091840
0.090272
0.091488
0.094752
0.095232
0.093600
0.092064
0.090720
0.092128
0.090816
0.091360
0.090624
0.091776
0.090560
0.097312
0.092672
0.092032
0.090752
0.091648
0.090688
0.091488
0.090464
0.091488
0.090496
0.091744
0.090464
0.091232
0.090752
0.091680
0.091136
0.091264
0.090816
0.095136
0.093184
0.094560
0.090816
0.091328
0.090400
0.091296
0.090624
0.091488
0.090336
0.091648
0.089984
0.111968
0.093024
0.091616
0.090816
0.091552
0.090400
0.091584
0.090592
0.091776
0.090464
0.092064
0.091136
0.091616
0.090624
0.091616
0.090656
0.091808
0.090400
0.091360
0.090528
0.091808
0.093280
0.091584
0.093056
0.094592
0.090432
0.091648
0.090272
0.091008
0.090464
0.091680
0.090400
0.091264
0.090176
0.090976
0.090752
0.091328
0.090272
0.091520
0.090656
0.097056
0.090432
0.095328
0.092544
0.093536
0.091104
0.092736
0.090720
0.091264
0.090624
0.091904
0.090912
0.091456
0.090528
0.091328
0.091072
0.094208
0.090688
0.091392
0.090464
0.092384
0.090912
0.091328
0.090560
0.091872
0.090816
0.091488
0.090272
0.091392
0.090432
0.097024
0.091008
0.094976
0.090464
0.091136
0.090560
0.091744
0.093184
0.093440
0.093408
0.093408
0.090624
0.095360
0.090400
0.095072
0.093376
0.091648
0.090656
0.091648
0.090176
0.091392
0.090752
0.091328
0.090208
0.091232
0.090752
0.091872
0.090432
0.094432
0.090464
0.091872
0.090560
0.101600
0.091168
0.095712
0.094176
0.092160
0.091136
0.092288
0.091200
0.092320
0.091392
0.092576
0.095136
0.094976
0.101184
0.096608
0.094560
0.096096
0.093600
0.092992
0.090944
0.091488
0.091328
0.091680
0.091456
0.091776
0.091520
0.096224
0.094656
0.092224
0.091360
0.093408
0.091872
0.091776
0.091136
0.092192
0.090560
0.092320
0.091008
0.095200
0.098304
0.091488
0.090624
0.096736
0.090720
0.092960
0.090784
0.092160
0.091328
0.091648
0.090560
0.091264
0.090624
0.092032
0.091008
0.091968
0.090464
0.091584
0.090944
0.094976
0.090528
0.091488
0.091072
0.092416
0.091424
0.091616
0.091008
0.091680
0.092544
0.092768
0.090528
0.091808
0.090656
0.096288
0.091072
0.094048
0.092000
0.091648
0.090560
0.091840
0.090464
0.095136
0.090464
0.091744
0.090944
0.091200
0.090464
0.091872
0.091040
0.091424
0.091040
0.091936
0.090464
0.091808
0.091232
0.091840
0.090464
0.091104
0.090848
0.091616
0.090368
0.091104
0.090208
0.092096
0.090272
0.091552
0.090496
0.091296
0.090528
0.091808
0.091136
0.091776
0.092032
0.098816
0.091296
0.091744
0.093408
0.091520
0.090784
0.091904
0.090624
0.091648
0.090272
0.091552
0.094880
0.091584
0.090624
0.091616
0.091296
0.091488
0.090720
0.092480
0.090464
0.092192
0.090592
0.091680
0.090496
0.092160
0.090976
0.092064
0.090720
0.091520
0.090432
0.093440
0.092064
0.091616
0.090592
0.092192
0.090592
0.091712
0.090528
0.094368
0.090464
0.091360
0.090752
0.091264
0.090528
0.091456
0.090688
0.091424
0.090464
0.091200
0.090592
0.091744
0.091968
0.094528
0.091104
0.091936
0.092768
0.094304
0.090528
0.095968
0.092384
0.091840
0.090560
0.091424
0.090656
0.091776
0.090624
0.091776
0.090368
0.091360
0.090816
0.092224
0.090720
0.092256
0.090592
0.091520
0.090560
0.091552
0.090592
0.091808
0.090368
0.091584
0.090848
0.094304
0.090912
0.091392
0.091040
0.092256
0.096768
0.095104
0.093792
0.096352
0.091392
0.092096
0.091008
0.092096
0.091136
0.092704
0.091232
0.091968
0.090848
0.091808
0.090656
0.091520
0.090912
0.091168
0.090944
0.091744
0.090624
0.091040
0.091168
0.092064
0.091232
0.091200
0.091264
0.094144
0.091488
0.091616
0.091648
0.091776
0.091072
0.091904
0.091424
0.091200
0.090656
0.094816
0.095168
0.092064
0.093504
0.091296
0.090304
0.091808
0.094784
0.091488
0.090464
0.091616
0.090816
0.091616
0.090560
0.091616
0.090496
0.091520
0.090496
0.091712
0.090720
0.091680
0.090880
0.091872
0.090688
0.091776
0.090816
0.091712
0.090400
0.091008
0.090784
0.091232
0.090976
0.091616
0.090112
0.091296
0.090496
0.091616
0.092608
0.091936
0.090560
0.091648
0.090944
0.091680
0.090560
0.091424
0.090624
0.095680
0.090528
0.091328
0.090816
0.091264
0.090752
0.091904
0.090432
0.094528
0.090656
0.094720
0.090592
0.094816
0.090432
0.091360
0.090848
0.094560
0.090848
0.091008
0.090432
0.091456
0.090688
0.091392
0.090304
0.091488
0.092576
0.091616
0.090592
0.091840
0.090496
0.091968
0.090848
0.091712
0.090464
0.091648
0.096480
0.091936
0.090880
0.091744
0.090784
0.092128
0.090272
0.091072
0.090400
0.091904
0.090304
0.091680
0.091168
0.091712
0.090464
0.091744
0.090592
0.091520
0.090752
0.093760
0.090144
0.096800
0.091200
0.091296
0.090720
0.091904
0.093024
0.091232
0.090656
0.092000
0.104416
0.091488
0.092736
0.095520
0.091328
0.091552
0.090624
0.091136
0.095072
0.095136
0.091136
0.095456
0.090368
0.091872
0.094208
0.094016
0.090720
0.091776
0.091040
0.092896
0.091072
0.091776
0.090464
0.092000
0.090272
0.093920
0.090688
0.091264
0.090816
0.091232
0.090912
0.091520
0.090432
0.091488
0.090496
0.092128
0.090528
0.091264
0.090816
0.091360
0.090496
0.091520
0.090560
0.091520
0.090304
0.091552
0.090368
0.091264
0.090336
0.090688
0.090688
0.091968
0.098368
0.092224
0.091072
0.092288
0.094144
0.092192
0.095008
0.092352
0.091360
0.092128
0.091264
0.092064
0.091168
0.095168
0.090624
0.091744
0.090368
0.091104
0.090880
0.091552
0.090624
0.092000
0.091936
0.092224
0.090720
0.091552
0.090944
0.091680
0.091104
0.095808
0.093376
0.093056
0.090336
0.091744
0.095296
0.096128
0.092320
0.092128
0.090944
0.093536
0.090176
0.092160
0.090816
0.091808
0.091040
0.091136
0.090944
0.092736
0.090656
0.091840
0.091680
0.091744
0.090784
0.091648
0.091264
0.091712
0.090880
0.091264
0.090688
0.091616
0.090400
0.091328
0.090592
0.092032
0.090784
0.091488
0.090752
0.091232
0.091008
0.094176
0.090624
0.091552
0.090752
0.091648
0.090816
0.092256
0.090656
0.091200
0.090560
0.091584
0.090624
0.091296
0.090144
0.091744
0.090400
0.091520
0.090624
0.094848
0.094688
0.095712
0.090848
0.091552
0.090336
0.091776
0.090528
0.095456
0.091008
0.091296
0.090592
0.091712
0.090560
0.091904
0.090304
0.091936
0.091168
0.091264
0.090400
0.091296
0.093472
0.091296
0.090272
0.091744
0.092288
0.092000
0.090912
0.091616
0.090368
0.091552
0.090912
0.092160
0.090624
0.091264
0.090560
0.091968
0.090400
0.091424
0.090848
0.091456
0.092288
0.091616
0.090240
0.091520
0.090848
0.094240
0.090592
0.091712
0.090432
0.091360
0.097760
0.096192
0.093216
0.091136
0.090592
0.092032
0.090624
0.091392
0.090400
0.092192
0.093024
0.091904
0.090912
0.091520
0.090400
0.091616
0.090496
0.091936
0.090560
0.090944
0.093344
0.091904
0.090528
0.091264
0.090496
0.091776
0.090400
92.180448
