0.106720
0.104000
0.104512
0.100448
0.101088
0.100704
0.101152
0.100352
0.100736
0.102368
0.100288
0.100288
0.100032
0.101344
0.100896
0.100544
0.100096
0.100768
0.100096
0.101632
0.106368
0.102528
0.100736
0.100576
0.101792
0.101408
0.101152
0.100576
0.100448
0.103168
0.100768
0.100096
0.100640
0.102784
0.101216
0.100384
0.100896
0.100896
0.101792
0.100448
0.099936
0.104032
0.100992
0.100448
0.100352
0.100384
0.100480
0.100256
0.100032
0.100352
0.100512
0.100768
0.100096
0.101152
0.104768
0.101440
0.100576
0.100672
0.100832
0.100544
0.103136
0.103616
0.101472
0.100960
0.100352
0.100384
0.100448
0.100224
0.100288
0.100864
0.100736
0.100160
0.100384
0.100192
0.106592
0.101088
0.100608
0.101120
0.100576
0.101664
0.104224
0.104384
0.106336
0.104064
0.103392
0.103104
0.100960
0.100608
0.100992
0.101408
0.101344
0.100288
0.100576
0.100224
0.100992
0.100224
0.100384
0.102528
0.100864
0.099968
0.100672
0.100352
0.100704
0.100544
0.100256
0.100704
0.101152
0.100832
0.102464
0.100672
0.100224
0.100608
0.100416
0.099840
0.100928
0.100544
0.100896
0.100416
0.100480
0.100480
0.099648
0.100256
0.100800
0.099808
0.100576
0.100960
0.102432
0.100544
0.100416
0.100224
0.100416
0.100768
0.101504
0.101024
0.100512
0.100096
0.100704
0.103328
0.100352
0.102752
0.100000
0.100704
0.100800
0.100544
0.103200
0.100512
0.102688
0.099904
0.102400
0.100064
0.100864
0.107968
0.103072
0.100352
0.100160
0.100512
0.100256
0.099904
0.103552
0.100192
0.100640
0.105920
0.100512
0.100384
0.100480
0.100288
0.100448
0.100288
0.100288
0.101152
0.100864
0.100320
0.100192
0.100384
0.100928
0.100256
0.099840
0.100608
0.103232
0.101184
0.100640
0.100160
0.100448
0.100640
0.100640
0.099872
0.100096
0.100576
0.101248
0.100800
0.100576
0.100192
0.100608
0.100672
0.100608
0.100352
0.100032
0.100544
0.101312
0.100352
0.100384
0.100320
0.103456
0.100096
0.100096
0.103264
0.100768
0.100960
0.100128
0.100480
0.100384
0.100256
0.100832
0.099904
0.103040
0.100384
0.100320
0.099904
0.100480
0.100448
0.100224
0.100416
0.100640
0.099712
0.107104
0.105184
0.104864
0.105024
0.102272
0.103392
0.106240
0.102720
0.104512
0.108608
0.102720
0.102912
0.108448
0.102528
0.104064
0.107616
0.102784
0.101856
0.103776
0.103136
0.103936
0.109760
0.104576
0.098304
0.093920
0.095168
0.106656
0.096064
0.099584
0.095936
0.093920
0.093120
0.093120
0.094144
0.092512
0.093664
0.100608
0.096160
0.094240
0.095136
0.093824
0.093728
0.095328
0.098336
0.096512
0.094656
0.097888
0.095616
0.096160
0.097184
0.094368
0.092832
0.092864
0.092768
0.093152
0.093024
0.093696
0.092896
0.092800
0.094944
0.095296
0.092768
0.092864
0.092576
0.093088
0.092864
0.093056
0.092576
0.093312
0.092256
0.093056
0.092160
0.092544
0.093088
0.093408
0.093184
0.096544
0.092736
0.097280
0.096576
0.096352
0.092704
0.092800
0.092736
0.092736
0.092800
0.093056
0.093792
0.092576
0.092640
0.093152
0.092736
0.093184
0.092832
0.092896
0.092960
0.092608
0.092640
0.092864
0.092480
0.094912
0.093024
0.093120
0.092576
0.092544
0.092864
0.093632
0.093056
0.092288
0.092928
0.092736
0.094272
0.092704
0.092960
0.093152
0.095872
0.093216
0.092544
0.092608
0.092352
0.092480
0.092928
0.092800
0.092960
0.092704
0.094464
0.093120
0.092480
0.092448
0.092448
0.093632
0.095200
0.092672
0.092288
0.092928
0.093312
0.092672
0.092896
0.092768
0.093248
0.093056
0.093248
0.095776
0.092416
0.093376
0.093088
0.096768
0.092640
0.096224
0.093120
0.092736
0.092384
0.092544
0.092928
0.093600
0.092896
0.092288
0.092704
0.093152
0.092544
0.092512
0.092704
0.092928
0.093024
0.093152
0.092768
0.092928
0.092800
0.093248
0.095008
0.092704
0.092576
0.092512
0.092672
0.105248
0.096128
0.092576
0.094880
0.097184
0.092896
0.092736
0.093024
0.093088
0.093088
0.093184
0.092992
0.092928
0.092928
0.092224
0.092288
0.093248
0.092352
0.092960
0.092672
0.092992
0.092768
0.093120
0.093056
0.093184
0.092896
0.101760
0.093600
0.092992
0.092704
0.092416
0.093312
0.094848
0.093024
0.096288
0.095872
0.093696
0.093664
0.093152
0.093600
0.094272
0.093664
0.094208
0.095584
0.093312
0.093056
0.093056
0.093056
0.096960
0.093248
0.092672
0.093568
0.093440
0.093152
0.092640
0.093792
0.093312
0.093376
0.092832
0.092992
0.093856
0.093472
0.092736
0.093024
0.093056
0.093888
0.096288
0.098144
0.093760
0.092928
0.092800
0.101376
0.092864
0.092608
0.093120
0.092928
0.092992
0.099104
0.094912
0.099776
0.097792
0.096480
0.097984
0.096800
0.097056
0.097792
0.100288
0.098464
0.093920
0.093696
0.092608
0.093024
0.092672
0.093280
0.092864
0.092320
0.092960
0.093248
0.093984
0.092448
0.092096
0.092256
0.092736
0.093408
0.093056
0.092160
0.092224
0.093920
0.094304
0.101312
0.096576
0.095776
0.093312
0.092960
0.092992
0.092832
0.093504
0.096032
0.092960
0.092928
0.092736
0.092288
0.092896
0.092576
0.092704
0.092608
0.093696
0.095424
0.092768
0.092672
0.092160
0.092928
0.092800
0.092192
0.092384
0.092224
0.093248
0.092800
0.096480
0.096896
0.096736
0.093632
0.093024
0.092960
0.092544
0.092512
0.093600
0.092960
0.093056
0.092800
0.093536
0.093088
0.093056
0.092576
0.092704
0.093248
0.093632
0.092832
0.092768
0.092288
0.093248
0.092416
0.092448
0.092704
0.099456
0.093376
0.093600
0.095808
0.095488
0.097344
0.094208
0.095520
0.093088
0.092608
0.093312
0.094336
0.093760
0.092768
0.092352
0.093056
0.093312
0.092384
0.092512
0.092448
0.093120
0.093408
0.092576
0.092288
0.092896
0.092064
0.092416
0.092768
0.103104
0.093408
0.094656
0.098944
0.093664
0.093952
0.097344
0.093472
0.092736
0.092544
0.092672
0.093184
0.093152
0.093728
0.093536
0.093440
0.093120
0.092512
0.092352
0.092224
0.093568
0.092608
0.093120
0.093216
0.092704
0.092896
0.092416
0.092288
0.092608
0.093024
0.092928
0.092512
0.092640
0.093248
0.097952
0.095808
0.093536
0.095680
0.093536
0.094112
0.093408
0.093024
0.093760
0.093696
0.094048
0.105408
0.093440
0.092800
0.096480
0.092352
0.110080
0.092960
0.093184
0.093408
0.092864
0.094176
0.093248
0.092384
0.093024
0.093408
0.093216
0.096352
0.092864
0.096832
0.093280
0.093024
0.093152
0.093248
0.093152
0.093312
0.093088
0.093824
0.094304
0.096512
0.092544
0.092768
0.093152
0.093376
0.092608
0.092992
0.092672
0.093152
0.093408
0.092896
0.092672
0.095872
0.093216
0.092320
0.095744
0.095744
0.102720
0.093376
0.093184
0.092320
0.092544
0.092448
0.092672
0.092608
0.092416
0.092576
0.093024
0.093920
0.092800
0.092736
0.093248
0.093312
0.096288
0.095648
0.092960
0.092352
0.093984
0.093216
0.093024
0.092928
0.092672
0.093056
0.096736
0.095456
0.092864
0.092896
0.093600
0.092736
0.092352
0.092544
0.093408
0.092768
0.092928
0.092960
0.092928
0.092800
0.093056
0.092512
0.096352
0.092288
0.096160
0.092576
0.092544
0.092704
0.092544
0.093024
0.096480
0.093152
0.092576
0.093024
0.096768
0.095168
0.093088
0.092608
0.093792
0.099424
0.093792
0.092704
0.095840
0.092992
0.092640
0.092576
0.093216
0.092800
0.092768
0.093408
0.093280
0.095168
0.092768
0.092576
0.093024
0.092320
0.092288
0.092896
0.093248
0.092608
0.096544
0.092800
0.093248
0.092832
0.092160
0.095424
0.095328
0.092960
0.092608
0.093056
0.096320
0.093152
0.092128
0.092800
0.092992
0.092576
0.093312
0.092480
0.093312
0.092800
0.092960
0.093344
0.092768
0.093056
0.092672
0.093088
0.092544
0.092544
0.092576
0.093024
0.093760
0.093152
0.092512
0.092704
0.092832
0.093120
0.094304
0.095104
0.103136
0.097184
0.097376
0.097632
0.097312
0.649504
0.104864
0.098208
0.097408
0.096896
0.097344
0.097536
0.099968
0.096608
0.098080
0.097632
0.103584
0.101568
0.097600
0.299104
0.786880
0.104640
0.100320
0.098784
0.102272
0.098368
0.097984
0.096000
0.095776
0.099296
0.100608
0.098752
0.098848
0.098784
0.095712
0.097216
0.096448
0.094464
0.093088
0.092832
0.093824
0.093024
0.093664
0.093408
0.093984
0.094368
0.093568
0.095168
0.093504
0.095744
0.092992
0.092544
0.092896
0.093120
0.095488
0.095616
0.095584
0.095424
0.092960
0.092640
0.093312
0.093184
0.098720
0.096640
0.093152
0.092320
0.092704
0.092800
0.093312
0.092480
0.092480
0.095200
0.095072
0.095840
0.092992
0.093152
0.092896
0.092544
0.093120
0.093120
0.093024
0.093600
0.094336
0.092640
0.092800
0.092512
0.092672
0.095072
0.092672
0.092512
0.092640
0.093536
0.093760
0.092512
0.092256
0.092384
0.093152
0.096640
0.096384
0.092672
0.093472
0.094240
0.093504
0.092864
0.092768
0.092704
0.093024
0.092864
0.092896
0.092416
0.092576
0.093216
0.092960
0.095104
0.092416
0.092896
0.096096
0.093216
0.092768
0.092288
0.093632
0.096416
0.095712
0.097312
0.093056
0.093120
0.092704
0.092288
0.092832
0.092512
0.097472
0.092736
0.092544
0.093600
0.095840
0.093504
0.094112
0.094080
0.094976
0.093472
0.093152
0.092800
0.092864
0.092672
0.093408
0.093248
0.093056
0.093152
0.092928
0.098144
0.117728
0.093504
0.094208
0.094400
0.093792
0.093568
0.093056
0.097088
0.093888
0.093856
0.094368
0.093056
0.095168
0.097984
0.093728
0.093312
0.093184
0.093504
0.094624
0.093888
0.093440
0.093600
0.093888
0.093184
0.092736
0.093568
0.096992
0.093408
0.093536
0.093792
0.093824
0.096480
0.095968
0.093152
0.093568
0.092864
0.093120
0.093152
0.093888
0.093696
0.093792
0.096768
0.093600
0.095008
0.093376
0.093408
0.097344
0.099136
0.093600
0.093216
0.094080
0.094272
97.311712
