0.114144
0.102848
0.104256
0.105216
0.102464
0.102240
0.102560
0.102144
0.102656
0.101792
0.101824
0.101888
0.101888
0.101696
0.101728
0.101600
0.101312
0.101760
0.101728
0.101376
0.102240
0.102144
0.102144
0.101760
0.101856
0.101760
0.102144
0.102976
0.101696
0.102496
0.102816
0.101920
0.101824
0.102272
0.102144
0.101376
0.102080
0.101664
0.104032
0.104928
0.101696
0.102720
0.102304
0.101376
0.101888
0.101216
0.102560
0.102624
0.102432
0.102496
0.102976
0.102144
0.101920
0.101760
0.101696
0.102048
0.102272
0.102656
0.102144
0.101376
0.102432
0.101088
0.101632
0.101408
0.102848
0.102400
0.101920
0.104288
0.101760
0.101920
0.101504
0.103904
0.101696
0.103520
0.108160
0.103936
0.101984
0.101344
0.102272
0.102368
0.101728
0.101376
0.101760
0.109024
0.111232
0.102048
0.105568
0.101856
0.102528
0.101920
0.102304
0.102048
0.102080
0.102624
0.111712
0.104960
0.104224
0.101632
0.108224
0.103872
0.102240
0.101952
0.102560
0.106400
0.106976
0.102624
0.102528
0.106048
0.103808
0.102112
0.102688
0.102496
0.102848
0.102528
0.102816
0.102944
0.101728
0.103264
0.102016
0.105120
0.102336
0.102656
0.103136
0.102528
0.102400
0.101536
0.102848
0.103904
0.102560
0.104960
0.102912
0.102528
0.102240
0.101888
0.102368
0.102112
0.103616
0.102368
0.103232
0.102080
0.102368
0.102560
0.102976
0.102528
0.102080
0.103040
0.106336
0.102880
0.104128
0.109504
0.106944
0.106592
0.104800
0.105248
0.279872
0.110848
0.296288
0.111744
0.107104
0.105632
0.106528
0.106016
0.105632
0.105024
0.106656
0.107872
0.106784
0.109504
0.121920
0.106752
0.105632
0.104832
0.107904
0.104480
0.106464
0.104160
0.104480
0.106080
0.106848
0.104640
0.106240
0.104960
0.108160
0.104704
0.106976
0.119520
0.107072
0.104992
0.104992
0.107168
0.108000
0.107168
0.109632
0.110528
0.107552
0.104672
0.108064
0.110624
0.106592
0.105664
0.105056
0.107072
0.116448
0.106208
0.104832
0.106048
0.105280
0.109248
0.106048
0.105216
0.104736
0.104928
0.106816
0.105088
0.105824
0.109056
0.109376
0.105024
0.105216
0.118752
0.105184
0.109888
0.108256
0.104512
0.105440
0.105280
0.106080
0.107584
0.106112
0.106304
0.109248
0.110112
0.106240
0.105472
0.109248
0.106528
0.108160
0.108320
0.106048
0.104896
0.103488
0.102048
0.103488
0.102048
0.102688
0.103968
0.103072
0.102240
0.102144
0.101920
0.103104
0.102272
0.102432
0.102112
0.104352
0.103776
0.102240
0.102304
0.102912
0.102272
0.101824
0.101696
0.102336
0.103136
0.105344
0.103264
0.105216
0.101952
0.101984
0.102752
0.101920
0.101632
0.103360
0.103392
0.102944
0.102048
0.102080
0.101536
0.101760
0.102400
0.102080
0.106816
0.102720
0.102496
0.102272
0.101664
0.102112
0.101600
0.102080
0.101600
0.103712
0.102560
0.102112
0.101888
0.102944
0.102112
0.102624
0.102592
0.102816
0.102944
0.102816
0.101568
0.102304
0.101632
0.101600
0.102048
0.102848
0.101376
0.103296
0.102944
0.101920
0.102016
0.102304
0.101920
0.102208
0.101632
0.102784
0.103136
0.102656
0.101568
0.101888
0.102240
0.101984
0.101952
0.102496
0.102944
0.117152
0.104928
0.102432
0.101888
0.102624
0.101504
0.102112
0.103808
0.101856
0.103328
0.102720
0.101728
0.102112
0.103360
0.102400
0.102208
0.102592
0.101888
0.103008
0.102496
0.102144
0.102112
0.102112
0.102816
0.102624
0.104608
0.104352
0.106304
0.103232
0.104800
0.102016
0.102080
0.102464
0.102432
0.102528
0.102400
0.105600
0.102976
0.102752
0.102112
0.102848
0.101792
0.102944
0.102400
0.103008
0.103648
0.102624
0.103104
0.101984
0.102304
0.102528
0.102752
0.102368
0.103360
0.102272
0.102112
0.104416
0.101248
0.104768
0.101632
0.101376
0.101568
0.102016
0.102656
0.103264
0.101248
0.102208
0.102272
0.102048
0.101312
0.101408
0.102048
0.102368
0.101760
0.102624
0.102176
0.105152
0.106208
0.104672
0.102272
0.102144
0.104992
0.102336
0.104320
0.106720
0.104896
0.101408
0.101536
0.104736
0.101728
0.102368
0.101888
0.102208
0.101536
0.101952
0.102048
0.102112
0.101856
0.101888
0.103008
0.102400
0.101792
0.102400
0.101888
0.102304
0.101856
0.101792
0.101664
0.103296
0.102464
0.102368
0.101696
0.101984
0.102560
0.102144
0.102208
0.102464
0.112384
0.102784
0.101792
0.111168
0.102144
0.102720
0.102752
0.102944
0.102048
0.102656
0.102368
0.102400
0.101216
0.102400
0.101888
0.102784
0.101952
0.101408
0.102912
0.103136
0.102720
0.102464
0.101664
0.102944
0.101856
0.103296
0.104320
0.104384
0.103040
0.102592
0.103840
0.102752
0.102272
0.102816
0.105920
0.103552
0.102432
0.102624
0.104000
0.102624
0.101888
0.102080
0.102304
0.105344
0.102304
0.102624
0.102464
0.102336
0.101920
0.105856
0.104800
0.100672
0.103712
0.102944
0.103968
0.103008
0.100672
0.100160
0.100672
0.100192
0.099680
0.100320
0.099936
0.101632
0.100192
0.100576
0.100224
0.100736
0.100416
0.100224
0.099808
0.100384
0.105152
0.101120
0.100128
0.100288
0.099968
0.100640
0.100256
0.100704
0.100000
0.100256
0.106848
0.100544
0.100192
0.100480
0.100576
0.100448
0.100128
0.100224
0.100288
0.101152
0.100096
0.100128
0.100128
0.100256
0.100416
0.100512
0.099904
0.100768
0.100384
0.100544
0.100288
0.100512
0.100192
0.100800
0.099936
0.100128
0.103360
0.100800
0.101184
0.102528
0.099648
0.100064
0.100096
0.101056
0.099840
0.100416
0.105152
0.100896
0.100256
0.100320
0.099872
0.100416
0.104160
0.100416
0.100224
0.106400
0.103776
0.100512
0.100160
0.100288
0.099936
0.100096
0.100352
0.100032
0.099584
0.100640
0.100544
0.100480
0.100416
0.101568
0.102048
0.100896
0.100128
0.100512
0.100352
0.100768
0.100960
0.099936
0.099968
0.100704
0.100160
0.100608
0.103744
0.101120
0.100416
0.100576
0.100320
0.100448
0.100160
0.100160
0.100384
0.104032
0.100800
0.100416
0.099872
0.100960
0.100224
0.103936
0.099872
0.100256
0.100000
0.103712
0.100832
0.100160
0.100480
0.100192
0.104736
0.100480
0.099680
0.100128
0.104256
0.100928
0.099328
0.100960
0.100576
0.100224
0.099840
0.100416
0.099840
0.100960
0.100416
0.100224
0.101472
0.100544
0.101088
0.101248
0.099808
0.103744
0.100032
0.100864
0.100704
0.100544
0.100800
0.100640
0.100672
0.100544
0.100576
0.100992
0.101184
0.100640
0.099840
0.099840
0.101152
0.100704
0.100256
0.100544
0.100448
0.101184
0.100256
0.100384
0.099808
0.100544
0.100640
0.100992
0.099840
0.103232
0.100864
0.100736
0.099968
0.100320
0.102784
0.101312
0.100608
0.100128
0.100000
0.104608
0.100672
0.100256
0.099744
0.100096
0.100096
0.100768
0.099712
0.100416
0.099776
0.107776
0.100320
0.100320
0.099872
0.100320
0.100256
0.100640
0.100320
0.100096
0.100800
0.101664
0.100160
0.100256
0.099584
0.099936
0.103680
0.100544
0.099584
0.103744
0.100864
0.100416
0.099520
0.103136
0.099872
0.100608
0.103136
0.099968
0.100512
0.100576
0.100192
0.102112
0.102624
0.100128
0.102752
0.100192
0.099584
0.102016
0.100448
0.100768
0.099808
0.100320
0.099968
0.102432
0.100832
0.102272
0.102176
0.100800
0.099936
0.100640
0.099776
0.100800
0.099648
0.100416
0.100064
0.100032
0.100416
0.100416
0.100448
0.100032
0.100032
0.100256
0.099968
0.100672
0.099552
0.100704
0.102656
0.103328
0.113888
0.100320
0.099936
0.100096
0.099840
0.100640
0.108512
0.102304
0.105280
0.105600
0.100096
0.100640
0.099712
0.100480
0.100480
0.102112
0.100448
0.100704
0.099968
0.100544
0.099776
0.101888
0.101792
0.100160
0.100832
0.102688
0.100256
0.100320
0.102336
0.100096
0.099968
0.100608
0.099648
0.101056
0.100192
0.104288
0.099392
0.100320
0.100384
0.099872
0.099904
0.100096
0.103104
0.101152
0.102624
0.100384
0.099936
0.118176
0.102752
0.100640
0.100000
0.101472
0.104832
0.103936
0.111040
0.100864
0.116192
0.101856
0.100160
0.099744
0.100832
0.101152
0.100192
0.100384
0.100096
0.100320
0.100192
0.100384
0.099744
0.102304
0.105536
0.105472
0.100256
0.101216
0.100256
0.100032
0.100448
0.100544
0.100512
0.102848
0.103200
0.103264
0.105536
0.104288
0.100992
0.101408
0.100192
0.105088
0.100768
0.100896
0.100864
0.100192
0.099840
0.100480
0.100032
0.100608
0.107584
0.100960
0.100160
0.100736
0.100032
0.100192
0.099584
0.100096
0.100672
0.100256
0.107808
0.100192
0.100192
0.100512
0.099520
0.100032
0.099776
0.100320
0.100736
0.100608
0.100128
0.100704
0.100576
0.099936
0.099904
0.100352
0.100032
0.100704
0.100864
0.104064
0.099968
0.100160
0.100768
0.103808
0.099680
0.100736
0.102048
0.101216
0.100704
0.100352
0.100032
0.100512
0.100000
0.100352
0.103168
0.100384
0.101088
0.100736
0.100128
0.100800
0.099808
0.100704
0.102112
0.100256
0.100288
0.109248
0.101024
0.100832
0.100320
0.100448
0.100128
0.099968
0.099808
0.100256
0.100000
0.107584
0.100672
0.100032
0.099808
0.100192
0.100480
0.100288
0.100384
0.100256
0.100448
0.100768
0.100160
0.100256
0.099648
0.100320
0.103040
0.100672
0.099776
0.100448
0.101088
0.104224
0.100000
0.099904
0.099776
0.100576
0.099584
0.101152
0.101472
0.101248
0.100192
0.099840
0.099840
0.100352
0.100640
0.104960
0.100448
0.105408
0.102176
0.100544
0.100224
0.100224
0.099840
0.103488
0.100448
0.100480
0.101376
0.100864
0.100064
0.100448
0.099712
0.100224
0.100192
0.101312
0.099552
0.103296
0.107488
0.100512
0.104864
0.099968
0.099968
0.110784
0.100256
0.101088
0.100352
0.111072
0.100352
0.103712
0.100192
0.100320
0.117792
0.100384
0.104128
0.104352
0.100416
0.100288
0.100288
0.100704
0.108672
0.100256
0.101312
0.103168
0.105632
0.100192
0.105280
0.102976
0.101344
0.100640
0.100224
0.100416
0.100928
0.101952
0.100704
0.101536
0.100224
0.103904
0.101632
0.100544
0.100384
0.101760
0.107136
0.101664
0.100640
0.108480
0.100416
0.100832
0.099936
0.100192
0.103072
0.100640
0.101152
0.101312
0.099968
0.100416
0.100320
0.100672
0.100384
0.100672
0.100064
0.100672
0.101216
0.100640
0.102880
0.102656
0.100608
0.100352
0.101920
0.100416
0.104192
0.100832
0.100096
0.100000
0.100160
0.100928
0.100352
0.099840
0.099744
0.101600
0.102816
0.103552
0.104640
0.100672
0.100032
0.104000
0.100448
0.100352
0.108160
0.104288
0.101280
0.100896
0.100192
0.100480
0.104000
0.103840
0.099904
0.104384
0.100288
0.100544
0.099552
0.100128
0.102880
0.100256
0.103264
0.104864
0.104640
0.100608
0.099680
0.100992
0.099744
0.100320
0.099968
0.100448
0.100704
0.100256
0.108928
0.101088
0.100480
0.100384
0.100160
0.100576
0.100032
0.101184
0.101088
0.101376
0.100576
0.101504
0.104576
0.103904
0.100512
0.100672
0.101312
0.100704
0.103648
0.103584
0.101920
0.101472
0.100288
0.100192
0.100224
0.099840
0.100736
0.101120
0.100224
0.100032
0.099968
0.105632
0.101760
0.100320
0.100192
0.103232
0.101248
0.100448
0.100800
0.100992
0.101056
0.104992
0.100032
0.100448
0.102816
0.101024
0.100288
0.100576
0.102912
0.099904
0.100320
0.103200
0.099424
0.103456
0.100160
0.100992
0.102624
0.099840
0.099808
0.103360
0.100064
0.103360
0.100032
0.100512
0.100800
0.099680
0.100128
0.103072
0.100352
0.100448
0.102560
0.100864
0.106656
0.101280
0.100544
0.100416
0.103552
0.100992
0.103904
0.100992
0.100800
0.103136
0.103296
0.103200
0.112000
0.100320
0.100064
0.100032
0.100512
0.100320
0.101056
0.100864
0.100512
0.100864
0.105344
0.104032
0.100928
0.100192
0.100608
0.106400
0.100256
0.100416
0.099968
0.099936
0.099840
0.100928
0.100704
0.100960
0.100160
0.103552
0.100576
0.100512
0.099552
0.100096
0.100512
0.099968
0.100480
0.099808
0.100640
0.100736
0.100480
0.100800
0.099744
0.100128
0.099776
0.100352
0.100544
0.101088
0.100512
0.102912
0.100384
0.100352
0.100128
0.103168
0.100160
0.100576
0.103136
0.100544
0.100000
0.101120
0.100800
0.102368
0.101344
0.100256
0.102080
0.101184
0.100320
0.103936
0.099680
0.100448
0.099776
0.100448
0.100608
0.100256
0.103264
0.100640
0.100128
0.100384
0.099840
0.100544
0.102752
0.100384
0.099776
0.103040
0.100928
0.100672
0.099840
0.100256
0.100128
0.100032
0.100544
0.100288
0.102560
0.101600
0.100224
0.100096
0.102720
0.099968
0.100256
0.104224
0.099872
0.099872
0.104352
0.100864
0.100160
0.100384
0.099776
0.100704
0.102752
0.099808
0.100224
0.100640
0.100448
0.100352
0.100448
0.100128
0.100000
0.102368
0.099808
0.103104
0.100416
0.100736
0.100544
0.100576
0.100160
0.102048
0.100576
0.102880
0.099904
0.100640
0.100256
0.104384
0.099776
0.100160
0.102528
0.100128
0.100480
0.100896
0.103616
0.101376
0.100608
0.101184
0.100096
0.100960
0.100000
0.100576
0.100608
0.100352
0.103040
0.100480
0.100960
0.100896
0.101056
0.100320
0.099744
0.101280
0.099840
0.100704
0.100416
0.100960
0.100032
0.100352
0.103040
0.100416
0.099904
0.102272
0.100864
0.100640
0.099488
0.103904
0.099840
0.100256
0.100000
0.103424
0.100224
0.100832
0.103328
0.111936
0.101248
0.100576
0.099680
0.100032
0.099840
0.100672
0.104192
0.100032
0.099872
0.100608
0.100832
0.099904
0.100000
0.100864
0.100128
0.101600
0.101184
0.103968
0.100640
0.100672
0.100512
0.100992
0.100192
0.100320
0.101728
0.100832
0.099488
0.099744
0.100384
0.100800
0.100640
0.100352
0.100800
0.100736
0.107168
0.100256
0.099840
0.100128
0.100704
0.099936
0.099744
0.100512
0.102880
0.100960
0.100160
0.100224
0.101504
0.100672
0.103552
0.100736
0.100192
0.100352
0.102912
0.100832
0.099392
0.099872
0.100256
0.103360
0.099680
0.100544
0.100416
0.101312
0.100512
0.100416
0.101984
0.100608
0.102784
0.100480
0.100224
0.102880
0.100480
0.100672
0.105408
0.100384
0.100064
0.100704
0.100576
0.103552
0.099552
0.104256
0.103872
0.100960
0.100256
0.100896
0.100256
0.104064
0.100032
0.100000
0.106432
0.101120
0.100160
0.103296
0.099936
0.100160
0.100160
0.100608
0.102784
0.100544
0.105824
0.100000
0.103584
0.100960
0.099968
0.100384
0.099776
0.103712
0.100000
0.100544
0.103040
0.100576
0.099936
0.103104
0.099776
0.100896
0.100352
0.102752
0.100608
0.100160
0.102016
0.100224
0.099904
0.103712
0.100000
0.100320
0.100512
0.103840
0.100960
0.100224
0.100224
0.100224
0.099616
0.100448
0.103104
0.100320
0.100800
0.100768
0.099936
0.103488
0.100608
0.099968
0.102784
0.100576
0.099872
0.104288
0.100224
0.100224
0.099680
0.102912
0.102336
0.100096
0.099808
0.102592
0.101856
0.100736
0.099968
0.100224
0.100384
0.100800
0.102336
0.100320
0.099808
0.100064
0.100640
0.100960
0.100128
0.100160
0.100384
0.100224
0.100544
0.100192
0.099936
0.100832
0.100416
0.100160
0.101376
0.099968
0.099872
0.100224
0.100160
0.100064
0.100224
0.100736
0.100192
0.101536
0.100768
0.100800
0.099680
0.100256
0.100672
0.100960
0.101120
0.100896
0.099776
0.102400
0.100544
0.101408
0.100768
0.101920
0.105664
0.100448
0.100384
0.100704
0.100128
0.100000
0.100896
0.100448
0.104896
0.100576
0.101056
0.105408
0.100736
0.103936
0.099840
0.104608
0.105600
0.100736
0.100800
0.100704
0.100224
0.099776
0.102080
0.102368
0.100064
0.101120
0.100320
0.105312
0.100352
0.099904
0.100608
0.100224
0.099904
0.100256
0.100352
0.103808
0.100032
0.100352
0.100576
0.100736
0.100192
0.100576
0.100416
0.100992
0.100320
0.100448
0.100352
0.100672
0.102112
0.100544
0.099904
0.100512
0.100000
0.102688
0.100768
0.100736
0.100096
0.102464
0.100160
0.100224
0.102272
0.101504
0.099840
0.103424
0.100672
0.100768
0.102336
0.100000
0.100768
0.100352
0.104192
0.100064
0.099328
0.101152
0.100544
0.100704
0.099968
0.100832
0.100288
0.100640
0.100000
0.103552
0.101280
0.101024
0.100096
0.100096
0.099808
0.103808
0.100000
0.100736
0.100160
0.116928
0.100480
0.100416
0.099808
0.100416
0.100320
0.100128
0.100160
0.100224
0.099968
0.105024
0.100544
0.102336
0.101760
0.100480
0.100288
0.102720
0.099424
0.110464
0.100704
0.100864
0.101440
0.103808
0.100320
0.100960
0.104448
0.100192
0.112128
0.100736
0.101024
0.101120
0.101312
0.101120
0.100192
0.100512
0.100640
0.100352
0.100864
0.100288
0.100544
0.100544
0.100512
0.100000
0.100576
0.100064
0.100800
0.101472
0.100800
0.101152
0.099808
0.099904
0.099904
0.104096
0.100000
0.100416
0.100544
0.101344
0.099840
0.102976
0.100384
0.100608
0.100032
0.100800
0.103744
0.100544
0.101120
0.103040
0.104384
0.103232
0.102560
0.103040
0.105376
0.102304
0.108800
0.107264
0.103264
0.103424
0.102208
0.101920
0.102144
0.102752
0.102432
0.102560
0.105728
0.104096
0.102400
0.105728
0.101408
0.100960
0.094144
0.094880
0.095296
0.111584
0.094528
0.095072
0.095648
0.098240
0.097824
0.097344
0.093088
0.094752
0.097120
0.093152
0.098048
0.096640
0.097728
0.110144
0.095808
0.098016
0.101984
0.097344
0.096864
0.096896
0.096256
0.097824
0.095968
0.099680
0.095808
0.106112
0.097280
0.098720
0.099296
0.096704
0.096736
0.098752
0.100928
0.097088
0.123168
0.098272
0.229760
0.103488
0.096864
0.098560
0.097952
0.099488
0.098560
0.100928
0.098752
0.097408
0.096384
0.100000
0.098560
0.101344
0.101568
0.100480
0.099104
0.097216
0.098624
0.101056
0.095168
0.096800
0.093376
0.095968
0.094368
0.093152
0.095456
0.098240
0.096000
0.095680
0.098272
0.097856
0.095392
0.097184
0.095616
0.095744
0.095808
0.097216
0.096992
0.096128
0.095264
0.096096
0.127968
0.100128
0.096352
0.095264
0.094496
0.097056
0.094592
0.096352
0.095072
0.096864
0.095776
0.096512
0.098528
0.099168
0.093056
0.092800
0.096160
0.093088
0.108736
0.096384
0.096320
0.095680
0.097824
0.096960
0.094752
0.095552
0.093024
0.092896
0.095136
0.095168
0.096928
0.096416
0.095872
0.095424
0.092608
0.093824
0.098848
0.094688
0.097792
0.095456
0.098208
0.093120
0.094176
0.096224
0.094336
0.096640
0.095392
0.093920
0.094464
0.094400
0.094656
0.093824
0.093984
0.094720
0.093472
0.095488
0.093440
0.096512
0.092992
0.094080
0.098944
0.093888
0.093024
0.095968
0.094432
0.092736
0.094048
0.098080
0.094912
0.093440
0.093696
0.097600
0.096192
0.093792
0.094496
0.093504
0.095072
0.095552
0.093408
0.093056
0.093440
0.095040
0.096320
0.096640
0.096640
0.100128
0.097344
0.095872
0.095232
0.093696
0.094144
0.094592
0.093600
0.093440
0.097120
0.096192
0.108992
0.096800
0.094592
0.092960
0.092832
0.095232
0.095168
0.092992
0.112960
0.097280
0.093344
0.094400
0.094880
0.094176
0.095424
0.097536
0.095488
0.098208
0.096864
0.094400
0.095392
0.093440
0.093792
0.095648
0.094560
0.094432
0.095392
0.106336
0.095360
0.099360
0.093728
0.093152
0.094784
0.096672
0.093952
0.093120
0.094016
0.111552
0.094240
0.093952
0.097664
0.094208
0.093184
0.093984
0.094144
0.094272
0.093920
0.097728
0.097248
0.099136
0.095648
0.094368
0.092064
0.094336
0.094528
0.093600
0.096064
0.095904
0.095008
0.094336
0.094528
0.099584
0.099232
0.093152
0.093792
0.095264
0.097504
0.093856
0.096000
0.094688
0.095872
0.095488
0.095904
0.094624
0.096544
0.194656
0.104320
0.097440
0.099584
0.133664
0.097280
0.096032
0.092672
0.093504
0.106912
0.096192
0.093600
0.093024
0.094176
0.094048
0.096256
0.094976
0.097152
0.093952
0.097440
0.094816
0.092416
0.094944
0.093952
0.094752
0.093536
0.096288
0.095136
0.093248
0.094944
0.095872
0.097152
0.092960
0.094336
0.095296
0.093984
0.093920
0.098720
0.095200
0.092448
0.093856
0.094688
0.097600
0.093216
0.096512
0.098048
0.093440
0.094848
0.094432
0.096384
0.093248
0.094688
0.095456
0.093248
0.093792
0.095968
0.094080
0.098144
0.096128
0.094336
0.096832
0.093536
0.095136
0.093376
0.097728
0.095936
0.104320
0.093088
0.096544
0.097152
0.096096
0.094464
0.099104
0.093376
0.093408
0.094272
0.096064
0.094016
0.095168
0.098336
0.093792
0.093920
0.094880
0.094176
0.096928
0.094752
0.097152
0.093248
0.092832
0.093504
0.095328
0.093792
0.092992
0.098080
0.101376
0.097728
0.095584
0.094272
0.093088
0.094016
0.097728
0.093376
0.092768
0.098048
0.095296
0.093376
0.104000
0.095168
0.093856
0.094208
0.095808
0.093792
0.094880
0.097088
0.095040
0.092960
0.094176
0.098688
0.094528
0.093088
0.093824
0.094848
0.096768
0.093984
0.098816
0.095456
0.093344
0.095360
0.095712
0.094208
0.098720
0.096384
0.093408
0.093216
0.098432
0.094944
0.097600
0.095136
0.097664
0.112864
0.092736
0.094048
0.099552
0.093280
0.092608
0.093728
0.094592
0.095840
0.095392
0.096480
0.094848
0.092768
0.095072
0.094336
0.094016
0.092192
0.099552
0.095648
0.094944
0.094400
0.095904
0.098656
0.096384
0.096032
0.098560
0.095648
0.094720
0.096416
0.095904
0.093120
0.097408
0.096672
0.094912
0.092352
0.093248
0.092512
0.093376
0.092608
0.092800
0.095552
0.093248
0.092768
0.092608
0.092320
0.092640
0.092832
0.092800
0.092192
0.092064
0.092064
0.093216
0.092800
0.092768
0.092512
0.097696
0.096576
0.097120
0.095456
0.093056
0.093184
0.093248
0.092832
0.095072
0.092800
0.093536
0.094816
0.092896
0.094464
0.092608
0.093088
0.093056
0.092576
0.092416
0.092896
0.092800
0.092576
0.092896
0.092416
0.093248
0.092448
0.093280
0.092736
0.092800
0.092928
0.092640
0.092064
0.092832
0.092480
0.092192
0.092352
0.093408
0.092800
0.093088
0.092800
0.092736
0.092960
0.096256
0.096704
0.096576
0.093696
0.096128
0.095104
0.093248
0.092384
0.093024
0.093088
0.093184
0.092960
0.096064
0.093120
0.093696
0.093536
0.093088
0.093088
0.094912
0.095456
0.094016
0.092480
0.092352
0.092928
0.094112
0.093440
0.093568
0.092640
0.092832
0.093216
0.095552
0.092448
0.092288
0.092736
0.093440
0.092800
0.092608
0.094848
0.095872
0.097376
0.092960
0.092672
0.092672
0.092576
0.093312
0.092384
0.093120
0.092320
0.093344
0.093216
0.092768
0.092864
0.093056
0.099168
0.092448
0.093728
0.098016
0.111552
0.098176
0.095392
0.095904
0.097216
0.098304
0.097728
0.095904
0.095616
0.096192
0.097120
0.094720
0.093184
0.094592
0.103840
0.095488
0.097440
0.093056
0.092480
0.093408
0.092896
0.093216
0.092256
0.092672
0.094208
0.094272
0.092544
0.092896
0.092448
0.093152
0.096192
0.093824
0.092960
0.093056
0.094112
0.094688
0.097184
0.096128
0.092992
0.093920
0.092896
0.094016
0.093056
0.092672
0.105888
0.097920
0.092832
0.096416
0.095424
0.093600
0.098208
0.096896
0.093664
0.095104
0.094176
0.095456
0.096704
0.097760
0.094176
0.092704
0.092928
0.092800
0.092928
0.106560
0.093216
0.096928
0.092864
0.093664
0.096800
0.092864
0.092608
0.095424
0.097952
0.094432
0.092608
0.093088
0.092576
0.093504
0.093024
0.093056
0.092608
0.093504
0.092768
0.093152
0.092736
0.092736
0.092544
0.092576
0.092832
0.092928
0.092544
0.093344
0.093824
0.094048
0.092736
0.093344
0.095328
0.093088
0.095616
0.093152
0.092864
0.094976
0.095296
0.096544
0.092480
0.096576
0.092896
0.095648
0.092992
0.092768
0.093280
0.099584
0.093088
0.092800
0.092544
0.092960
0.096576
0.093312
0.092576
0.093216
0.095232
0.096480
0.092800
0.092544
0.093088
0.092800
0.092640
0.093152
0.096800
0.093600
0.092192
0.092896
0.093312
0.092736
0.092864
0.092576
0.092928
0.092928
0.092896
0.092992
0.092512
0.092832
0.092640
0.092832
0.092320
0.092672
0.092704
0.095264
0.092736
0.093184
0.092192
0.095392
0.092928
0.093408
0.092320
0.092640
0.092864
0.093312
0.095040
0.095552
0.092320
0.093440
0.092832
0.092512
0.094720
0.093056
0.093056
0.093248
0.092704
0.096032
0.092320
0.093120
0.092928
0.093088
0.092352
0.092448
0.093408
0.093056
0.091936
0.092576
0.092640
0.093536
0.095008
0.092576
0.092704
0.092608
0.092832
0.092320
0.092128
0.092768
0.092224
0.092512
0.092480
0.094208
0.092320
0.096320
0.096448
0.092480
0.092576
0.092544
0.093312
0.093184
0.092032
0.092640
0.092672
0.093376
0.092704
0.093344
0.095136
0.095904
0.094816
0.093216
0.092512
0.092800
0.092480
0.093568
0.092608
0.093408
0.092672
0.093824
0.093408
0.093088
0.092960
0.093408
0.093088
0.093216
0.092640
0.093600
0.097504
0.096224
0.096384
0.093504
0.093152
0.094432
0.097504
0.093440
0.093280
0.092992
0.093152
0.092896
0.093056
0.092928
0.092640
0.092736
0.093056
0.093056
0.092576
0.093216
0.092736
0.092992
0.096736
0.097056
0.096160
0.094592
0.094112
0.096000
0.094336
0.093504
0.092896
0.093024
0.092928
0.092800
0.092384
0.092160
0.092544
0.092416
0.092992
0.092448
0.092896
0.093472
0.092544
0.093216
0.092320
0.092992
0.092608
0.092928
0.092896
0.092544
0.092544
0.093952
0.095872
0.093344
0.092256
0.092480
0.095360
0.097248
0.094336
0.093056
0.099232
0.094080
0.092608
0.092768
0.092320
0.096672
0.092352
0.093184
0.092320
0.092704
0.092608
0.093184
0.094688
0.095968
0.092384
0.092864
0.092832
0.096576
0.092608
0.092480
0.093280
0.094048
0.092480
0.093024
0.092576
0.092896
0.096128
0.092960
0.092352
0.093568
0.096576
0.095520
0.092448
0.092992
0.092192
0.093280
0.093088
0.092736
0.092800
0.093344
0.093504
0.093216
0.093056
0.092768
0.092608
0.093344
0.092640
0.092416
0.092640
0.093408
0.093888
0.093760
0.092896
0.093056
0.094272
0.093344
0.092672
0.092864
0.093760
0.100448
0.097472
0.095488
0.092544
0.093376
0.093472
0.093024
0.092320
0.092256
0.092672
0.093216
0.092800
0.092672
0.092544
0.093408
0.092576
0.092800
0.092672
0.092672
0.093344
0.093056
0.092992
0.093504
0.092288
0.092928
0.092672
0.093632
0.092192
0.093440
0.094720
0.094976
0.092896
0.092672
0.092992
0.092800
0.092928
0.093120
0.092416
0.095392
0.092128
0.092928
0.092608
0.092672
0.092512
0.092160
0.092704
0.092768
0.092672
0.092192
0.093600
0.097568
0.093152
0.093536
0.095392
0.092704
0.092672
0.092992
0.096960
0.094560
0.092992
0.093120
0.092448
0.092992
0.092064
0.093216
0.093088
0.093760
0.092448
0.092832
0.093536
0.092896
0.093184
0.092416
0.094240
0.095712
0.092416
0.092832
0.095840
0.092448
0.092352
0.093632
0.092416
0.094912
0.092576
0.092960
0.096320
0.116512
0.110272
0.093440
0.092096
0.091680
0.091392
0.091904
0.092192
0.093952
0.091648
0.091424
0.091456
0.092000
0.091488
0.093856
0.091456
0.092000
0.094528
0.094848
0.094944
0.096128
0.092032
0.091872
0.092480
0.091424
0.093280
0.094112
0.094368
0.091808
0.091104
0.091936
0.091232
0.092352
0.094112
0.091456
0.094464
0.091680
0.091936
0.094048
0.091168
0.091680
0.091232
0.091712
0.091360
0.092160
0.091008
0.091776
0.092160
0.094752
0.091488
0.094208
0.091680
0.092032
0.091456
0.091904
0.091360
0.091808
0.091552
0.091424
0.091392
0.091680
0.091680
0.091616
0.091648
0.091680
0.091040
0.091488
0.091520
0.091744
0.091328
0.091936
0.091104
0.091904
0.094144
0.091360
0.095712
0.093792
0.099648
0.091744
0.094336
0.092256
0.091296
0.092096
0.091840
0.091648
0.091936
0.098272
0.093888
0.091744
0.091264
0.091392
0.091200
0.092224
0.091488
0.093536
0.090912
0.091808
0.091584
0.095616
0.094528
0.092000
0.091488
0.091840
0.091776
0.091744
0.095104
0.092608
0.091808
0.092320
0.090944
0.091456
0.091872
0.091680
0.092096
0.091712
0.091776
0.091104
0.091264
0.094912
0.091328
0.093344
0.091328
0.091936
0.092000
0.091424
0.090656
0.091296
0.091520
0.094368
0.091680
0.094848
0.090944
0.096352
0.091680
0.091328
0.091328
0.091456
0.091968
0.091520
0.093408
0.092512
0.095648
0.091744
0.095648
0.091872
0.093024
0.091840
0.091456
0.093472
0.091360
0.091936
0.092096
0.092000
0.091264
0.091392
0.095712
0.092160
0.091552
0.093632
0.091264
0.092000
0.094144
0.091584
0.091008
0.096160
0.092096
0.091520
0.093888
0.091776
0.092864
0.094080
0.093504
0.096448
0.096416
0.093632
0.094816
0.094688
0.091648
0.091360
0.091712
0.092960
0.094496
0.092128
0.090880
0.094240
0.092000
0.092416
0.092032
0.096032
0.092064
0.092384
0.092288
0.091680
0.091008
0.092512
0.092032
0.093472
0.095232
0.096800
0.092032
0.092352
0.094720
0.094048
0.092192
0.091968
0.091232
0.091744
0.091168
0.092032
0.094656
0.092416
0.093504
0.091872
0.092192
0.091840
0.091712
0.091904
0.091712
0.091424
0.091104
0.092864
0.091680
0.092128
0.093888
0.091328
0.091008
0.091456
0.091296
0.091264
0.091104
0.091872
0.091424
0.091904
0.091040
0.094784
0.091296
0.092320
0.093280
0.091776
0.091168
0.092256
0.091968
0.091872
0.093952
0.092096
0.091136
0.091872
0.091840
0.093792
0.091072
0.091328
0.097408
0.092768
0.095168
0.094048
0.091712
0.094240
0.091328
0.092128
0.091648
0.094336
0.091840
0.095616
0.094496
0.092288
0.092064
0.092128
0.091456
0.091520
0.091040
0.091744
0.091776
0.091744
0.091552
0.091808
0.091648
0.091936
0.094464
0.091808
0.091360
0.091744
0.091040
0.091296
0.090976
0.091584
0.092096
0.091776
0.091488
0.091936
0.091264
0.095200
0.091264
0.091104
0.091424
0.091104
0.091584
0.091808
0.091040
0.091776
0.091520
0.092000
0.095328
0.091232
0.093824
0.091776
0.091584
0.092000
0.091712
0.092128
0.091264
0.091360
0.091232
0.092128
0.091328
0.091392
0.091072
0.092096
0.091520
0.091712
0.092032
0.091680
0.092960
0.091840
0.090848
0.091456
0.091136
0.091616
0.091648
0.091680
0.090976
0.091904
0.092000
0.095744
0.091392
0.094080
0.091264
0.092032
0.091456
0.091680
0.094400
0.092480
0.094848
0.091616
0.091264
0.092288
0.091744
0.091808
0.091264
0.091648
0.091456
0.092544
0.091680
0.091680
0.094336
0.091680
0.092064
0.094048
0.091392
0.091072
0.091328
0.092352
0.091328
0.098656
0.092032
0.091968
0.091296
0.091968
0.091488
0.094688
0.095968
0.091776
0.091488
0.092352
0.093696
0.091712
0.091392
0.095360
0.091904
0.091840
0.091424
0.092256
0.091808
0.092192
0.092160
0.091840
0.091392
0.092096
0.091616
0.091968
0.091104
0.092064
0.091424
0.091936
0.091552
0.091296
0.091072
0.091712
0.094656
0.091776
0.093632
0.094304
0.092224
0.093472
0.091200
0.092096
0.091232
0.091680
0.091840
0.092000
0.091136
0.091744
0.091136
0.092576
0.091104
0.091264
0.091168
0.091936
0.094336
0.091744
0.091168
0.091808
0.092032
0.091680
0.091424
0.091808
0.091328
0.092000
0.091200
0.091328
0.091232
0.091264
0.107744
0.091936
0.094816
0.095872
0.093856
0.091744
0.091456
0.091520
0.091552
0.095744
0.093632
0.093152
0.091520
0.091648
0.092864
0.091616
0.091360
0.091328
0.091392
0.092224
0.091808
0.094688
0.091264
0.091936
0.091648
0.093120
0.091552
0.094144
0.091456
0.091744
0.091456
0.091360
0.091296
0.092224
0.091680
0.094656
0.091360
0.091648
0.091968
0.091680
0.092032
0.091680
0.091744
0.091392
0.091328
0.091520
0.091616
0.091648
0.091328
0.091584
0.091488
0.091456
0.094016
0.091232
0.091520
0.093440
0.091392
0.092192
0.090912
0.095712
0.092768
0.091872
0.094272
0.091808
0.094592
0.091872
0.091904
0.091712
0.093664
0.092416
0.093536
0.092064
0.090976
0.091552
0.091488
0.091808
0.092224
0.093664
0.091616
0.091776
0.093120
0.091072
0.090944
0.091296
0.091328
0.091904
0.091648
0.091168
0.092416
0.095840
0.094560
0.096320
0.091136
0.091424
0.092960
0.091744
0.091200
0.091968
0.091136
0.092256
0.091936
0.091904
0.091328
0.091968
0.091840
0.091936
0.091552
0.091552
0.090880
0.092736
0.091584
0.093472
0.091264
0.092064
0.093856
0.091552
0.090912
0.091072
0.091776
0.091648
0.091904
0.100768
0.095776
0.091712
0.091552
0.091936
0.091232
0.091392
0.091552
0.091808
0.091584
0.091360
0.092160
0.091584
0.091616
0.094240
0.091008
0.092224
0.091488
0.091808
0.091328
0.092352
0.094528
0.092448
0.092224
0.092032
0.091904
0.095072
0.092128
0.097632
0.095712
0.092672
0.092000
0.094752
0.093472
0.091776
0.092224
0.094016
0.091008
0.092448
0.092032
0.094464
0.090720
0.090976
0.095648
0.094144
0.091744
0.092352
0.091424
0.091584
0.091520
0.091328
0.091264
0.095584
0.093440
0.091552
0.091360
0.092768
0.091360
0.092224
0.094368
0.091584
0.090656
0.091840
0.093248
0.095488
0.095840
0.093920
0.094240
0.095904
0.094208
0.093856
0.093216
0.094272
0.093248
0.093344
0.097920
0.096672
0.096160
0.104096
0.096416
0.093952
0.092832
0.093088
0.093760
0.093792
0.095840
0.093792
0.099904
0.097472
0.093792
0.100736
0.095648
0.095360
0.095264
0.096032
0.103264
0.098304
0.094464
0.093152
0.092576
0.092960
0.093248
0.094112
0.094656
0.092896
0.093344
0.093568
0.092640
0.092960
0.092576
0.092928
0.092928
0.092896
0.092416
0.092768
0.091904
0.093088
0.092288
0.092640
0.093664
0.096064
0.096000
0.092256
0.091968
0.092896
0.095904
0.096192
0.092480
0.092896
0.092576
0.092896
0.092160
0.096928
0.092704
0.093088
0.092896
0.093184
0.092576
0.092736
0.092672
0.092736
0.092352
0.092128
0.091968
0.092864
0.099680
0.093088
0.092288
0.096800
0.093024
0.093024
0.092544
0.093024
0.092256
0.093440
0.094720
0.092896
0.092704
0.092864
0.092352
0.092800
0.092000
0.092544
0.092960
0.092576
0.092608
0.092480
0.092032
0.092640
0.092416
0.092416
0.092352
0.092416
0.096800
0.093248
0.092608
0.095712
0.092832
0.092928
0.092928
0.092960
0.092864
0.092576
0.092416
0.092864
0.092544
0.094048
0.095648
0.093216
0.092928
0.092832
0.092256
0.093248
0.092736
0.092896
0.098144
0.096160
0.094464
0.094752
0.092544
0.093600
0.094400
0.092672
0.092096
0.093664
0.093408
0.093504
0.092896
0.098368
0.093024
0.092768
0.092448
0.092896
0.092672
0.092768
0.092992
0.093504
0.092256
0.092800
0.093024
0.096256
0.093088
0.092928
0.092256
0.093504
0.093408
0.092128
0.096224
0.093120
0.096192
0.095744
0.095200
0.093952
0.092672
0.092992
0.091968
0.094976
0.092224
0.092704
0.092960
0.092288
0.095104
0.092416
0.092384
0.093248
0.091904
0.092512
0.092416
0.093152
0.092480
0.092704
0.094560
0.092544
0.096128
0.096192
0.092480
0.092832
0.092384
0.093376
0.094144
0.093056
0.093056
0.102592
0.094976
0.093728
0.092256
0.092544
0.092448
0.093280
0.092512
0.094912
0.092448
0.107488
0.092256
0.094752
0.095104
0.096160
0.093344
0.092896
0.092608
0.095648
0.092192
0.092768
0.095072
0.092864
0.092576
0.093216
0.092320
0.092960
0.093984
0.094432
0.093408
0.092992
0.095680
0.096384
0.092192
0.093184
0.094464
0.092480
0.092000
0.092960
0.092448
0.095712
0.096256
0.093120
0.093024
0.093504
0.092448
0.096352
0.092224
0.093504
0.095744
0.095456
0.092320
0.092896
0.095680
0.092704
0.093440
0.092608
0.092352
0.092832
0.095168
0.092384
0.092576
0.092960
0.091936
0.092576
0.092640
0.092288
0.092224
0.092704
0.092768
0.094240
0.096064
0.095840
0.095296
0.094400
0.092512
0.092736
0.093280
0.093152
0.092608
0.092960
0.092192
0.092192
0.091488
0.092384
0.091744
0.092608
0.092736
0.095520
0.092544
0.092704
0.095968
0.095552
0.092576
0.093248
0.092512
0.095488
0.092544
0.092832
0.092736
0.092544
0.092384
0.092128
0.092128
0.101248
0.094592
0.093472
0.112992
0.094208
0.093248
0.093792
0.093504
0.096864
0.095840
0.099200
0.101408
0.099936
0.095424
0.098016
0.093376
0.093472
0.092864
0.100160
0.093152
0.095552
0.093856
0.105312
0.100128
0.093344
0.093984
0.093600
0.092896
0.092800
0.092960
0.093280
0.095200
0.094144
0.093728
0.092896
0.092480
0.092416
0.092448
0.092992
0.093312
0.092064
0.092416
0.094304
0.093760
0.093312
0.093760
0.093568
0.093344
0.097344
0.093056
0.093248
0.093024
0.095200
0.096064
0.097248
0.091904
0.095904
0.093024
0.094144
0.092992
0.094912
0.096384
0.098976
0.096992
0.095808
0.092800
0.092832
0.092736
0.092768
0.091712
0.092832
0.092576
0.092864
0.093728
0.095264
0.092384
0.094688
0.093504
0.092608
0.092384
0.092896
0.092896
0.096736
0.093152
0.092800
0.092416
0.093536
0.092416
0.093024
0.092800
0.105472
0.095072
0.092928
0.092160
0.092288
0.092160
0.092288
0.092000
0.092512
0.091712
0.092896
0.092736
0.092640
0.092320
0.096352
0.095040
0.096544
0.092640
0.092864
0.092896
0.093504
0.092672
0.092544
0.092384
0.093088
0.093280
0.092480
0.091904
0.092608
0.092352
0.095936
0.094592
0.092672
0.092352
0.092672
0.093152
0.093120
0.094240
0.095904
0.092736
0.092544
0.092192
0.092512
0.092160
0.092768
0.092480
0.092480
0.092576
0.093024
0.092352
0.093056
0.092320
0.092640
0.092768
0.092256
0.092928
0.092928
0.092288
0.095456
0.092000
0.096928
0.092224
0.096256
0.092736
0.092000
0.091744
0.096768
0.092448
0.093088
0.097344
0.093344
0.092320
0.092800
0.092256
0.094400
0.092768
0.092768
0.092608
0.092544
0.093728
0.094912
0.092544
0.093024
0.092064
0.092480
0.092320
0.093216
0.092512
0.092768
0.092512
0.092448
0.092352
0.092992
0.094432
0.095328
0.092192
0.097344
0.092224
0.094912
0.091488
0.092928
0.092544
0.092512
0.092000
0.092800
0.095968
0.092672
0.094784
0.092864
0.093216
0.092992
0.092384
0.092640
0.092928
0.093248
0.093120
0.092896
0.095552
0.092928
0.095328
0.093216
0.092352
0.092672
0.092928
0.093120
0.092352
0.092480
0.092320
0.092416
0.092704
0.092480
0.092800
0.094272
0.094400
0.094624
0.094336
0.092832
0.096224
0.098816
0.095552
0.096256
0.094336
0.093728
0.093472
0.093280
0.092256
0.092736
0.093472
0.095296
0.096864
0.092832
0.092224
0.092896
0.093600
0.092480
0.092032
0.092576
0.093056
0.092768
0.097472
0.092768
0.092864
0.093280
0.093024
0.092704
0.092800
0.092864
0.102944
0.096224
0.094720
0.095360
0.094784
0.095648
0.095072
0.092640
0.092736
0.092832
0.115136
0.092992
0.092384
0.096064
0.096384
0.092608
0.092736
0.092704
0.092096
0.092640
0.092640
0.092832
0.092160
0.091904
0.092288
0.092672
0.092256
0.092768
0.092544
0.092384
0.092512
0.092384
0.092000
0.092928
0.091904
0.092352
0.095072
0.094592
0.092640
0.092480
0.095424
0.096544
0.092224
0.092992
0.094656
0.092992
0.092928
0.093024
0.092512
0.093280
0.092320
0.092576
0.092768
0.092896
0.092544
0.092192
0.092128
0.093248
0.093152
0.092544
0.094144
0.095616
0.092544
0.092384
0.095520
0.095328
0.095168
0.092864
0.092128
0.092640
0.092160
0.092640
0.091904
0.092192
0.092096
0.092480
0.092032
0.092576
0.091584
0.092640
0.092256
0.092672
0.095072
0.093248
0.092544
0.096128
0.092864
0.093056
0.094752
0.093184
0.096704
0.092768
0.092000
0.092896
0.092160
0.093280
0.092608
0.092352
0.091840
0.092864
0.093440
0.092544
0.092064
0.092640
0.092768
0.093184
0.092320
0.092576
0.092320
0.093344
0.092576
0.092256
0.092064
0.092064
0.092576
0.094912
0.095776
0.092672
0.096032
0.095616
0.092928
0.092864
0.092288
0.093280
0.092864
0.093312
0.092320
0.092288
0.116160
0.093792
0.096320
0.096256
0.092608
0.093568
0.092448
0.092928
0.092608
0.093376
0.092896
0.093408
0.092576
0.092864
0.093024
0.092736
0.092608
0.092768
0.092704
0.092640
0.092384
0.092544
0.092128
0.092352
0.095456
0.093504
0.094528
0.096352
0.095168
0.092384
0.092800
0.092896
0.094880
0.093152
0.092640
0.092704
0.092192
0.092192
0.092768
0.092384
0.092576
0.093056
0.091936
0.093056
0.092512
0.092608
0.092160
0.095456
0.095744
0.092864
0.093088
0.092960
0.093088
0.093216
0.092160
0.092896
0.092800
0.093152
0.092896
0.093376
0.093024
0.095360
0.092896
0.093152
0.093920
0.093280
0.092928
0.092096
0.093856
0.093536
0.096224
0.093184
0.096256
0.092960
0.092288
0.092864
0.093056
0.091744
0.092288
0.091456
0.093024
0.092128
0.092288
0.102816
0.094432
0.092672
0.093024
0.091904
0.092736
0.095616
0.092768
0.091680
0.094304
0.095744
0.092832
0.092288
0.092704
0.092000
0.092448
0.094528
0.095456
0.092192
0.092480
0.091520
0.092736
0.092192
0.092352
0.091104
0.092096
0.091872
0.092576
0.091712
0.092224
0.091488
0.092864
0.091584
0.092288
0.091456
0.092384
0.091872
0.092320
0.091520
0.092480
0.091328
0.092800
0.092288
0.092352
0.091424
0.092512
0.091904
0.092768
0.095584
0.093088
0.096128
0.092640
0.091360
0.092672
0.092000
0.093088
0.093504
0.093312
0.091936
0.092704
0.095200
0.092704
0.092032
0.091904
0.091936
0.093216
0.091872
0.092416
0.092416
0.092608
0.092288
0.092576
0.091392
0.092160
0.092256
0.092992
0.091680
0.092544
0.091968
0.092896
0.092192
0.092800
0.093600
0.092736
0.092224
0.093344
0.092448
0.092256
0.091776
0.092544
0.092224
0.092832
0.091520
0.092960
0.091744
0.092640
0.091712
0.092832
0.092512
0.092416
0.092064
0.092192
0.092256
0.091968
0.091680
0.092832
0.091840
0.092512
0.091520
0.092576
0.092160
0.092320
0.091968
0.092416
0.092480
0.092512
0.092096
0.092800
0.091488
0.094368
0.094656
0.095232
0.091680
0.096416
0.095584
0.092352
0.092128
0.092576
0.091712
0.095456
0.092064
0.092800
0.091648
0.092768
0.092000
0.094368
0.092640
0.092864
0.091808
0.092448
0.092000
0.092640
0.091808
0.092736
0.091904
0.092160
0.091744
0.092928
0.092160
0.092096
0.092288
0.092864
0.091840
0.092672
0.091424
0.092896
0.091328
0.096160
0.093248
0.092928
0.092128
0.092320
0.092128
0.092416
0.102752
0.092544
0.091936
0.094560
0.094656
0.099840
0.093184
0.093088
0.091968
0.095232
0.096512
0.093056
0.091904
0.095072
0.092864
0.095936
0.091840
0.094656
0.092832
0.093184
0.092768
0.093024
0.091712
0.092352
0.091712
0.092384
0.091584
0.093120
0.091776
0.093120
0.092384
0.092352
0.092192
0.092704
0.091712
0.092384
0.091520
0.094144
0.094944
0.094912
0.091488
0.092448
0.093984
0.096224
0.091872
0.095584
0.091968
0.093056
0.092128
0.092256
0.091648
0.092416
0.091808
0.092480
0.091328
0.092320
0.091520
0.092096
0.091424
0.092224
0.091392
0.092384
0.091456
0.092288
0.093440
0.092960
0.091808
0.092096
0.091360
0.092000
0.091360
0.092960
0.091616
0.095296
0.091552
0.092352
0.091968
0.095168
0.093088
0.092704
0.091616
0.092096
0.090848
0.093312
0.091904
0.091744
0.090688
0.091584
0.090752
0.095776
0.091648
0.091744
0.090752
0.091104
0.090880
0.091264
0.090944
0.090976
0.090784
0.097280
0.095680
0.095232
0.096256
0.093536
0.091712
0.091936
0.090656
0.091968
0.091072
0.092000
0.091616
0.091232
0.090912
0.091360
0.091360
0.093536
0.090496
0.091040
0.090784
0.091968
0.091200
0.093216
0.090912
0.091488
0.091008
0.093696
0.093440
0.092032
0.090688
0.092576
0.091776
0.091552
0.090688
0.092416
0.091040
0.091776
0.090592
0.091136
0.091680
0.095872
0.091040
0.091584
0.094784
0.091424
0.090944
0.093664
0.090816
0.091456
0.090624
0.091456
0.091008
0.091296
0.090304
0.091520
0.090656
0.091744
0.093024
0.091616
0.090848
0.091968
0.091712
0.093760
0.090624
0.091584
0.095392
0.092032
0.091104
0.091808
0.090560
0.091520
0.091200
0.091744
0.090304
0.091168
0.091040
0.092608
0.090976
0.091616
0.090848
0.091552
0.091648
0.091264
0.091104
0.091520
0.093376
0.095936
0.090848
0.094112
0.092992
0.092768
0.091616
0.091712
0.090688
0.091552
0.091360
0.091744
0.090752
0.090848
0.091040
0.091616
0.090880
0.092288
0.092256
0.091680
0.091808
0.095232
0.090784
0.092000
0.090624
0.092224
0.091488
0.091904
0.090688
0.092096
0.091104
0.092000
0.090912
0.091488
0.090944
0.095488
0.091968
0.092032
0.093408
0.094432
0.090976
0.091616
0.092512
0.091488
0.091040
0.095808
0.094720
0.091936
0.094080
0.091712
0.091200
0.091360
0.090592
0.091808
0.090976
0.091360
0.090688
0.091392
0.090656
0.091104
0.090944
0.091744
0.090336
0.091296
0.090656
0.091648
0.090752
0.091328
0.090240
0.091392
0.090880
0.091680
0.090528
0.091616
0.090880
0.091360
0.090752
0.090912
0.090368
0.091488
0.092192
0.091872
0.094304
0.095136
0.095008
0.094496
0.093856
0.091296
0.090592
0.091424
0.091232
0.091456
0.090880
0.091360
0.090944
0.092096
0.094976
0.094144
0.090368
0.091136
0.091008
0.092192
0.090880
0.091392
0.090592
0.092224
0.091072
0.091744
0.090528
0.091392
0.091264
0.091744
0.091008
0.091616
0.091040
0.091968
0.090752
0.091424
0.090752
0.090880
0.093952
0.091584
0.090912
0.091264
0.090720
0.091936
0.090880
0.095936
0.090880
0.091552
0.090816
0.094336
0.095104
0.095520
0.091264
0.092256
0.091168
0.092576
0.093664
0.092000
0.091008
0.096032
0.090784
0.091744
0.090656
0.091552
0.091008
0.092096
0.091200
0.091104
0.090816
0.091936
0.090528
0.091296
0.090848
0.091360
0.091072
0.091360
0.090688
0.091488
0.102304
0.091840
0.090720
0.091072
0.090240
0.091744
0.090752
0.091232
0.098560
0.092704
0.094304
0.091744
0.090816
0.094368
0.090464
0.091488
0.090912
0.091744
0.091104
0.091264
0.091104
0.093920
0.091136
0.091360
0.090752
0.091680
0.091136
0.091424
0.090464
0.091840
0.091360
0.091488
0.090976
0.091200
0.091136
0.091424
0.090784
0.091680
0.091360
0.091520
0.090912
0.091584
0.090688
0.091360
0.090976
0.092064
0.092192
0.093312
0.090432
0.091392
0.091808
0.091104
0.092928
0.091296
0.090624
0.091424
0.090944
0.091488
0.091392
0.094144
0.091552
0.094752
0.090912
0.091520
0.091648
0.093632
0.093824
0.093664
0.090848
0.091744
0.091872
0.091872
0.091584
0.091648
0.091008
0.091840
0.091200
0.093120
0.094560
0.092448
0.091392
0.091968
0.090528
0.091584
0.090528
0.091392
0.091200
0.091712
0.095264
0.095936
0.091008
0.091712
0.093632
0.091712
0.090944
0.091840
0.090944
0.092096
0.091008
0.091232
0.090688
0.091488
0.091392
0.091424
0.090432
0.093152
0.091680
0.091520
0.090656
0.091488
0.091008
0.091872
0.091232
0.091552
0.090400
0.091136
0.091584
0.093344
0.090944
0.091264
0.090528
0.092064
0.090880
0.091392
0.093056
0.091520
0.091296
0.091296
0.091136
0.091072
0.091136
0.092896
0.094752
0.094752
0.093568
0.091616
0.093504
0.091744
0.090976
0.093984
0.093472
0.092000
0.090944
0.091840
0.090848
0.091808
0.091424
0.091328
0.090752
0.091872
0.091328
0.091328
0.090656
0.091488
0.090976
0.091360
0.091008
0.091264
0.090944
0.094144
0.091808
0.091424
0.102432
0.091744
0.092480
0.095200
0.091136
0.091520
0.090944
0.091424
0.090976
0.094976
0.090752
0.091648
0.090976
0.091872
0.092448
0.093856
0.093472
0.091520
0.090528
0.091936
0.091200
0.091616
0.090496
0.091456
0.091136
0.091840
0.090720
0.091392
0.091232
0.091840
0.090592
0.091008
0.090592
0.091808
0.092800
0.091776
0.090560
0.091360
0.091136
0.092928
0.092832
0.091328
0.090560
0.091904
0.091424
0.091360
0.090432
0.093344
0.091392
0.095808
0.090720
0.093472
0.091584
0.091648
0.092672
0.091040
0.090848
0.091168
0.090752
0.091808
0.090976
0.091168
0.090496
0.092064
0.093376
0.091648
0.090688
0.095616
0.090816
0.094752
0.090784
0.091616
0.090976
0.091232
0.090912
0.091776
0.091136
0.094208
0.091616
0.091424
0.090944
0.091328
0.091296
0.093824
0.091744
0.094176
0.093152
0.095552
0.090816
0.092896
0.091072
0.092064
0.091360
0.092192
0.090848
0.094080
0.095648
0.091072
0.090656
0.091456
0.091168
0.091392
0.090720
0.091648
0.091008
0.091616
0.090880
0.093632
0.091296
0.091680
0.092224
0.092640
0.091136
0.095264
0.095264
0.093504
0.090752
0.091264
0.091008
0.091584
0.091008
0.091008
0.090592
0.091936
0.090816
0.091584
0.090400
0.091072
0.090848
0.091840
0.090368
0.091136
0.090944
0.091296
0.091136
0.095104
0.090816
0.091104
0.091072
0.092064
0.092736
0.091328
0.090624
0.092736
0.091648
0.093088
0.090624
0.091456
0.091456
0.095488
0.092960
0.092000
0.090816
0.091360
0.091232
0.091616
0.090848
0.091680
0.090688
0.091744
0.090720
0.091648
0.093376
0.096224
0.093472
0.091520
0.090880
0.091808
0.090688
0.091552
0.090720
0.091168
0.091168
0.091936
0.090944
0.091264
0.090720
0.093440
0.090752
0.091872
0.090848
0.091264
0.090560
0.091712
0.090816
0.092480
0.092544
0.091552
0.091008
0.091648
0.090336
0.091744
0.091008
0.091328
0.091008
0.091488
0.091296
0.091488
0.090816
0.091616
0.091360
0.094976
0.090336
0.092096
0.094208
0.094144
0.091360
0.091552
0.090880
0.091392
0.090560
0.091328
0.090688
0.091264
0.090592
0.091712
0.090848
0.093824
0.091296
0.091968
0.091040
0.091776
0.090848
0.091552
0.094272
0.091520
0.090592
0.091488
0.090976
0.093664
0.090688
0.090912
0.091136
0.091520
0.091200
0.091168
0.090784
0.091168
0.090528
0.094304
0.090976
0.091200
0.091936
0.092064
0.090656
0.091296
0.090560
0.090848
0.090688
0.091456
0.090272
0.090976
0.090848
0.091520
0.090976
0.091360
0.090880
0.091616
0.093056
0.095712
0.091104
0.094144
0.090784
0.091936
0.091328
0.091168
0.090752
0.093664
0.092704
0.091936
0.090784
0.091456
0.091104
0.091840
0.091136
0.091648
0.091424
0.091776
0.091040
0.091680
0.090624
0.091392
0.090432
0.091392
0.090752
0.091232
0.090784
0.091456
0.095232
0.091712
0.090720
0.093376
0.091232
0.091872
0.091008
0.091648
0.093344
0.091808
0.103072
0.092448
0.093344
0.091456
0.090912
0.095488
0.091360
0.092032
0.090944
0.091328
0.091264
0.092832
0.091520
0.091552
0.091168
0.092096
0.093344
0.091840
0.091040
0.093600
0.091360
0.091616
0.090624
0.091072
0.090816
0.091584
0.091136
0.091040
0.090496
0.091712
0.091168
0.094688
0.090976
0.091808
0.090560
0.091776
0.093856
0.091584
0.094112
0.091232
0.091136
0.091648
0.090624
0.091296
0.090688
0.091488
0.090944
0.095328
0.091744
0.091520
0.091072
0.091232
0.090656
0.091648
0.091072
0.093184
0.100512
0.094848
0.096032
0.091936
0.090752
0.093888
0.091104
0.091008
0.091072
0.091072
0.090752
0.091712
0.090912
0.091584
0.091968
0.091520
0.090656
0.092096
0.090880
0.091264
0.091424
0.091392
0.090944
0.091136
0.090464
0.091232
0.091168
0.091680
0.090432
0.091744
0.094624
0.092032
0.090656
0.091552
0.090912
0.093408
0.091168
0.091424
0.090592
0.091296
0.092256
0.094336
0.094688
0.093408
0.092480
0.095456
0.090848
0.091360
0.090624
0.091456
0.091040
0.092000
0.090976
0.091168
0.090560
0.092032
0.090592
0.091008
0.090304
0.091232
0.090656
0.091776
0.090432
0.091520
0.090368
0.091968
0.090624
0.091328
0.090528
0.091840
0.090944
0.091872
0.090528
0.091328
0.091008
0.091744
0.093984
0.091744
0.090976
0.091776
0.094560
0.093888
0.091904
0.091680
0.095072
0.092096
0.091424
0.091360
0.090752
0.091936
0.091232
0.091424
0.090368
0.091904
0.090624
0.091552
0.090784
0.091072
0.091328
0.092064
0.091040
0.091456
0.091296
0.091392
0.090816
0.091968
0.091392
0.091808
0.094976
0.091360
0.094016
0.091808
0.091008
0.092064
0.091360
0.091424
0.090976
0.091488
0.090784
0.091136
0.090784
0.091872
0.090976
0.091168
0.090656
0.091360
0.091360
0.092832
0.093984
0.095008
0.090816
0.094496
0.092128
0.091392
0.091776
0.091520
0.091680
0.091872
0.091520
0.091168
0.091136
0.091616
0.090912
0.091328
0.090688
0.091776
0.090752
0.095712
0.094432
0.091136
0.091424
0.091520
0.090112
0.091424
0.091104
0.091968
0.091008
0.091520
0.090528
0.091680
0.090688
0.091456
0.090432
0.091232
0.090720
0.091744
0.090816
0.091296
0.090176
0.091776
0.091040
0.091744
0.090816
0.091488
0.091200
0.095328
0.091040
0.094016
0.094144
0.094624
0.091296
0.092096
0.091008
0.091584
0.091168
0.091456
0.091072
0.091136
0.090816
0.091456
0.091072
0.091616
0.090528
0.091840
0.090720
0.091968
0.090528
0.091360
0.091008
0.091424
0.090752
0.092032
0.090976
0.095680
0.090496
0.093760
0.091040
0.091712
0.090560
0.091456
0.093920
0.091840
0.090528
0.091040
0.093792
0.096192
0.093216
0.094752
0.090816
0.091072
0.091104
0.092288
0.090560
0.091072
0.091040
0.092288
0.094368
0.091520
0.090624
0.091744
0.091392
0.091936
0.093472
0.092928
0.090688
0.091552
0.090688
0.091392
0.090784
0.091200
0.090976
0.091360
0.090400
0.091552
0.090176
0.091520
0.090592
0.091264
0.090624
0.091232
0.090592
0.091904
0.090688
0.093440
0.091168
0.091776
0.091040
0.093920
0.093248
0.094784
0.090848
0.091456
0.090688
0.091104
0.090560
0.091808
0.091200
0.091584
0.090528
0.090944
0.090624
0.131616
0.095136
0.096416
0.095296
0.098656
0.091936
0.091616
0.091104
0.091136
0.090976
0.094048
0.091104
0.091904
0.090560
0.095328
0.093568
0.091808
0.090880
0.091488
0.098464
0.091456
0.090464
0.091168
0.091872
0.098112
0.091456
0.091776
0.093952
0.092288
0.091136
0.093088
0.095616
0.092448
0.090752
0.091840
0.090720
0.091424
0.090656
0.092224
0.090944
0.091936
0.090752
0.091264
0.090880
0.091680
0.091168
0.091360
0.090848
0.092160
0.091104
0.091584
0.090496
0.090784
0.093920
0.095392
0.093440
0.093856
0.090336
0.091040
0.091552
0.091616
0.092800
0.091456
0.091552
0.091872
0.090624
0.094720
0.094496
0.095648
0.091520
0.091648
0.091808
0.091136
0.091904
0.091520
0.090944
0.091552
0.091456
0.092096
0.093312
0.091104
0.090144
0.090752
0.090912
0.091392
0.090592
0.091008
0.090464
0.094976
0.090624
0.091360
0.090944
0.091584
0.093696
0.090944
0.091040
0.095712
0.090784
0.093152
0.090752
0.091232
0.090432
0.092832
0.090944
0.095296
0.093152
0.091456
0.090624
0.091648
0.090400
0.091776
0.090944
0.091392
0.090720
0.091424
0.090688
0.091456
0.090624
0.091520
0.091232
0.091168
0.090688
0.091488
0.091200
0.091296
0.090720
0.091104
0.090880
0.091168
0.090752
0.091456
0.091008
0.091168
0.094176
0.091712
0.090400
0.091136
0.096544
0.091680
0.091072
0.091424
0.090432
0.091360
0.100480
0.091808
0.090752
0.094912
0.090976
0.091616
0.091040
0.091584
0.090880
0.091296
0.090720
0.091872
0.090880
0.091328
0.090496
0.091424
0.091712
0.091520
0.090528
0.091008
0.095488
0.091456
0.090336
0.091488
0.090848
0.093984
0.090976
0.091104
0.090432
0.091136
0.090560
0.091520
0.090784
0.091104
0.090560
0.101376
0.091168
0.095808
0.095072
0.091584
0.090720
0.091200
0.094240
0.095680
0.091040
0.091552
0.091232
0.091904
0.090688
0.091232
0.090560
0.091904
0.090944
0.091008
0.090592
0.091616
0.090688
0.092736
0.090720
0.091584
0.090880
0.091360
0.090368
0.091520
0.090752
0.091744
0.091008
0.093760
0.092640
0.091296
0.091328
0.091584
0.091328
0.094272
0.090592
0.096192
0.090848
0.090944
0.090432
0.090944
0.094880
0.091520
0.090784
0.094336
0.090752
0.091328
0.092928
0.091680
0.093088
0.091104
0.090592
0.091520
0.090976
0.091136
0.090496
0.091744
0.091264
0.091584
0.090976
0.092096
0.096736
0.091616
0.090656
0.091680
0.090816
0.093952
0.090816
0.091296
0.094144
0.090816
0.090496
0.091296
0.090528
0.091360
0.090112
0.091360
0.109088
0.091936
0.091552
0.091744
0.091360
0.091968
0.091264
0.091456
0.091904
0.091616
0.091424
0.091904
0.090496
0.091776
0.091296
0.092160
0.090336
0.091840
0.090496
0.091904
0.091360
0.091168
0.090624
0.092384
0.099168
0.094144
0.091520
0.094048
0.090816
0.091936
0.090976
0.091392
0.091392
0.090912
0.090496
0.094496
0.090976
0.091424
0.090944
0.091808
0.090688
0.091328
0.090720
0.090944
0.090944
0.090784
0.090656
0.091232
0.090208
0.091424
0.090880
0.091520
0.090816
0.091264
0.090592
0.092640
0.094176
0.091424
0.090656
0.091680
0.093600
0.091520
0.095904
0.091136
0.091136
0.105504
0.091008
0.091744
0.090432
0.091328
0.090912
0.091040
0.090432
0.091104
0.090944
0.091648
0.090816
0.092576
0.090688
0.092256
0.091648
0.095648
0.093760
0.093184
0.091200
0.091712
0.090560
0.091200
0.090432
0.091904
0.090880
0.091392
0.090816
0.091168
0.090976
0.091488
0.091008
0.091296
0.090720
0.093024
0.091584
0.090880
0.090368
0.091712
0.091392
0.091488
0.090528
0.091456
0.091520
0.091616
0.094528
0.093664
0.090336
0.091680
0.091232
0.094560
0.094432
0.090976
0.091232
0.091456
0.091136
0.091168
0.090624
0.091072
0.090400
0.091712
0.090624
0.091360
0.090624
0.091712
0.093216
0.094304
0.090944
0.094080
0.090752
0.095744
0.090976
0.091552
0.090400
0.091680
0.091328
0.091296
0.090656
0.091040
0.091104
0.091584
0.090720
0.091136
0.090784
0.091840
0.090944
0.091552
0.090560
0.091616
0.090784
0.094304
0.090976
0.091168
0.090880
0.095936
0.093568
0.093408
0.090496
0.091872
0.091104
0.091392
0.089952
0.090944
0.090656
0.090944
0.090816
0.091520
0.090272
0.091136
0.090592
0.091744
0.107744
0.091168
0.094336
0.092000
0.091072
0.092000
0.090816
0.091328
0.091328
0.093984
0.093952
0.091008
0.090272
0.091840
0.090752
0.094496
0.096320
0.098688
0.091936
0.093024
0.091616
0.091136
0.090912
0.091232
0.092992
0.093344
0.094080
0.098848
0.105280
0.095232
0.092736
0.092288
0.095552
0.094784
0.090880
0.091680
0.093344
0.091904
0.093824
0.096768
0.096128
0.091744
0.091040
0.091520
0.090816
0.091136
0.091008
0.091616
0.090880
0.091424
0.090624
0.091712
0.091168
0.091936
0.090720
0.092160
0.090816
0.091680
0.090656
0.091296
0.091040
0.095552
0.091872
0.092032
0.090560
0.091360
0.090528
0.092128
0.093184
0.091072
0.090624
0.091552
0.090880
0.091776
0.090656
0.091200
0.090688
0.092960
0.090688
0.091680
0.090048
0.091104
0.090528
0.091168
0.090560
0.091520
0.090336
0.091136
0.090592
0.091232
0.090912
0.091456
0.094912
0.091584
0.090432
0.091360
0.090400
0.091296
0.090880
0.093088
0.092480
0.091040
0.090784
0.091776
0.090880
0.093472
0.090368
0.091936
0.090912
0.091680
0.090528
0.091360
0.091008
0.091456
0.090496
0.091744
0.090912
0.095264
0.091072
0.091200
0.090784
0.091456
0.091104
0.091680
0.092736
0.092512
0.091008
0.091424
0.090688
0.091424
0.090720
0.091616
0.090976
0.091648
0.090560
0.091392
0.090400
0.091616
0.091136
0.091552
0.090592
0.091808
0.091232
0.096288
0.094304
0.094464
0.090432
0.091392
0.090560
0.091648
0.090656
0.091584
0.090912
0.091552
0.090560
0.091264
0.090784
0.091296
0.090816
0.091744
0.090976
0.091296
0.094592
0.091872
0.091200
0.091552
0.090624
0.094368
0.091232
0.091360
0.093024
0.093568
0.091616
0.091712
0.091456
0.091200
0.090784
0.091680
0.090592
0.093344
0.093440
0.091968
0.095424
0.094336
0.094144
0.091648
0.090368
0.091392
0.090944
0.091072
0.090624
0.091552
0.091072
0.091936
0.090368
0.091488
0.090752
0.092160
0.090880
0.091264
0.090912
0.091104
0.090944
0.091776
0.090880
0.091552
0.091008
0.094848
0.090816
0.092192
0.094016
0.093472
0.091328
0.091360
0.090688
0.091552
0.090496
0.091840
0.091296
0.092032
0.090848
0.095808
0.094304
0.092544
0.090976
0.092064
0.090880
0.092288
0.091008
0.091136
0.093920
0.092160
0.092256
0.091808
0.090784
0.091584
0.091744
0.094080
0.090752
0.092224
0.094336
0.091008
0.093472
0.091456
0.090976
0.091616
0.090336
0.091744
0.090688
0.090976
0.090080
0.091232
0.090880
0.091552
0.090304
0.091680
0.090688
0.091520
0.090720
0.091680
0.090848
0.091168
0.091072
0.091296
0.090848
0.091168
0.090368
0.092672
0.090400
0.091360
0.090144
0.091456
0.090880
0.091392
0.090496
0.092032
0.090848
0.093472
0.094304
0.091392
0.090880
0.091168
0.090656
0.091744
0.090496
0.091584
0.090464
0.091424
0.090848
0.091104
0.090048
0.091424
0.094560
0.091360
0.090784
0.091136
0.090624
0.094528
0.090656
0.091648
0.090400
0.090944
0.093504
0.095168
0.090656
0.091392
0.090880
0.091776
0.090720
0.091360
0.090432
0.091264
0.092800
0.091456
0.090272
0.091008
0.091328
0.095648
0.090592
0.091136
0.090592
0.095200
0.092416
0.091872
0.093184
0.091456
0.090560
0.092288
0.090848
0.090944
0.090496
0.091040
0.097216
0.091648
0.090368
0.091296
0.090816
0.094880
0.090528
0.091296
0.090848
0.090976
0.095392
0.095552
0.090720
0.093216
0.090208
0.091552
0.091264
0.091168
0.090592
0.091072
0.095072
0.093568
0.091392
0.091744
0.090912
0.091872
0.090816
0.091712
0.090688
0.091040
0.091072
0.091904
0.091904
0.091680
0.090560
0.091808
0.091392
0.101536
0.090112
0.091360
0.091136
0.094976
0.093824
0.093600
0.090656
0.091392
0.090752
0.091488
0.090752
0.090976
0.090688
0.091648
0.090944
0.091136
0.090688
0.091520
0.090912
0.092288
0.090752
0.095648
0.091328
0.091648
0.090688
0.091488
0.091072
0.095424
0.090528
0.091264
0.090464
0.091648
0.091040
0.091392
0.090656
0.091456
0.091232
0.091360
0.090880
0.091264
0.090688
0.091584
0.091200
0.091584
0.090432
0.091648
0.090944
0.091840
0.092480
0.094720
0.091072
0.094432
0.090752
0.092032
0.091296
0.091200
0.090944
0.092256
0.091136
0.091744
0.090976
0.094848
0.094912
0.091712
0.092096
0.091648
0.090784
0.091936
0.090912
0.091616
0.091136
0.091776
0.091264
0.091840
0.090848
0.092416
0.090944
0.091552
0.090944
0.095648
0.090240
0.091008
0.090912
0.094496
0.091168
0.091200
0.090592
0.091424
0.091104
0.091456
0.090816
0.091456
0.090752
0.092576
0.091008
0.091168
0.090176
0.091776
0.091104
0.091520
0.090752
0.091392
0.090880
0.094112
0.090368
0.094688
0.090656
0.091008
0.090848
0.093568
0.092160
0.091168
0.091168
0.091392
0.090560
0.091232
0.090592
0.091968
0.091072
0.091296
0.090496
0.091008
0.092576
0.091296
0.094624
0.095552
0.094272
0.091776
0.090656
0.091520
0.090848
0.091296
0.090656
0.091296
0.090784
0.091936
0.090720
0.091744
0.090720
0.091392
0.090624
0.091424
0.093728
0.091488
0.090464
0.091232
0.090720
0.093632
0.090816
0.091264
0.090976
0.091168
0.096032
0.091136
0.090848
0.090976
0.090240
0.094208
0.090848
0.091424
0.090368
0.091488
0.096864
0.092000
0.093216
0.091616
0.090592
0.094848
0.090688
0.093984
0.092512
0.091392
0.090976
0.091488
0.091104
0.091296
0.090688
0.091808
0.091168
0.091104
0.090560
0.091776
0.095072
0.091648
0.090624
0.091712
0.090880
0.094528
0.091200
0.094336
0.090912
0.091232
0.090784
0.091520
0.090752
0.090880
0.090592
0.095584
0.091040
0.091104
0.090560
0.091072
0.094464
0.091552
0.090592
0.091264
0.090784
0.093952
0.094336
0.091680
0.091104
0.091776
0.093600
0.091616
0.090656
0.094176
0.090560
0.091424
0.090848
0.091904
0.090784
0.091520
0.096480
0.091552
0.090528
0.091520
0.091136
0.094112
0.090880
0.091360
0.090432
0.091424
0.093216
0.091264
0.090624
0.091840
0.090784
0.094272
0.091392
0.091360
0.090688
0.091456
0.094528
0.091264
0.090400
0.091648
0.090208
0.094848
0.094624
0.092896
0.090624
0.093984
0.093344
0.091520
0.091872
0.091104
0.090752
0.091616
0.090784
0.091840
0.090592
0.091328
0.092224
0.092160
0.090752
0.091296
0.091200
0.091392
0.090912
0.091296
0.094560
0.093536
0.092448
0.091680
0.090880
0.091392
0.090752
0.091648
0.091424
0.091040
0.090496
0.091168
0.090944
0.096544
0.093248
0.091360
0.090752
0.092064
0.091008
0.093152
0.090688
0.091104
0.090752
0.091968
0.090816
0.091264
0.090720
0.092000
0.090560
0.090912
0.090496
0.091456
0.096544
0.091232
0.090624
0.091392
0.090784
0.093760
0.090560
0.091296
0.090816
0.092992
0.096032
0.091328
0.090848
0.091040
0.090784
0.092992
0.090528
0.091616
0.090400
0.091456
0.093664
0.093824
0.090272
0.091648
0.090624
0.093888
0.091232
0.095808
0.094400
0.091136
0.091168
0.091648
0.090848
0.091168
0.090432
0.091456
0.091200
0.091104
0.090912
0.091328
0.095296
0.091648
0.090304
0.091360
0.090912
0.095008
0.093184
0.096000
0.091104
0.093568
0.090656
0.091616
0.090816
0.091264
0.090560
0.091744
0.091072
0.094048
0.090464
0.091616
0.090848
0.094048
0.090720
0.094848
0.095200
0.091264
0.091200
0.091200
0.090752
0.091168
0.090880
0.091584
0.090400
0.091200
0.090816
0.091872
0.090784
0.091264
0.090848
0.091232
0.097568
0.091840
0.090784
0.091744
0.090880
0.093760
0.090656
0.091200
0.090400
0.091296
0.097280
0.091712
0.090816
0.091072
0.090496
0.095744
0.091168
0.093376
0.090688
0.091392
0.093824
0.091456
0.090528
0.091808
0.095616
0.092064
0.091008
0.091968
0.090368
0.090944
0.090432
0.091520
0.090848
0.095040
0.092288
0.091808
0.091136
0.091200
0.091136
0.091360
0.090720
0.091008
0.090656
0.091648
0.090464
0.093152
0.090528
0.091392
0.090912
0.091136
0.090592
0.091808
0.090592
0.091744
0.090880
0.098784
0.091104
0.091744
0.090272
0.095392
0.090976
0.095232
0.091072
0.091360
0.090816
0.091392
0.090784
0.091552
0.090944
0.090976
0.090528
0.091744
0.091104
0.091488
0.090976
0.091936
0.091232
0.091808
0.090848
0.091616
0.091296
0.094880
0.090848
0.091680
0.091072
0.092032
0.090944
0.091808
0.090944
0.091872
0.091136
0.091328
0.090368
0.095296
0.090464
0.092032
0.094208
0.097664
0.095040
0.092800
0.091552
0.091712
0.090688
0.091424
0.090912
0.094304
0.091072
0.091744
0.093184
0.091616
0.090944
0.091328
0.090624
0.091424
0.090752
0.091648
0.090464
0.091232
0.090304
0.091008
0.090880
0.091968
0.090496
0.091552
0.090720
0.091520
0.091232
0.090784
0.090528
0.091264
0.090496
0.091168
0.092704
0.094048
0.093920
0.095520
0.090976
0.094496
0.090624
0.091328
0.091136
0.091520
0.090464
0.091776
0.090464
0.091424
0.090688
0.091872
0.090976
0.091360
0.090752
0.092256
0.090976
0.091424
0.090624
0.091840
0.090528
0.091392
0.090624
0.091872
0.096608
0.091360
0.091040
0.091648
0.090368
0.091392
0.091104
0.091584
0.090816
0.091808
0.090912
0.092352
0.090848
0.095712
0.094720
0.092992
0.091840
0.091840
0.090688
0.091360
0.091616
0.091584
0.090496
0.091424
0.092832
0.094752
0.094176
0.092320
0.090624
0.091392
0.091168
0.091392
0.090464
0.091520
0.090848
0.091456
0.090656
0.091168
0.090656
0.091136
0.091104
0.091424
0.093408
0.091616
0.091264
0.094528
0.094944
0.095904
0.094688
0.091584
0.091776
0.092448
0.090848
0.091008
0.090720
0.091456
0.090720
0.091072
0.090528
0.092000
0.091008
0.091264
0.090816
0.091776
0.092480
0.091520
0.090912
0.091648
0.091008
0.091584
0.090784
0.093536
0.090528
0.091552
0.090784
0.091360
0.090944
0.091872
0.091072
0.090848
0.090720
0.091648
0.090752
0.091264
0.090496
0.091520
0.090464
0.091680
0.090624
0.095456
0.092800
0.095872
0.090976
0.094592
0.090400
0.091456
0.091232
0.100288
0.091552
0.091488
0.090816
0.092000
0.091776
0.096480
0.093632
0.092288
0.092480
0.091936
0.091200
0.092096
0.091104
0.096352
0.090784
0.091872
0.094176
0.092160
0.090688
0.092064
0.090752
0.108096
0.092288
0.092128
0.090592
0.092000
0.090944
0.092288
0.090816
0.092256
0.095232
0.094208
0.090592
0.091488
0.090720
0.091520
0.090496
0.091424
0.091008
0.094240
0.090336
0.091360
0.090880
0.091680
0.090816
0.091232
0.090976
0.093888
0.090912
0.091392
0.090752
0.091552
0.090720
0.091712
0.090432
0.091136
0.090944
0.091392
0.091040
0.090944
0.090592
0.091424
0.090688
0.091296
0.090496
0.091712
0.090688
0.091680
0.090848
0.091744
0.091040
0.091008
0.090560
0.091520
0.091040
0.093312
0.090496
0.091072
0.090752
0.091360
0.090112
0.091392
0.090880
0.091520
0.091008
0.091232
0.090688
0.091488
0.090880
0.091328
0.090688
0.091264
0.091232
0.092032
0.090304
0.090976
0.090560
0.091360
0.090592
0.091360
0.090336
0.091296
0.092192
0.091616
0.091104
0.091232
0.091008
0.092000
0.090656
0.091584
0.090752
0.091136
0.091296
0.095968
0.093120
0.092768
0.090848
0.093216
0.091136
0.091104
0.090816
0.091296
0.091168
0.091712
0.090560
0.090880
0.090912
0.092000
0.090624
0.091136
0.090848
0.091232
0.092512
0.091904
0.090944
0.091136
0.090688
0.092064
0.091328
0.094240
0.090624
0.091136
0.092608
0.091808
0.090528
0.091680
0.090752
0.091360
0.090656
0.091360
0.090912
0.091136
0.095072
0.091712
0.090656
0.091264
0.091968
0.091552
0.091232
0.091200
0.090624
0.091168
0.098144
0.091616
0.090624
0.091232
0.090656
0.094368
0.090528
0.091008
0.090656
0.091392
0.097664
0.091808
0.090880
0.091168
0.090624
0.092448
0.091232
0.090816
0.090688
0.091488
0.097088
0.091520
0.090368
0.091360
0.090752
0.091328
0.090688
0.091712
0.090304
0.091072
0.095136
0.094784
0.090656
0.095360
0.090848
0.091776
0.091008
0.094112
0.101536
0.091488
0.091552
0.093920
0.090624
0.091072
0.090624
0.092096
0.090624
0.091104
0.090656
0.091200
0.091488
0.091840
0.090688
0.092064
0.091136
0.092224
0.091296
0.091808
0.090272
0.091424
0.095232
0.092832
0.091936
0.091296
0.090880
0.092352
0.095040
0.092576
0.091488
0.091904
0.091040
0.097088
0.094592
0.094016
0.091584
0.092512
0.091552
0.091328
0.091200
0.091360
0.091392
0.091296
0.090944
0.093568
0.093440
0.091584
0.091168
0.091456
0.090656
0.091808
0.090848
0.092160
0.090912
0.091264
0.090432
0.092288
0.091104
0.093152
0.091808
0.091008
0.090976
0.091808
0.090496
0.091744
0.090976
0.091840
0.090848
0.095008
0.092032
0.091776
0.094976
0.091776
0.091648
0.091328
0.090624
0.091872
0.091744
0.091264
0.090720
0.091008
0.090720
0.091552
0.090656
0.091616
0.090528
0.091744
0.092416
0.091680
0.091072
0.091360
0.091168
0.091616
0.090976
0.091136
0.092576
0.091840
0.091072
0.091584
0.091040
0.091712
0.091328
0.094624
0.090752
0.091232
0.091040
0.091936
0.091200
0.091648
0.091040
0.091872
0.091136
0.095168
0.090752
0.091360
0.090432
0.091232
0.090976
0.095584
0.090816
0.091520
0.090848
0.091488
0.090432
0.091776
0.092032
0.091712
0.090784
0.091104
0.091072
0.094944
0.096800
0.094400
0.095104
0.094400
0.090656
0.092160
0.095680
0.091936
0.092224
0.091648
0.091104
0.094880
0.090528
0.093504
0.090880
0.091424
0.091072
0.091776
0.091296
0.091360
0.090976
0.095008
0.090880
0.101632
0.091904
0.091520
0.090784
0.096320
0.090592
0.091904
0.091296
0.091808
0.090688
0.093088
0.090720
0.091840
0.093824
0.091776
0.091360
0.091424
0.093120
0.092928
0.090656
0.092928
0.094048
0.091808
0.090880
0.091456
0.090592
0.091392
0.091264
0.094592
0.090976
0.091776
0.091008
0.093728
0.091008
0.093824
0.095264
0.091040
0.092704
0.091584
0.090496
0.091712
0.090528
0.091936
0.091264
0.091264
0.090912
0.094080
0.091360
0.092544
0.092000
0.092064
0.092096
0.092032
0.095232
0.091776
0.091232
0.092128
0.092384
0.092352
0.090752
0.091488
0.093952
0.091808
0.091168
0.092352
0.091392
0.091648
0.090912
0.093760
0.092768
0.109088
0.095040
0.091328
0.090560
0.091296
0.090720
0.091360
0.092928
0.091680
0.094976
0.091392
0.102912
0.091808
0.090880
0.091776
0.091264
0.095008
0.090944
0.094464
0.090816
0.093920
0.091232
0.091584
0.090880
0.091520
0.090944
0.093088
0.094848
0.094336
0.091104
0.092704
0.092704
0.091232
0.090784
0.091200
0.090176
0.091680
0.091136
0.092960
0.090848
0.094496
0.091072
0.091776
0.091040
0.094976
0.090976
0.093952
0.091264
0.091904
0.094464
0.091328
0.090688
0.092352
0.090624
0.091328
0.090816
0.092128
0.091616
0.094304
0.090816
0.091296
0.090784
0.091744
0.092032
0.091936
0.090784
0.091712
0.091488
0.091424
0.106400
0.091488
0.092960
0.092608
0.094944
0.091520
0.091712
0.092000
0.090880
0.091776
0.090688
0.094560
0.091808
0.092000
0.090624
0.091680
0.090816
0.091872
0.091296
0.091648
0.091008
0.094464
0.090848
0.094720
0.091072
0.091744
0.090880
0.093920
0.091072
0.091264
0.090976
0.091552
0.090752
0.092000
0.090656
0.091712
0.090880
0.091712
0.095104
0.091552
0.091072
0.093792
0.090624
0.094560
0.090912
0.091424
0.090656
0.091552
0.091232
0.093664
0.090592
0.091648
0.091040
0.092000
0.092192
0.093440
0.093536
0.091776
0.100288
0.093088
0.091104
0.091680
0.095520
0.091648
0.090944
0.091520
0.091008
0.091680
0.090720
0.091584
0.090304
0.092192
0.091168
0.094304
0.090656
0.090880
0.090816
0.091520
0.090272
0.091264
0.090592
0.091648
0.091040
0.091776
0.091232
0.093664
0.091200
0.091744
0.090784
0.091744
0.090880
0.091744
0.091104
0.092256
0.090688
0.095648
0.092288
0.092480
0.095168
0.094528
0.091456
0.091936
0.091712
0.091648
0.093472
0.091744
0.107872
0.091968
0.090880
0.091936
0.090528
0.091936
0.091328
0.095712
0.090496
0.092032
0.095968
0.094656
0.090624
0.094816
0.092800
0.092608
0.090976
0.094592
0.090656
0.092096
0.092000
0.093920
0.092608
0.091328
0.090816
0.091968
0.091232
0.094272
0.091168
0.093536
0.091904
0.091552
0.091232
0.091328
0.091680
0.094656
0.091392
0.092000
0.091584
0.097760
0.093248
0.092032
0.091072
0.091904
0.107008
0.092448
0.091232
0.092000
0.091424
0.092928
0.091200
0.091840
0.093824
0.092256
0.094912
0.091936
0.091008
0.092032
0.093888
0.094432
0.091904
0.091776
0.092416
0.099072
0.095328
0.093152
0.093088
0.092032
0.090944
0.092096
0.090944
0.091424
0.091104
0.094208
0.091488
0.092064
0.091072
0.092448
0.091328
0.095328
0.094752
0.092384
0.094112
0.099904
0.092544
0.092032
0.091136
0.093600
0.096480
0.094016
0.091744
0.091520
0.099040
0.095360
0.095552
0.091456
0.090816
0.091520
0.092512
0.091808
0.090816
0.091232
0.091136
0.091648
0.090880
0.091904
0.091136
0.091680
0.090848
0.091520
0.090752
0.093664
0.090912
0.095552
0.095552
0.091424
0.090752
0.091584
0.091200
0.092064
0.090816
0.091136
0.093600
0.091776
0.090880
0.094048
0.091136
0.092128
0.091200
0.091584
0.090976
0.091808
0.091104
0.092224
0.091360
0.092064
0.090624
0.091616
0.091136
0.092000
0.091040
0.094400
0.091232
0.094432
0.094496
0.094528
0.090976
0.091872
0.091072
0.094400
0.090880
0.091392
0.101952
0.093344
0.091104
0.091328
0.090368
0.091168
0.090560
0.091616
0.090272
0.091328
0.090528
0.091552
0.090880
0.091552
0.091008
0.091392
0.090816
0.091968
0.091200
0.091392
0.094688
0.095424
0.093600
0.094656
0.093376
0.091360
0.090976
0.092000
0.094496
0.092160
0.090976
0.092896
0.090944
0.091520
0.090944
0.091392
0.094912
0.091904
0.090688
0.091296
0.090592
0.095296
0.090656
0.093248
0.090592
0.095968
0.094976
0.092512
0.093856
0.091648
0.093376
0.092000
0.090848
0.091456
0.091040
0.091872
0.092992
0.091680
0.090624
0.092032
0.095008
0.091648
0.092064
0.091744
0.096096
0.093632
0.092352
0.094400
0.094208
0.092512
0.091360
0.092256
0.090784
0.102368
0.108800
0.095968
0.092352
0.091584
0.091264
0.091680
0.095552
0.091744
0.090912
0.091360
0.090560
0.102208
0.094400
0.091296
0.090496
0.095104
0.091552
0.091840
0.090560
0.091392
0.096608
0.099360
0.090848
0.091232
0.091424
0.091552
0.090880
0.091520
0.090752
0.091392
0.090880
0.091808
0.091008
0.093568
0.090560
0.096192
0.094176
0.091488
0.090368
0.091072
0.090816
0.094464
0.090336
0.091168
0.090624
0.091648
0.090624
0.091264
0.090912
0.091552
0.090912
0.091712
0.090560
0.091264
0.101728
0.091936
0.091360
0.091360
0.090816
0.091840
0.091136
0.092064
0.090944
0.095712
0.095712
0.094976
0.091552
0.095744
0.091072
0.091648
0.091200
0.091872
0.091072
0.091680
0.090592
0.091520
0.090752
0.091168
0.090816
0.091040
0.090944
0.091680
0.090240
0.092000
0.093056
0.091648
0.093696
0.091648
0.091072
0.095264
0.090944
0.091296
0.092800
0.092000
0.091136
0.091968
0.091328
0.092064
0.091200
0.091488
0.091648
0.091968
0.091264
0.092032
0.091072
0.091776
0.091392
0.091552
0.090944
0.091328
0.090944
0.091872
0.091008
0.091072
0.090496
0.091840
0.090976
0.091360
0.091008
0.091808
0.094624
0.094848
0.094816
0.094176
0.090688
0.091744
0.091200
0.091616
0.090944
0.091360
0.091520
0.101888
0.091072
0.091392
0.090304
0.091968
0.090624
0.103360
0.095136
0.095872
0.091232
0.091552
0.090688
0.091680
0.094496
0.094368
0.090528
0.091520
0.094624
0.094688
0.090752
0.091456
0.090816
0.091456
0.091424
0.091424
0.090752
0.091104
0.091744
0.099680
0.091488
0.096320
0.092608
0.092256
0.091072
0.092448
0.093120
0.091552
0.094208
0.093760
0.091552
0.108544
0.090752
0.092096
0.094176
0.091840
0.091008
0.091744
0.091104
0.092512
0.091808
0.092416
0.090720
0.095488
0.091040
0.092800
0.090624
0.092576
0.090304
0.091424
0.090784
0.091456
0.091008
0.090976
0.090784
0.091936
0.091040
0.091104
0.090528
0.091648
0.090848
0.091680
0.090336
0.091136
0.090912
0.091424
0.090880
0.091360
0.090816
0.091552
0.090784
0.095840
0.093120
0.090912
0.090496
0.091424
0.090208
0.091072
0.095136
0.091360
0.090880
0.091360
0.090560
0.091104
0.090656
0.091520
0.090592
0.090976
0.090208
0.091488
0.090400
0.090848
0.090496
0.090880
0.090496
0.091744
0.090368
0.090944
0.090912
0.091648
0.090880
0.091200
0.090272
0.091168
0.091104
0.091840
0.090720
0.091104
0.091072
0.091424
0.091104
0.091648
0.091136
0.095040
0.090784
0.091648
0.091968
0.091424
0.090592
0.091392
0.090752
0.091072
0.090304
0.091136
0.091136
0.091424
0.090464
0.091232
0.090944
0.094272
0.090560
0.091008
0.090752
0.091168
0.091264
0.091072
0.090368
0.091264
0.090368
0.090848
0.090688
0.091392
0.090880
0.091872
0.090464
0.094656
0.093376
0.091744
0.090752
0.091232
0.094944
0.091648
0.090944
0.091456
0.095200
0.091520
0.090656
0.092224
0.092640
0.090944
0.090848
0.094848
0.090624
0.093568
0.090592
0.091488
0.090240
0.091104
0.090432
0.094720
0.090944
0.091520
0.090944
0.090944
0.090848
0.091200
0.090432
0.091296
0.090208
0.090976
0.094656
0.091072
0.090400
0.091520
0.096704
0.093952
0.090496
0.091040
0.091968
0.095904
0.090880
0.090976
0.090336
0.090624
0.092128
0.091232
0.090624
0.091200
0.090272
0.097728
0.093440
0.091232
0.090720
0.091552
0.090976
0.091872
0.090912
0.091232
0.090720
0.099008
0.090656
0.091680
0.091200
0.096320
0.090848
0.091168
0.091168
0.092416
0.090752
0.094624
0.090880
0.091168
0.090208
0.091072
0.091168
0.091456
0.090688
0.094464
0.090592
0.094944
0.090944
0.092160
0.090976
0.091712
0.095424
0.091776
0.091040
0.091424
0.090912
0.092032
0.091904
0.091872
0.090880
0.091392
0.090944
0.096000
0.091648
0.092768
0.095296
0.094048
0.090496
0.091328
0.090624
0.092352
0.090720
0.092064
0.091040
0.091456
0.090496
0.092000
0.091360
0.091936
0.091072
0.091488
0.090336
0.091328
0.090560
0.090976
0.091008
0.095744
0.093952
0.091456
0.090752
0.091520
0.090944
0.091424
0.090976
0.091328
0.090688
0.091968
0.091040
0.091264
0.090592
0.090912
0.091552
0.092128
0.090208
0.094464
0.090848
0.095680
0.095264
0.094272
0.091008
0.094144
0.090752
0.091712
0.091328
0.091328
0.091200
0.091712
0.090656
0.091104
0.090336
0.091680
0.090656
0.091040
0.090784
0.091232
0.090624
0.091360
0.090848
0.091136
0.090752
0.093952
0.090752
0.092096
0.090528
0.091424
0.090720
0.093472
0.090912
0.090976
0.090528
0.091008
0.099680
0.091008
0.090592
0.095008
0.090688
0.095328
0.094944
0.095360
0.090784
0.092928
0.090496
0.091456
0.090688
0.091488
0.090848
0.091616
0.090784
0.093952
0.093088
0.091232
0.091200
0.091872
0.093472
0.091520
0.090496
0.093152
0.092096
0.091296
0.090368
0.091552
0.090848
0.090688
0.090368
0.091424
0.090368
0.091424
0.093056
0.091232
0.090592
0.091168
0.091040
0.091392
0.090688
0.091136
0.094784
0.091776
0.100064
0.091584
0.090976
0.091456
0.090400
0.091744
0.091008
0.091104
0.091040
0.096288
0.095584
0.094368
0.090656
0.091392
0.090912
0.091136
0.090688
0.091520
0.091040
0.091424
0.090720
0.091456
0.090720
0.091424
0.090624
0.091232
0.090432
0.090880
0.091264
0.091776
0.091104
0.092544
0.093504
0.091008
0.090816
0.093984
0.090720
0.096160
0.090688
0.090976
0.090880
0.093408
0.091328
0.091232
0.090720
0.091840
0.090880
0.091296
0.090528
0.091296
0.091136
0.091808
0.094176
0.091392
0.090592
0.094112
0.091040
0.091168
0.091008
0.091776
0.090752
0.091968
0.091072
0.091328
0.091968
0.092000
0.090656
0.091072
0.090720
0.092384
0.091744
0.094304
0.098592
0.091904
0.091776
0.092096
0.090656
0.092352
0.090752
0.091808
0.091040
0.091392
0.090464
0.094368
0.091424
0.091392
0.090976
0.094144
0.093344
0.092512
0.090848
0.091360
0.090752
0.091840
0.090720
0.091424
0.090528
0.091392
0.090816
0.091360
0.090432
0.091616
0.090944
0.092736
0.093120
0.093440
0.094304
0.095232
0.091296
0.095008
0.090880
0.091584
0.090496
0.091456
0.091104
0.091904
0.094016
0.090656
0.090880
0.091328
0.090784
0.091616
0.091168
0.091680
0.090848
0.094016
0.090976
0.091328
0.090528
0.091616
0.090784
0.091456
0.090656
0.091776
0.090880
0.091584
0.090272
0.091648
0.090368
0.093056
0.090688
0.091200
0.090368
0.091808
0.090784
0.093856
0.095200
0.097024
0.090784
0.091776
0.094272
0.092736
0.090784
0.091424
0.090816
0.091776
0.090976
0.091296
0.090976
0.091392
0.091072
0.091872
0.091008
0.091296
0.090784
0.096096
0.095040
0.091424
0.091136
0.091840
0.091040
0.091040
0.090624
0.091968
0.090976
0.091680
0.090560
0.091552
0.090432
0.091552
0.090944
0.091904
0.095008
0.091200
0.091040
0.094336
0.095040
0.091328
0.091008
0.091680
0.091200
0.091520
0.090656
0.091872
0.090880
0.091424
0.090432
0.091104
0.091008
0.091296
0.090720
0.091200
0.090752
0.091264
0.090784
0.091296
0.090624
0.091200
0.090720
0.091424
0.090848
0.091008
0.090944
0.091424
0.090848
0.091424
0.090784
0.091776
0.090368
0.093248
0.090656
0.094816
0.090624
0.090944
0.090880
0.091520
0.090432
0.091424
0.090624
0.091520
0.090560
0.091648
0.090144
0.091040
0.090592
0.091680
0.090496
0.091360
0.090432
0.091712
0.091008
0.097664
0.091360
0.094016
0.092768
0.093472
0.093632
0.095776
0.090208
0.091296
0.093056
0.091264
0.090848
0.091392
0.091424
0.091424
0.090720
0.090944
0.090528
0.091776
0.090912
0.092608
0.091136
0.096000
0.093376
0.092032
0.091168
0.091584
0.090656
0.092128
0.091104
0.091712
0.091072
0.091520
0.091488
0.093888
0.090848
0.094144
0.091104
0.091520
0.095296
0.091104
0.090656
0.093824
0.090848
0.091360
0.090560
0.091360
0.090528
0.091744
0.092832
0.090848
0.090624
0.091584
0.090848
0.091392
0.090560
0.091136
0.090816
0.091616
0.090848
0.096128
0.090976
0.094112
0.090592
0.091584
0.090432
0.091808
0.090688
0.091424
0.091264
0.091360
0.090528
0.091168
0.090624
0.091456
0.090528
0.091360
0.090720
0.091424
0.090912
0.091200
0.090784
0.091136
0.091104
0.091392
0.091040
0.091392
0.090336
0.091424
0.091264
0.094240
0.093696
0.091040
0.090976
0.091328
0.090688
0.094880
0.090720
0.091136
0.094112
0.091424
0.091008
0.091584
0.091840
0.092064
0.090496
0.091392
0.090592
0.091808
0.090880
0.091232
0.090336
0.090752
0.090816
0.092032
0.090496
0.091296
0.100992
0.094336
0.090880
0.091584
0.090784
0.091360
0.090816
0.091360
0.090528
0.091456
0.090336
0.093344
0.098016
0.095040
0.094368
0.096096
0.093696
0.091104
0.090432
0.091392
0.090848
0.091680
0.090848
0.091840
0.090880
0.094080
0.091040
0.095936
0.091008
0.091360
0.090880
0.091584
0.090976
0.091296
0.090432
0.091648
0.090848
0.091776
0.091072
0.091712
0.090368
0.091392
0.090816
0.092032
0.093856
0.091584
0.090880
0.095328
0.090848
0.091392
0.090816
0.091456
0.090848
0.091296
0.090528
0.094080
0.091040
0.091616
0.090656
0.091456
0.090880
0.092032
0.090976
0.094080
0.091136
0.091584
0.090784
0.091584
0.090656
0.091424
0.091040
0.091488
0.091264
0.091520
0.090592
0.091424
0.090912
0.092128
0.090336
0.091296
0.090656
0.093280
0.092768
0.091456
0.091008
0.091424
0.090976
0.091616
0.090368
0.091392
0.090176
0.094624
0.091200
0.091104
0.090336
0.091520
0.091168
0.094432
0.090464
0.091264
0.090656
0.092096
0.090784
0.092192
0.090592
0.091648
0.095232
0.092288
0.091008
0.091392
0.090592
0.092800
0.092096
0.092064
0.090848
0.094752
0.091168
0.092288
0.090656
0.093728
0.101408
0.095264
0.091040
0.091296
0.092384
0.091616
0.090848
0.094912
0.090720
0.091456
0.090688
0.093216
0.093216
0.094752
0.095744
0.091424
0.091072
0.091520
0.090752
0.091648
0.091008
0.093952
0.091360
0.091200
0.090848
0.091584
0.090816
0.091520
0.090624
0.091488
0.091040
0.091840
0.091200
0.091456
0.090976
0.095424
0.090912
0.093408
0.091136
0.091616
0.090816
0.094208
0.095328
0.092896
0.090912
0.091360
0.090688
0.104992
0.090464
0.109280
0.090688
0.091584
0.091232
0.091744
0.090400
0.091712
0.097600
0.091136
0.090208
0.091360
0.091296
0.091360
0.090688
0.091552
0.090496
0.102624
0.091488
0.091744
0.090560
0.094144
0.090944
0.094432
0.093408
0.091872
0.090592
0.091552
0.090912
0.094880
0.090528
0.091808
0.103680
0.091648
0.090208
0.091200
0.094304
0.091456
0.090496
0.093408
0.090464
0.091328
0.091168
0.091392
0.090944
0.091232
0.090336
0.094208
0.091072
0.091168
0.090880
0.091360
0.090688
0.091520
0.090912
0.091008
0.093632
0.091200
0.090496
0.091456
0.090944
0.091328
0.091008
0.091296
0.090816
0.091520
0.090688
0.091520
0.091136
0.094848
0.090304
0.091488
0.090784
0.091392
0.090336
0.091104
0.090240
0.091392
0.091136
0.091328
0.090784
0.091040
0.090784
0.092704
0.090816
0.091168
0.090496
0.091616
0.091168
0.091872
0.091936
0.091200
0.090816
0.091776
0.090912
0.092320
0.093792
0.091136
0.090720
0.095456
0.090624
0.091232
0.091072
0.095840
0.093248
0.091296
0.090624
0.091328
0.091200
0.091488
0.090496
0.091040
0.091296
0.091808
0.091008
0.091808
0.090816
0.091552
0.090816
0.091392
0.090464
0.091520
0.091136
0.093472
0.093664
0.093152
0.090752
0.091616
0.091520
0.091456
0.091616
0.092768
0.091776
0.091296
0.096064
0.094112
0.091680
0.091872
0.091840
0.091584
0.092192
0.090784
0.095456
0.091072
0.092384
0.090656
0.092000
0.092000
0.091936
0.090656
0.093184
0.090528
0.092096
0.090816
0.091392
0.090112
0.091488
0.091200
0.091840
0.090528
0.091360
0.090592
0.091680
0.090752
0.091776
0.094272
0.094272
0.091168
0.096064
0.090592
0.094304
0.090752
0.091968
0.090912
0.091680
0.090560
0.091296
0.090944
0.091520
0.090816
0.091584
0.090496
0.091584
0.093280
0.091360
0.091072
0.091200
0.091136
0.091776
0.090784
0.091168
0.090400
0.092480
0.090688
0.091520
0.090976
0.091392
0.090592
0.094368
0.090944
0.091008
0.090560
0.091584
0.090784
0.091584
0.090528
0.090912
0.090720
0.091488
0.090240
0.091040
0.090304
0.094464
0.091168
0.091168
0.090816
0.091552
0.090752
0.091264
0.090304
0.091680
0.090496
0.091168
0.095104
0.091648
0.090592
0.091488
0.092544
0.095776
0.090752
0.091584
0.090240
0.096704
0.090688
0.091840
0.090368
0.091616
0.091584
0.091552
0.091168
0.091520
0.090592
0.093600
0.090592
0.091328
0.090912
0.091008
0.091104
0.091744
0.090144
0.091232
0.090656
0.091296
0.090656
0.091520
0.090464
0.091840
0.093856
0.091456
0.090176
0.091680
0.090688
0.091424
0.094432
0.094784
0.090848
0.091392
0.090720
0.094688
0.090496
0.091712
0.091360
0.099808
0.091776
0.091328
0.091616
0.091552
0.090688
0.091296
0.090688
0.091296
0.092672
0.092064
0.090912
0.091456
0.090560
0.091392
0.091232
0.091392
0.090912
0.091168
0.090464
0.093600
0.092512
0.091520
0.090400
0.091264
0.090720
0.093632
0.090720
0.093952
0.092832
0.092928
0.093600
0.091104
0.090240
0.091264
0.091040
0.091776
0.090656
0.091584
0.090432
0.098208
0.090848
0.091296
0.091424
0.091520
0.090816
0.093664
0.090400
0.091552
0.090144
0.092864
0.093440
0.091168
0.090208
0.091232
0.090848
0.092032
0.090560
0.091712
0.091072
0.097856
0.091360
0.093440
0.093952
0.092320
0.091040
0.092000
0.092768
0.092320
0.090880
0.092320
0.091552
0.091200
0.090816
0.092032
0.090912
0.092064
0.093856
0.093280
0.090496
0.091712
0.091008
0.093728
0.090272
0.092288
0.090816
0.091488
0.090272
0.092992
0.090752
0.091520
0.091008
0.091264
0.090944
0.091904
0.090752
0.091456
0.090464
0.090976
0.090496
0.091744
0.090816
0.091648
0.090560
0.094336
0.090656
0.094592
0.090592
0.091712
0.090656
0.092896
0.090752
0.093792
0.090560
0.091488
0.091072
0.091872
0.090496
0.091328
0.090560
0.095744
0.091296
0.094176
0.090208
0.091456
0.090784
0.091840
0.092480
0.091104
0.090496
0.094688
0.093952
0.091264
0.090080
0.091008
0.090816
0.092032
0.090560
0.091328
0.090336
0.096096
0.090880
0.090944
0.090368
0.091584
0.090816
0.095648
0.090592
0.091744
0.090528
0.097664
0.090720
0.091296
0.090432
0.091200
0.090688
0.091552
0.090528
0.091360
0.090816
0.098272
0.090368
0.091136
0.090592
0.091488
0.090560
0.094528
0.090784
0.091552
0.090784
0.097472
0.093568
0.091712
0.090784
0.091072
0.090624
0.091680
0.090432
0.091744
0.090176
0.097792
0.094848
0.091808
0.090752
0.091360
0.090560
0.091424
0.090080
0.091488
0.090624
0.095712
0.090848
0.091488
0.090240
0.091264
0.090720
0.091392
0.090464
0.091392
0.107296
0.091808
0.091904
0.094016
0.091776
0.091456
0.090688
0.091328
0.090464
0.091328
0.089984
0.091136
0.090656
0.091616
0.090368
0.091136
0.090848
0.092032
0.090560
0.091264
0.090432
0.094432
0.094816
0.091264
0.094816
0.091424
0.091104
0.091744
0.090368
0.091168
0.090400
0.092960
0.090848
0.091168
0.090304
0.091488
0.091104
0.091456
0.090336
0.091552
0.090336
0.098720
0.090784
0.093632
0.097152
0.094848
0.093024
0.097440
0.091392
0.091616
0.090688
0.091904
0.091904
0.094592
0.093728
0.091488
0.090304
0.092160
0.090848
0.092064
0.093504
0.091552
0.092768
0.092448
0.090528
0.092160
0.093696
0.094048
0.091008
0.092512
0.090528
0.091040
0.091008
0.091904
0.090336
0.091456
0.090752
0.103552
0.092928
0.091776
0.090720
0.091328
0.091008
0.091840
0.091232
0.095776
0.090176
0.092704
0.090880
0.091936
0.090656
0.090848
0.092000
0.092544
0.090432
0.091328
0.090496
0.091712
0.090624
0.091392
0.090752
0.091232
0.091040
0.091680
0.092928
0.094144
0.090944
0.091808
0.091104
0.091616
0.090592
0.091136
0.091712
0.092416
0.090528
0.091008
0.090272
0.092064
0.090688
0.091776
0.090368
0.091680
0.091136
0.091488
0.090336
0.091136
0.090624
0.091296
0.090528
0.091232
0.090880
0.091904
0.092032
0.092768
0.090080
0.091232
0.090880
0.091904
0.092960
0.091072
0.091072
0.091296
0.091200
0.091328
0.090304
0.091168
0.090688
0.091520
0.090816
0.095488
0.092768
0.094720
0.090912
0.095584
0.093536
0.091296
0.090752
0.091520
0.090880
0.091872
0.091008
0.091744
0.092832
0.091936
0.090752
0.091584
0.090432
0.091808
0.090528
0.091616
0.090144
0.091200
0.090592
0.091712
0.090240
0.091232
0.090112
0.091712
0.090784
0.091680
0.091360
0.091264
0.090784
0.091712
0.090528
0.091200
0.090464
0.091552
0.090944
0.091200
0.090048
0.091520
0.093664
0.091392
0.092896
0.091936
0.090752
0.091968
0.093856
0.091776
0.090656
0.091360
0.090784
0.091648
0.090464
0.091168
0.090336
0.092352
0.095168
0.094656
0.090624
0.091680
0.091552
0.091520
0.090464
0.091264
0.090624
0.091840
0.090752
0.091456
0.090720
0.091456
0.095264
0.091744
0.090656
0.091520
0.090848
0.091424
0.091072
0.091328
0.090784
0.091520
0.096448
0.091296
0.093440
0.096160
0.091104
0.091200
0.090688
0.091360
0.090592
0.091136
0.096960
0.091648
0.093056
0.092192
0.090688
0.091456
0.090656
0.091168
0.090272
0.091648
0.091168
0.091584
0.090880
0.091584
0.090720
0.092192
0.090944
0.091936
0.090912
0.091616
0.091072
0.091456
0.091488
0.091392
0.090528
0.091200
0.091008
0.091264
0.090944
0.091456
0.090592
0.092288
0.090560
0.091776
0.090752
0.094208
0.094016
0.091296
0.090144
0.091072
0.090912
0.091264
0.090272
0.091456
0.090368
0.091488
0.090560
0.095904
0.090240
0.094240
0.093312
0.091904
0.090528
0.091424
0.090432
0.091968
0.090816
0.091456
0.090720
0.091264
0.090432
0.091456
0.090400
0.091264
0.090496
0.095072
0.090496
0.091616
0.090272
0.091360
0.091104
0.091616
0.090528
0.090976
0.090496
0.094400
0.090624
0.091456
0.090560
0.091616
0.090368
0.091520
0.090752
0.095840
0.090656
0.091616
0.090528
0.091936
0.094944
0.091072
0.095488
0.092000
0.090400
0.091808
0.090784
0.091776
0.090784
0.091360
0.090336
0.091584
0.090176
0.091872
0.090336
0.091616
0.090272
0.093920
0.090816
0.091840
0.090496
0.091328
0.097024
0.092128
0.093376
0.093952
0.090112
0.091296
0.095104
0.091456
0.090304
0.095360
0.093344
0.094144
0.091104
0.091584
0.090336
0.091616
0.091008
0.092032
0.090592
0.091136
0.090816
0.091936
0.090432
0.091296
0.090496
0.091648
0.090656
0.091616
0.090368
0.091232
0.097216
0.091936
0.090656
0.091712
0.090496
0.091520
0.090528
0.091200
0.090112
0.090944
0.090944
0.091968
0.090752
0.090912
0.090304
0.093856
0.090560
0.091328
0.090464
0.091616
0.093824
0.091264
0.090080
0.091552
0.090208
0.091872
0.092992
0.094208
0.094944
0.091968
0.094688
0.091936
0.090496
0.091520
0.091232
0.091616
0.090240
0.091040
0.091168
0.091904
0.094816
0.091360
0.090240
0.091616
0.090176
0.091200
0.090592
0.091936
0.090560
0.090976
0.097120
0.095776
0.090336
0.091296
0.090528
0.094400
0.090944
0.093568
0.095008
0.091840
0.090624
0.094592
0.090688
0.091744
0.090432
0.091392
0.090592
0.091232
0.090688
0.091648
0.090656
0.092352
0.090336
0.091712
0.090208
0.092544
0.091328
0.091520
0.090208
0.092384
0.096640
0.091936
0.091008
0.092320
0.090400
0.092352
0.091072
0.095680
0.095232
0.093664
0.094400
0.092000
0.090624
0.091328
0.090496
0.092064
0.090912
0.091200
0.090208
0.091584
0.090912
0.091584
0.090432
0.091136
0.092800
0.095328
0.091936
0.091904
0.090688
0.092032
0.091168
0.091808
0.090048
0.090752
0.090528
0.091776
0.091104
0.091328
0.090464
0.094240
0.093408
0.093600
0.090976
0.091744
0.091936
0.096288
0.090720
0.091712
0.091072
0.091264
0.090496
0.091552
0.090560
0.091232
0.090592
0.091584
0.090912
0.091296
0.090272
0.091488
0.090528
0.091392
0.090528
0.091616
0.090688
0.091776
0.090816
0.091520
0.090624
0.091264
0.091520
0.091552
0.090816
0.091392
0.091008
0.091328
0.090848
0.090816
0.090368
0.091168
0.090144
0.091456
0.090496
0.091872
0.090624
0.091872
0.090720
0.091232
0.090400
0.091360
0.090592
0.091712
0.093152
0.090816
0.090080
0.092992
0.090720
0.094688
0.090880
0.091328
0.100672
0.091744
0.090720
0.091904
0.090816
0.091712
0.091136
0.091136
0.090976
0.092480
0.097376
0.092032
0.090496
0.091456
0.090848
0.091264
0.090688
0.091104
0.090240
0.091648
0.097152
0.094400
0.090592
0.091072
0.089984
0.091200
0.090432
0.090752
0.090592
0.091424
0.095456
0.091520
0.090560
0.095136
0.094144
0.096160
0.090656
0.091328
0.090944
0.091648
0.090656
0.091776
0.090528
0.091552
0.090528
0.091168
0.090944
0.091616
0.090624
0.091776
0.102880
0.092352
0.090592
0.091424
0.090336
0.091296
0.090688
0.091360
0.090144
0.091168
0.090624
0.091904
0.090208
0.094912
0.090112
0.091008
0.090624
0.091840
0.090464
0.091328
0.095808
0.092128
0.090688
0.096896
0.095072
0.092064
0.090720
0.091424
0.090528
0.091616
0.090688
0.092000
0.092768
0.094272
0.091424
0.091648
0.091104
0.092032
0.091168
0.092736
0.092064
0.092032
0.090432
0.091648
0.090464
0.091936
0.090688
0.091264
0.090080
0.095968
0.181792
0.097248
0.090560
0.094720
0.096064
0.091936
0.091296
0.091360
0.090272
0.091712
0.090624
0.091520
0.090592
0.091680
0.091040
0.091456
0.090112
0.091264
0.090592
0.092032
0.091008
0.091168
0.090304
0.091744
0.090368
0.091520
0.090720
0.091552
0.090816
0.091232
0.091232
0.091296
0.090496
0.091872
0.090912
0.091392
0.090432
0.091392
0.090496
0.095712
0.090528
0.091488
0.090432
0.091072
0.092576
0.097632
0.097120
0.095264
0.090720
0.091456
0.091296
0.091904
0.091200
0.091616
0.090752
0.092032
0.090528
0.091424
0.090880
0.091712
0.090784
0.091456
0.090304
0.092096
0.090816
0.091648
0.090720
0.091616
0.090400
0.091808
0.090816
0.092224
0.090400
0.091328
0.090528
0.091552
0.090720
0.091392
0.090368
0.098368
0.091392
0.091648
0.090464
0.091232
0.090752
0.095712
0.093536
0.095936
0.094816
0.091680
0.091264
0.091552
0.090688
0.091456
0.091072
0.092032
0.090368
0.091360
0.090592
0.092064
0.091008
0.091936
0.090656
0.091680
0.091200
0.091808
0.090528
0.091232
0.090272
0.094880
0.090912
0.091584
0.090560
0.091552
0.090528
0.092000
0.090688
0.091328
0.090400
0.097984
0.091392
0.091040
0.090784
0.091168
0.095712
0.091168
0.090848
0.094880
0.094464
0.094496
0.092224
0.091616
0.090624
0.091136
0.090816
0.091904
0.090656
0.091584
0.090400
0.091776
0.090912
0.091392
0.090752
0.092512
0.093952
0.095008
0.094176
0.095168
0.093952
0.100448
0.094816
0.095008
0.093152
0.094336
0.094816
0.096960
0.096960
0.094080
0.094176
0.108960
0.095840
0.094784
0.097504
0.094848
0.093920
0.094912
0.093984
0.098208
0.099360
0.095104
0.094240
0.094944
0.094624
941.580607
