0.102272
0.092672
0.095872
0.092384
0.091776
0.091776
0.091712
0.091808
0.091168
0.091328
0.090720
0.094848
0.095360
0.096704
0.094336
0.092192
0.091616
0.092544
0.091776
0.091872
0.091104
0.092320
0.091136
0.092608
0.091296
0.092192
0.095552
0.097696
0.095968
0.096000
0.100576
0.094912
0.107872
0.095328
0.090752
0.094688
0.095200
0.091520
0.091040
0.092000
0.092672
0.091552
0.091776
0.091840
0.090528
0.095008
0.099072
0.094496
0.093504
0.094560
0.093984
0.095008
0.096928
0.094944
0.091264
0.091552
0.090624
0.092544
0.091360
0.091584
0.091360
0.092288
0.092832
0.091936
0.100064
0.091520
0.090976
0.091328
0.090944
0.091456
0.091264
0.091904
0.095136
0.096576
0.091072
0.091904
0.090400
0.091552
0.091104
0.093920
0.091776
0.092192
0.091744
0.092064
0.091072
0.091968
0.090912
0.093600
0.091264
0.092128
0.091968
0.091680
0.091360
0.091360
0.197216
0.095872
0.095520
0.092064
0.091776
0.092224
0.092768
0.104896
0.091520
0.091392
0.090784
0.091840
0.090944
0.091936
0.091328
0.091968
0.091808
0.094752
0.091424
0.091904
0.094752
0.092288
0.095264
0.092480
0.091552
0.092224
0.094592
0.091552
0.090720
0.091392
0.091232
0.091744
0.090944
0.091936
0.091424
0.092192
0.091232
0.091712
0.126272
0.091904
0.091328
0.092256
0.091104
0.091936
0.091520
0.091872
0.090944
0.091744
0.091232
0.091520
0.090880
0.093440
0.090656
0.092288
0.091168
0.091840
0.090880
0.092416
0.094848
0.098464
0.093792
0.093632
0.094720
0.095392
0.094592
0.092288
0.092192
0.092544
0.092032
0.092768
0.091936
0.091936
0.091648
0.095968
0.094016
0.095040
0.091072
0.092128
0.097280
0.092608
0.091520
0.097280
0.092800
0.091904
0.091520
0.091744
0.090752
0.091680
0.091552
0.092256
0.091104
0.091776
0.091008
0.092000
0.090752
0.092000
0.096128
0.092480
0.091968
0.092032
0.091392
0.092064
0.091296
0.094848
0.094720
0.091904
0.090976
0.091584
0.090880
0.092032
0.091200
0.091424
0.091488
0.091648
0.091136
0.091520
0.109696
0.091904
0.091040
0.098400
0.097408
0.094528
0.091072
0.091968
0.090720
0.091616
0.091072
0.092128
0.095264
0.092960
0.092640
0.091904
0.264384
0.098976
0.092768
0.091968
0.095808
0.092128
0.091424
0.091360
0.090944
0.091936
0.091136
0.091712
0.090528
0.091712
0.091040
0.095808
0.093472
0.091456
0.094432
0.091712
0.091328
0.091616
0.090816
0.091680
0.091200
0.092352
0.092096
0.091584
0.090784
0.091616
0.090496
0.091776
0.094656
0.091712
0.091104
0.093408
0.092256
0.091328
0.090976
0.091328
0.090720
0.091616
0.090944
0.096064
0.095744
0.096096
0.091296
0.091968
0.090944
0.091744
0.090592
0.091776
0.090816
0.225856
0.096320
0.093024
0.091264
0.091552
0.090976
0.102816
0.105184
0.094880
0.092800
0.091840
0.091328
0.097888
0.095200
0.095520
0.095648
0.098208
0.095680
0.095552
0.095328
0.095520
0.093696
0.099392
0.094784
0.094400
0.093984
0.096032
0.095264
0.096576
0.095072
0.094016
0.094176
0.093664
0.096672
0.094784
0.093024
0.091392
0.090592
0.096512
0.091488
0.092288
0.090976
0.091712
0.091040
0.091296
0.090816
0.091840
0.098400
0.096160
0.096288
0.091744
0.091808
0.091936
0.103552
0.091584
0.100832
0.096352
0.095360
0.099328
0.092544
0.092768
0.091840
0.091904
0.095008
0.101440
0.091744
0.094592
0.091648
0.094976
0.091584
0.095488
0.090944
0.091584
0.090976
0.092160
0.094304
0.091616
0.104224
0.092064
0.091296
0.091840
0.090624
0.091424
0.106752
0.096192
0.091424
0.096480
0.091712
0.092704
0.091328
0.091648
0.090688
0.091584
0.091008
0.239808
0.093536
0.095872
0.093792
0.094464
0.090912
0.096352
0.090752
0.091808
0.090880
0.091616
0.091712
0.091776
0.090976
0.091712
0.090752
0.091232
0.091616
0.092096
0.090912
0.095168
0.091456
0.219616
0.094464
0.092416
0.090752
0.091936
0.091648
0.091712
0.098464
0.095936
0.091328
0.092288
0.103552
0.094112
0.093632
0.092480
0.091264
0.095072
0.095168
0.092192
0.092416
0.092224
0.091008
0.091968
0.090976
0.091712
0.092192
0.096736
0.091712
0.092384
0.090944
0.091520
0.090976
0.091360
0.090464
0.095040
0.093216
0.096032
0.094528
0.091968
0.090848
0.093632
0.091072
0.091936
0.091104
0.091712
0.090912
0.091232
0.091488
0.092064
0.090784
0.091328
0.091296
0.091584
0.090496
0.091200
0.091008
0.091392
0.090816
0.091808
0.091392
0.091264
0.090592
0.091488
0.090720
0.090976
0.090080
0.091584
0.090944
0.091488
0.095008
0.092832
0.090752
0.092736
0.091104
0.091392
0.090816
0.091808
0.091008
0.091488
0.091008
0.091072
0.090528
0.091456
0.090816
0.091488
0.090784
0.091552
0.091360
0.091648
0.090848
0.091168
0.090720
0.091200
0.090880
0.091328
0.090688
0.091520
0.090976
0.092032
0.090816
0.091648
0.090944
0.090816
0.090816
0.091328
0.090656
0.091296
0.090976
0.094304
0.094592
0.095392
0.090688
0.091488
0.090656
0.091392
0.090720
0.092000
0.090976
0.091968
0.091424
0.091712
0.090560
0.091648
0.090784
0.091584
0.090592
0.092704
0.092288
0.091808
0.091072
0.091680
0.091104
0.091776
0.090848
0.091520
0.090976
0.091904
0.091168
0.092224
0.092064
0.091776
0.091104
0.091712
0.093152
0.094976
0.094240
0.092064
0.091648
0.091808
0.090880
0.091424
0.090880
0.091808
0.090336
0.093280
0.093568
0.101824
0.095680
0.094272
0.094112
0.091232
0.090976
0.091808
0.090848
0.091104
0.090944
0.092064
0.091680
0.091776
0.090656
0.091584
0.090976
0.091200
0.090496
0.091776
0.090784
0.095680
0.090976
0.091648
0.090912
0.091552
0.090432
0.091264
0.090688
0.091680
0.090560
0.092320
0.091712
0.091136
0.090560
0.092768
0.093152
0.095904
0.094976
0.092832
0.092704
0.092992
0.091424
0.092096
0.091200
0.091552
0.118016
0.092480
0.091424
0.094080
0.095232
0.092096
0.091264
0.091872
0.091104
0.091968
0.090976
0.101120
0.091040
0.091840
0.091200
0.091840
0.091040
0.091648
0.090912
0.091328
0.090688
0.091296
0.090912
0.090976
0.090592
0.091904
0.091520
0.091648
0.094720
0.095008
0.093696
0.091680
0.090976
0.091552
0.091104
0.092256
0.091136
0.091872
0.090944
0.091392
0.090528
0.092192
0.091040
0.091392
0.090976
0.091776
0.091456
0.091168
0.090656
0.091552
0.091040
0.091744
0.090432
0.091200
0.091168
0.092032
0.091264
0.091264
0.090848
0.091616
0.091008
0.091680
0.090688
0.091648
0.090592
0.091872
0.091104
0.091360
0.090752
0.090976
0.091008
0.095648
0.094656
0.095680
0.095424
0.091936
0.092992
0.091488
0.090880
0.091648
0.090624
0.091808
0.090944
0.091136
0.090752
0.092064
0.091456
0.091584
0.090528
0.091456
0.091072
0.091488
0.090624
0.091712
0.091040
0.092000
0.090656
0.091744
0.090592
0.091712
0.090816
0.091680
0.090976
0.091904
0.091168
0.092384
0.091456
0.091776
0.090848
0.091392
0.091072
0.096224
0.104512
0.091520
0.091136
0.091712
0.090816
0.092320
0.107744
0.095808
0.091456
0.096256
0.094912
0.092288
0.092160
0.092352
0.092192
0.092704
0.091776
0.092832
0.102912
0.091616
0.091040
0.096416
0.095712
0.092736
0.092032
0.091712
0.091040
0.091744
0.091136
0.092064
0.091104
0.091232
0.090816
0.091744
0.090880
0.091552
0.090272
0.091104
0.090816
0.091040
0.090816
0.095040
0.091328
0.109728
0.090912
0.091136
0.091072
0.091584
0.090720
0.091648
0.091008
0.091904
0.091264
0.091680
0.091008
0.091168
0.090976
0.091968
0.091296
0.091264
0.090208
0.091616
0.091552
0.091776
0.090880
0.091296
0.091072
0.091584
0.090464
0.091104
0.090784
0.091904
0.090912
0.091936
0.090784
0.091488
0.090592
0.091232
0.091072
0.091328
0.090272
0.093664
0.091264
0.091200
0.090752
0.092000
0.095488
0.095968
0.093696
0.091488
0.091584
0.091584
0.091168
0.091616
0.090848
0.091392
0.090464
0.091744
0.091008
0.091872
0.090848
0.091808
0.091168
0.092096
0.090368
0.091360
0.090848
0.091360
0.090976
0.091296
0.090656
0.109472
0.095808
0.096384
0.094496
0.092000
0.090880
0.092000
0.090848
0.091392
0.090848
0.091712
0.091008
0.091808
0.090656
0.091712
0.091200
0.091616
0.095840
0.091680
0.090848
0.092384
0.092768
0.091520
0.093472
0.091584
0.090688
0.091360
0.090944
0.091648
0.090496
0.118400
0.099104
0.092768
0.095136
0.092448
0.092480
0.091936
0.091008
0.092480
0.091264
0.092448
0.091680
0.092288
0.091360
0.092128
0.091584
0.094720
0.091168
0.096480
0.095744
0.096000
0.091968
0.091840
0.091392
0.092160
0.091488
0.091936
0.091264
0.092064
0.091488
0.103488
0.091392
0.096416
0.096288
0.092512
0.091328
0.092448
0.090976
0.091424
0.091616
0.092032
0.091136
0.091840
0.091328
0.092672
0.093856
0.091904
0.090912
0.092192
0.093952
0.092416
0.093600
0.091968
0.091744
0.103936
0.108960
0.095808
0.092800
0.097280
0.096480
0.092512
0.091392
0.092192
0.092640
0.093184
0.091392
0.092416
0.092928
0.093120
0.091840
0.093088
0.092160
0.092384
0.091872
0.097472
0.091744
0.092064
0.091840
0.096832
0.091584
0.092832
0.092288
0.092288
0.091616
0.093536
0.092672
0.095104
0.096480
0.093088
0.094688
0.094176
0.093792
0.093408
0.091456
0.092352
0.097856
0.093312
0.091840
0.092256
0.094912
0.095968
0.095456
0.094880
0.092896
0.092192
0.091040
0.092320
0.090976
0.093184
0.092160
0.091616
0.090880
0.091840
0.091520
0.092064
0.092224
0.096224
0.091520
0.092768
0.092064
0.092448
0.092768
0.092512
0.091136
0.092416
0.095552
0.092576
0.092032
0.094784
0.092704
0.093920
0.091616
0.094656
0.091808
0.093856
0.091712
0.092288
0.092096
0.092992
0.091776
0.092064
0.091808
0.091872
0.091040
0.091456
0.092832
0.096160
0.095296
0.096224
0.095040
0.091936
0.091456
0.095904
0.093920
0.091712
0.091200
0.091872
0.092608
0.091840
0.090976
0.091584
0.095232
0.091968
0.094304
0.092096
0.091104
0.094944
0.091744
0.093344
0.094400
0.093248
0.091488
0.091968
0.091296
0.091712
0.091200
0.095136
0.092000
0.095712
0.095104
0.092032
0.091648
0.094976
0.090976
0.091488
0.092576
0.094016
0.091712
0.092128
0.091232
0.099520
0.096896
0.095936
0.095296
0.091872
0.090848
0.096736
0.095264
0.092672
0.090560
0.092128
0.091552
0.091264
0.091104
0.091904
0.091072
0.094528
0.094080
0.094784
0.090944
0.102176
0.090784
0.091808
0.091200
0.091744
0.090720
0.092448
0.091424
0.091424
0.090624
0.091456
0.090624
0.091136
0.090592
0.091520
0.091040
0.092160
0.090912
0.091936
0.091200
0.107488
0.090816
0.095232
0.094976
0.095744
0.096192
0.092032
0.090592
0.091872
0.091392
0.091456
0.090912
0.091232
0.090560
0.091232
0.091360
0.091904
0.090624
0.093376
0.091104
0.091136
0.090208
0.091776
0.090752
0.091296
0.091552
0.091456
0.091136
0.094528
0.093408
0.094720
0.095328
0.091264
0.093472
0.094400
0.091104
0.092544
0.090496
0.091936
0.091392
0.091840
0.091104
0.091552
0.091200
0.091776
0.091360
0.092512
0.100928
0.091584
0.094304
0.096448
0.095648
0.091488
0.090464
0.091520
0.091328
0.091648
0.090528
0.091072
0.090688
0.091552
0.090240
0.091488
0.090784
0.091168
0.091456
0.091712
0.090656
0.092672
0.091168
0.092160
0.090592
0.091264
0.090880
0.090976
0.091232
0.091488
0.090816
0.091392
0.091040
0.091712
0.090496
0.091296
0.090912
0.091808
0.090656
0.091520
0.093408
0.096448
0.091520
0.091840
0.090848
0.091712
0.090784
0.091808
0.091360
0.091872
0.091296
0.091296
0.090784
0.091904
0.090528
0.091648
0.091552
0.091200
0.091232
0.091712
0.090432
0.091360
0.090624
0.091680
0.090496
0.090560
0.090560
0.091008
0.092576
0.096800
0.094560
0.091744
0.091072
0.095328
0.090656
0.091712
0.093472
0.091424
0.091104
0.092256
0.091296
0.091360
0.090816
0.091648
0.090944
0.091552
0.090624
0.091328
0.091296
0.091712
0.090688
0.091552
0.091168
0.091584
0.090336
0.091200
0.090560
0.091200
0.090656
0.092128
0.090688
0.090944
0.090656
0.091648
0.090624
0.091200
0.090816
0.091264
0.091200
0.092128
0.093600
0.093920
0.095040
0.095648
0.094784
0.091488
0.091008
0.093184
0.091136
0.092064
0.090880
0.091584
0.091008
0.091680
0.091008
0.091360
0.090880
0.091360
0.091680
0.091520
0.090592
0.091296
0.091488
0.091904
0.091008
0.091392
0.091232
0.091648
0.090944
0.091296
0.090912
0.091392
0.091232
0.091776
0.090880
0.091168
0.092000
0.094816
0.095904
0.096160
0.094432
0.091232
0.091264
0.094752
0.090976
0.093504
0.093760
0.092352
0.090976
0.091936
0.090752
0.091808
0.091008
0.091392
0.090720
0.091648
0.090848
0.091840
0.090880
0.091712
0.090592
0.091648
0.091168
0.092192
0.090400
0.091392
0.094912
0.093888
0.091040
0.095232
0.090720
0.091648
0.090880
0.091616
0.091264
0.091488
0.091520
0.091552
0.091808
0.091936
0.091456
0.092160
0.091200
0.091520
0.091712
0.091680
0.091616
0.095200
0.091168
0.095072
0.093984
0.091328
0.091744
0.091776
0.091680
0.091040
0.090848
0.094080
0.091744
0.091648
0.090496
0.091968
0.091264
0.092000
0.090560
0.091552
0.091104
0.097792
0.091040
0.091616
0.094976
0.094720
0.091072
0.091488
0.090784
0.091104
0.090528
0.091904
0.090720
0.091424
0.090080
0.091616
0.091040
0.095808
0.093696
0.091168
0.090528
0.091904
0.091200
0.091456
0.090784
0.091680
0.090848
0.091392
0.090976
0.091168
0.090560
0.098112
0.090816
0.091168
0.090528
0.091520
0.090912
0.091520
0.090304
0.091392
0.091104
0.096064
0.090912
0.095008
0.098496
0.097920
0.095296
0.099040
0.094464
0.098816
0.094560
0.096000
0.094944
0.096896
0.094240
0.094976
0.093920
0.094592
0.090880
0.091808
0.092480
0.092608
0.091040
0.092000
0.090976
0.091712
0.090400
0.091392
0.090816
0.091424
0.101984
0.095808
0.091328
0.091712
0.090496
0.091616
0.090784
0.096128
0.090656
0.092576
0.093856
0.092448
0.091776
0.091808
0.090816
0.091264
0.091168
0.091936
0.090656
0.091392
0.092000
0.092576
0.091200
0.091552
0.090848
0.094112
0.090848
0.091808
0.090624
0.091456
0.092064
0.092640
0.090688
0.091744
0.102176
0.091744
0.091488
0.091936
0.091168
0.091840
0.091968
0.092864
0.091264
0.091648
0.090912
0.091872
0.091072
0.091680
0.090720
0.091200
0.091968
0.091776
0.090592
0.091552
0.091168
0.091776
0.090752
0.091232
0.090528
0.091264
0.091712
0.095360
0.093888
0.095200
0.091072
0.096096
0.091200
0.091200
0.090688
0.091552
0.091872
0.092800
0.091008
0.091680
0.091712
0.092320
0.090752
0.091584
0.091168
0.091776
0.092192
0.092704
0.091104
0.092128
0.091712
0.106496
0.091104
0.091584
0.094048
0.091744
0.098272
0.091712
0.090688
0.091712
0.091264
0.091648
0.090560
0.091296
0.090464
0.090848
0.090560
0.091872
0.092032
0.096512
0.093792
0.096160
0.096256
0.092096
0.091040
0.093088
0.092416
0.091936
0.090816
0.093472
0.093248
0.091808
0.093216
0.095456
0.094048
0.092096
0.090720
0.094656
0.094016
0.093888
0.090848
0.091488
0.091008
0.091808
0.090592
0.091520
0.090944
0.091488
0.090336
0.091616
0.091168
0.091424
0.090720
0.092128
0.090848
0.091648
0.091008
0.091264
0.090592
0.091680
0.090688
0.091904
0.090912
0.094304
0.090016
0.091488
0.091104
0.090624
0.090240
0.091456
0.090560
0.091424
0.090208
0.091296
0.090400
0.091136
0.090496
0.090752
0.090240
0.091200
0.090784
0.091648
0.090496
0.091232
0.089920
0.108416
0.091328
0.092096
0.091712
0.094240
0.092768
0.092448
0.090560
0.091168
0.090720
0.091840
0.090816
0.091424
0.090496
0.094304
0.092608
0.090816
0.092576
0.091264
0.090976
0.096576
0.094336
0.091104
0.090592
0.091616
0.091264
0.091392
0.090848
0.091520
0.090944
0.091712
0.091104
0.091392
0.090976
0.092064
0.090592
0.091296
0.090784
0.091776
0.090496
0.091744
0.091200
0.091392
0.090496
0.090976
0.090912
0.091136
0.090848
0.091200
0.090656
0.091840
0.091264
0.091808
0.090720
0.091008
0.090528
0.091392
0.090496
0.091712
0.090304
0.091680
0.094272
0.092960
0.094848
0.092032
0.091040
0.094720
0.101344
0.092320
0.091104
0.092512
0.091616
0.099776
0.090464
0.092448
0.093440
0.094336
0.090816
0.091104
0.090048
0.091936
0.091168
0.090912
0.090720
0.091712
0.091072
0.091136
0.090272
0.091136
0.090624
0.091648
0.094944
0.093728
0.091040
0.101568
0.091168
0.091712
0.090816
0.091616
0.090784
0.092032
0.090880
0.091296
0.090496
0.094880
0.093280
0.091520
0.091232
0.091456
0.090912
0.093376
0.090880
0.091008
0.090592
0.095104
0.090464
0.091680
0.090816
0.092096
0.090688
0.094240
0.091136
0.091200
0.090720
0.091456
0.093600
0.091168
0.090816
0.091712
0.090976
0.092032
0.092384
0.093760
0.091392
0.094048
0.090560
0.091584
0.094368
0.092832
0.098560
0.094016
0.092416
0.095360
0.092064
0.092064
0.090848
0.092288
0.090592
0.095072
0.091072
0.094816
0.090816
0.091552
0.091072
0.091424
0.090560
0.093504
0.091264
0.091072
0.090656
0.091648
0.090944
0.091584
0.094304
0.091776
0.090944
0.091264
0.090560
0.091360
0.091072
0.094848
0.090528
0.091392
0.091264
0.091584
0.090784
0.091872
0.090432
0.108256
0.090880
0.092224
0.091072
0.093920
0.091040
0.091712
0.095136
0.094176
0.090624
0.091200
0.091040
0.092064
0.090496
0.091936
0.090976
0.091872
0.090592
0.090784
0.090944
0.091392
0.090656
0.091392
0.090880
0.091680
0.090912
0.091808
0.090784
0.094016
0.090400
0.091904
0.094208
0.091584
0.090560
0.091328
0.091168
0.091168
0.090560
0.091264
0.090368
0.091712
0.090560
0.091968
0.090880
0.093920
0.090880
0.096032
0.094944
0.091520
0.090496
0.091488
0.090848
0.091328
0.090464
0.091552
0.090880
0.091360
0.090784
0.091264
0.090848
0.091168
0.091104
0.091680
0.090816
0.091392
0.090848
0.091456
0.090944
0.095232
0.090528
0.094144
0.091232
0.092096
0.090368
0.090848
0.091104
0.091328
0.089984
0.091424
0.090240
0.091136
0.090816
0.091232
0.090496
0.091040
0.090272
0.090976
0.090464
0.090912
0.090688
0.091616
0.090912
0.091712
0.090368
0.091456
0.091072
0.091200
0.094688
0.094016
0.090784
0.091136
0.091968
0.091392
0.090848
0.091232
0.090816
0.091904
0.090752
0.091136
0.090752
0.091616
0.091776
0.091296
0.090496
0.091232
0.090656
0.091296
0.090336
0.091392
0.090880
0.091488
0.091040
0.091840
0.090976
0.091200
0.090816
0.091744
0.091104
0.094144
0.090624
0.091648
0.091200
0.091744
0.094240
0.091456
0.094720
0.092224
0.090208
0.091680
0.091264
0.093952
0.093728
0.091264
0.090496
0.091200
0.091008
0.091200
0.090912
0.091680
0.090496
0.091488
0.091808
0.092384
0.090720
0.094656
0.091264
0.091648
0.090624
0.094656
0.091008
0.103456
0.091648
0.095104
0.096672
0.091424
0.090976
0.091584
0.090912
0.091360
0.092416
0.091776
0.091200
0.092864
0.096576
0.094304
0.091936
0.090976
0.092896
0.091680
0.092000
0.092416
0.090784
0.094592
0.093536
0.091136
0.090880
0.091296
0.091360
0.091264
0.091936
0.091296
0.091040
0.094208
0.090720
0.091840
0.090816
0.091360
0.090432
0.091168
0.091008
0.091328
0.095392
0.091520
0.090784
0.091424
0.090656
0.091840
0.090848
0.091488
0.090752
0.091328
0.091264
0.091648
0.090400
0.091584
0.095168
0.095456
0.090592
0.093824
0.091072
0.096224
0.091168
0.091392
0.090912
0.091776
0.095424
0.092352
0.093664
0.091520
0.091424
0.093472
0.094112
0.094528
0.094304
0.097952
0.095296
0.096128
0.095712
0.099872
0.103424
0.097760
0.094176
0.094016
0.098112
0.095968
0.094400
0.098112
0.095968
0.095328
0.094688
0.100576
0.095424
0.097024
0.098720
0.096224
0.097984
0.098080
0.094816
0.095840
0.097376
0.095392
0.094336
0.099616
0.097728
0.095040
0.094528
0.094624
0.096992
0.095328
0.094656
0.095488
0.096896
0.096640
0.097952
0.095552
0.098880
0.111232
0.096192
0.097024
0.096928
0.096928
0.094784
0.092960
0.091040
0.092192
0.091104
0.092672
0.092032
0.094848
0.096160
0.095840
0.096640
0.099904
0.096160
0.095040
0.097024
0.094112
0.091328
0.091456
0.091040
0.092256
0.091136
0.091520
0.091168
0.107584
0.093760
0.095136
0.095808
0.096096
0.096320
0.096128
0.091520
0.091264
0.090848
0.096352
0.092416
0.091808
0.090848
0.093472
0.091808
0.095776
0.094496
0.095264
0.098016
0.093632
0.091776
0.091520
0.090784
0.091776
0.091104
0.091616
0.090528
0.091072
0.090624
0.095232
0.095168
0.096416
0.093760
0.098528
0.095648
0.094688
0.094464
0.097600
0.106496
0.095232
0.094752
0.094912
0.097888
0.094720
0.095680
0.096896
0.096768
0.097600
0.096512
0.102560
0.091072
0.092192
0.092288
0.091904
0.091104
0.091744
0.090560
0.093280
0.094080
0.097952
0.091072
0.091648
0.091328
0.091488
0.090592
0.092576
0.090496
0.091680
0.090592
0.091424
0.090752
0.091808
0.091008
0.091424
0.090880
0.091328
0.090944
0.092064
0.091392
0.091648
0.090688
0.092096
0.093152
0.094272
0.090176
0.090976
0.091776
0.093344
0.094400
0.091648
0.093728
0.091936
0.090816
0.091136
0.091072
0.091904
0.090528
0.091904
0.092160
0.093600
0.094368
0.094400
0.094048
0.092000
0.092640
0.094496
0.090720
0.091776
0.091392
0.091584
0.090976
0.091488
0.090912
0.091552
0.091008
0.091648
0.090592
0.092096
0.094464
0.091040
0.095104
0.091712
0.091232
0.091712
0.090560
0.091104
0.090912
0.091776
0.090752
0.091680
0.090624
0.091296
0.090880
0.091328
0.090848
0.091264
0.090752
0.091200
0.090656
0.091392
0.090208
0.091296
0.090464
0.091104
0.090304
0.091072
0.090592
0.091584
0.091040
0.091200
0.090848
0.091296
0.094304
0.091392
0.090720
0.091488
0.096096
0.113056
0.092192
0.091840
0.091200
0.091840
0.090880
0.091808
0.090944
0.091104
0.096512
0.091808
0.090816
0.091520
0.093184
0.091680
0.090624
0.091616
0.090720
0.091712
0.095872
0.096160
0.092928
0.102560
0.107200
0.091904
0.090880
0.091328
0.090944
0.094112
0.095744
0.091648
0.090592
0.094752
0.091360
0.091424
0.090848
0.093472
0.090656
0.091392
0.091680
0.092288
0.090752
0.091488
0.090944
0.091744
0.090816
0.091520
0.090880
0.091616
0.091264
0.091840
0.091008
0.094368
0.090848
0.093536
0.090432
0.093152
0.091360
0.091232
0.090592
0.092032
0.093792
0.091136
0.091200
0.091552
0.090816
0.094560
0.095104
0.092128
0.091360
0.091680
0.092160
0.091904
0.091232
0.091520
0.090816
0.096800
0.091008
0.091680
0.092224
0.093120
0.093216
0.091200
0.095104
0.091680
0.091264
0.094816
0.090560
0.091552
0.099648
0.091360
0.090560
0.091264
0.090752
0.091136
0.090752
0.091168
0.090976
0.090880
0.099104
0.095296
0.090880
0.091488
0.094784
0.091360
0.091200
0.091488
0.090912
0.095488
0.091808
0.091360
0.090784
0.091392
0.090816
0.091872
0.090304
0.090944
0.091072
0.092736
0.093088
0.091488
0.090464
0.091584
0.091072
0.091424
0.090464
0.091200
0.090432
0.091680
0.091552
0.092256
0.093760
0.090624
0.090496
0.091456
0.090336
0.091136
0.091040
0.094752
0.090912
0.091424
0.090688
0.091648
0.090624
0.091104
0.093664
0.091264
0.091200
0.092160
0.095136
0.091200
0.090912
0.091712
0.092352
0.091328
0.090400
0.091456
0.090880
0.091648
0.091648
0.093920
0.090592
0.091104
0.090272
0.091456
0.090464
0.091520
0.090208
0.092608
0.091072
0.091648
0.090816
0.091712
0.091264
0.094304
0.092768
0.091776
0.091904
0.093056
0.090592
0.093568
0.090912
0.091264
0.090432
0.091136
0.091104
0.095552
0.090240
0.091968
0.091456
0.091328
0.090656
0.091616
0.090784
0.091616
0.091008
0.091360
0.090528
0.092032
0.091200
0.091232
0.090912
0.091712
0.092384
0.091744
0.090528
0.091360
0.090304
0.091552
0.090944
0.091200
0.090560
0.091232
0.091424
0.091648
0.090272
0.091296
0.090944
0.099808
0.091072
0.091488
0.090592
0.096032
0.091040
0.091712
0.090528
0.095392
0.091840
0.094176
0.090816
0.091552
0.090336
0.091808
0.090912
0.091104
0.090304
0.091872
0.090976
0.091520
0.091200
0.091520
0.090432
0.091648
0.090624
0.091744
0.090976
0.091488
0.090528
0.092640
0.093504
0.091584
0.090880
0.091424
0.091072
0.091296
0.090592
0.091136
0.090784
0.097536
0.094304
0.091904
0.091200
0.091296
0.090592
0.091264
0.091040
0.091328
0.090816
0.096352
0.090912
0.091616
0.091296
0.090880
0.091104
0.091840
0.090912
0.091072
0.090976
0.091648
0.090944
0.094560
0.090944
0.091904
0.090848
0.092192
0.091008
0.096256
0.093472
0.095424
0.091232
0.091392
0.090432
0.091488
0.091040
0.091200
0.090400
0.091552
0.090528
0.091648
0.090624
0.091456
0.099360
0.091872
0.091264
0.091456
0.090752
0.091616
0.090848
0.091264
0.090784
0.091200
0.090464
0.091200
0.090944
0.093856
0.090336
0.091680
0.091040
0.091488
0.090528
0.091136
0.090560
0.091552
0.090624
0.091008
0.090464
0.091328
0.090816
0.091584
0.090912
0.093760
0.093216
0.094368
0.090592
0.095360
0.090400
0.091552
0.090848
0.091680
0.090976
0.091328
0.091072
0.091456
0.090848
0.091456
0.090816
0.091232
0.090400
0.092768
0.092096
0.091104
0.091232
0.094240
0.091104
0.091200
0.090784
0.096128
0.095072
0.091968
0.093664
0.091328
0.090784
0.091232
0.090688
0.091008
0.090944
0.091040
0.090528
0.091264
0.094656
0.091808
0.090112
0.091296
0.093888
0.091520
0.090720
0.091232
0.090560
0.091872
0.091808
0.103072
0.090656
0.091552
0.090528
0.091904
0.103808
0.091296
0.091104
0.094656
0.093760
0.092736
0.090912
0.092096
0.091232
0.091872
0.090944
0.091648
0.091008
0.091584
0.090816
0.093632
0.094880
0.091200
0.091296
0.091840
0.090816
0.091584
0.090720
0.094592
0.090784
0.091616
0.090944
0.092032
0.091264
0.091296
0.090400
0.091328
0.091840
0.100736
0.092896
0.091232
0.091104
0.092320
0.090688
0.091168
0.090528
0.091552
0.097216
0.091776
0.090848
0.091424
0.091232
0.091360
0.090912
0.093312
0.093312
0.094944
0.091520
0.091264
0.092736
0.091232
0.091392
0.091840
0.090720
0.091328
0.091136
0.094176
0.090944
0.094560
0.090496
0.091520
0.186496
0.109952
0.092352
0.092448
0.094112
0.093088
0.091872
0.091808
0.090880
0.092448
0.092320
0.092320
0.091840
0.092032
0.091616
0.096992
0.091680
0.096384
0.093984
0.091680
0.093632
0.095552
0.096416
0.092128
0.091584
0.094112
0.092032
0.095200
0.108736
0.098720
0.091872
0.092064
0.093312
0.091840
0.094752
0.092224
0.090752
0.091872
0.091808
0.091776
0.091520
0.092128
0.091616
0.091904
0.090752
0.091136
0.090752
0.091360
0.090528
0.091264
0.090656
0.091488
0.090880
0.090976
0.091296
0.091328
0.090816
0.091264
0.091040
0.091424
0.090304
0.091712
0.090688
0.091328
0.090656
0.091200
0.090720
0.091840
0.090688
0.094016
0.091104
0.091424
0.090400
0.091744
0.090944
0.095776
0.090368
0.095520
0.093760
0.093152
0.091072
0.091296
0.090496
0.091232
0.090624
0.092160
0.091232
0.091360
0.090688
0.091552
0.091200
0.091168
0.090944
0.095968
0.091808
0.091424
0.093440
0.094720
0.091360
0.093344
0.090848
0.091232
0.090784
0.091200
0.093184
0.092544
0.090784
0.093408
0.091232
0.091424
0.090784
0.091520
0.090336
0.093184
0.091008
0.094752
0.090752
0.091840
0.090944
0.091456
0.090560
0.091520
0.091168
0.091264
0.090624
0.091712
0.090592
0.091936
0.091040
0.091328
0.090656
0.091552
0.090816
0.093472
0.091456
0.091968
0.090304
0.091488
0.090944
0.091200
0.090496
0.091136
0.090912
0.091296
0.092192
0.094336
0.091072
0.091360
0.090944
0.093248
0.091040
0.091680
0.093344
0.091040
0.090624
0.091744
0.091104
0.095232
0.091296
0.091232
0.090976
0.091328
0.090752
0.091136
0.090528
0.091552
0.091200
0.091200
0.090720
0.091712
0.091264
0.091424
0.090784
0.091168
0.090976
0.092224
0.090912
0.094880
0.091040
0.091584
0.090560
0.091168
0.090912
0.093056
0.092544
0.094816
0.090912
0.093216
0.091040
0.095584
0.090720
0.091040
0.090592
0.091648
0.091232
0.091648
0.090496
0.091200
0.091008
0.091488
0.090368
0.091296
0.090720
0.091456
0.094656
0.091328
0.090848
0.090976
0.090944
0.091648
0.090912
0.091840
0.091104
0.091616
0.091424
0.095264
0.090976
0.091968
0.091296
0.093888
0.093056
0.091776
0.092256
0.091680
0.090816
0.095584
0.091104
0.091936
0.093184
0.092736
0.094496
0.091200
0.092320
0.092192
0.091392
0.091488
0.092928
0.094624
0.094432
0.091648
0.090912
0.091584
0.090720
0.092864
0.091776
0.095392
0.091328
0.091808
0.090784
0.092064
0.090976
0.091232
0.090464
0.091040
0.090880
0.091968
0.090464
0.091328
0.091648
0.091264
0.090560
0.091584
0.090624
0.091712
0.091072
0.092160
0.096640
0.091840
0.090592
0.094560
0.092320
0.093952
0.090816
0.091488
0.091232
0.094688
0.090464
0.095968
0.090848
0.094528
0.090272
0.091008
0.090336
0.091168
0.090592
0.091616
0.090336
0.091680
0.090752
0.091040
0.090528
0.091392
0.090400
0.091904
0.091072
0.091360
0.090592
0.092960
0.093632
0.094944
0.090208
0.091008
0.090912
0.103104
0.101280
0.093120
0.091296
0.091648
0.091200
0.092928
0.090816
0.091168
0.091072
0.091872
0.091232
0.091040
0.090592
0.092160
0.091360
0.091104
0.090784
0.091552
0.090816
0.093408
0.094080
0.092256
0.091168
0.092896
0.093536
0.091680
0.090688
0.091328
0.090912
0.092416
0.091968
0.091264
0.091392
0.091488
0.090816
0.091168
0.090848
0.091744
0.090752
0.092064
0.090848
0.091808
0.091008
0.091840
0.090464
0.091296
0.091200
0.091072
0.090336
0.091264
0.091392
0.091584
0.091808
0.091616
0.091520
0.091648
0.090496
0.093120
0.094272
0.091456
0.091264
0.091744
0.090848
0.091232
0.091232
0.092768
0.094144
0.091488
0.090624
0.091744
0.091328
0.091488
0.090816
0.091424
0.091392
0.091808
0.090688
0.095072
0.090944
0.091872
0.090592
0.091968
0.090176
0.091584
0.090720
0.091424
0.090656
0.091392
0.090592
0.091872
0.091200
0.091360
0.090592
0.093248
0.093920
0.094368
0.090592
0.091680
0.090656
0.091584
0.091008
0.091552
0.090656
0.091680
0.090624
0.091232
0.091712
0.092128
0.091168
0.092096
0.091776
0.092384
0.094048
0.091936
0.091712
0.092128
0.093056
0.092064
0.090656
0.091040
0.092096
0.091936
0.094400
0.092224
0.093952
0.091968
0.090752
0.091552
0.090496
0.091648
0.091040
0.091360
0.090560
0.091808
0.090784
0.091296
0.091232
0.091392
0.091072
0.091392
0.090560
0.092640
0.090880
0.094432
0.090624
0.091328
0.092096
0.091136
0.093856
0.091456
0.091040
0.091040
0.090784
0.091232
0.090784
0.091360
0.091040
0.091776
0.091104
0.091840
0.091840
0.091552
0.090816
0.091936
0.091104
0.091712
0.090912
0.095232
0.090848
0.093120
0.091200
0.091008
0.090528
0.091360
0.091392
0.091200
0.090272
0.091712
0.090816
0.091552
0.091040
0.090848
0.090560
0.091136
0.090752
0.091040
0.090816
0.091264
0.090656
0.092000
0.091424
0.091200
0.090656
0.091744
0.090944
0.090976
0.094784
0.093376
0.091008
0.091232
0.093824
0.091776
0.091104
0.091488
0.090624
0.090848
0.090752
0.091104
0.090944
0.091424
0.090592
0.091744
0.093472
0.091424
0.090912
0.091584
0.090368
0.091488
0.091104
0.091616
0.090816
0.091584
0.090848
0.091456
0.091072
0.091104
0.091296
0.091488
0.090496
0.091392
0.091168
0.091360
0.090368
0.092032
0.090816
0.091648
0.090624
0.094016
0.090976
0.091552
0.094272
0.091296
0.090400
0.093920
0.090432
0.093984
0.091136
0.091456
0.090528
0.091616
0.091456
0.091648
0.090560
0.094560
0.090944
0.094944
0.090368
0.091712
0.090496
0.092960
0.091936
0.091552
0.090880
0.091488
0.091360
0.091392
0.090912
0.091136
0.090528
0.091584
0.091296
0.091648
0.090848
0.091264
0.091200
0.091552
0.090592
0.091520
0.091296
0.091680
0.091136
0.091072
0.090656
0.091808
0.090496
0.091072
0.090368
0.091264
0.091040
0.091456
0.090816
0.091328
0.090560
0.091296
0.091168
0.091168
0.091968
0.094368
0.091360
0.091584
0.090880
0.091840
0.090880
0.091168
0.090880
0.091168
0.091136
0.091712
0.091392
0.091872
0.091840
0.090656
0.090880
0.091616
0.091104
0.091200
0.091040
0.091680
0.090784
0.091680
0.096512
0.092544
0.091264
0.091392
0.091360
0.094208
0.093728
0.091584
0.090336
0.091456
0.091584
0.091264
0.090240
0.091776
0.090688
0.094720
0.092896
0.091584
0.090464
0.092000
0.091200
0.091488
0.090816
0.091776
0.091200
0.091360
0.090528
0.091072
0.090528
0.091616
0.090976
0.091328
0.090624
0.091584
0.091424
0.091488
0.090496
0.091104
0.090944
0.092032
0.090784
0.091168
0.090752
0.091296
0.091424
0.091232
0.091104
0.091392
0.090720
0.092576
0.091072
0.091136
0.090592
0.094784
0.091040
0.091232
0.090560
0.091328
0.090528
0.091488
0.090848
0.090976
0.090656
0.091552
0.090496
0.090880
0.090816
0.091520
0.090304
0.091520
0.090752
0.091296
0.090400
0.091328
0.091136
0.093664
0.093696
0.091040
0.091072
0.091104
0.091008
0.091680
0.090752
0.091296
0.090688
0.091200
0.090400
0.091776
0.090656
0.091392
0.090816
0.091520
0.090144
0.091936
0.091008
0.091264
0.091008
0.091040
0.091008
0.091424
0.090720
0.091520
0.090368
0.091328
0.090880
0.093952
0.090944
0.091424
0.090336
0.093984
0.091040
0.093856
0.090784
0.094560
0.093568
0.091296
0.090432
0.091456
0.090752
0.091680
0.090688
0.091424
0.090752
0.091520
0.090944
0.091296
0.090464
0.091232
0.090528
0.091360
0.093536
0.091840
0.090656
0.091584
0.091264
0.091168
0.090496
0.091616
0.091072
0.091424
0.090816
0.091040
0.090880
0.092000
0.090752
0.091328
0.090848
0.093280
0.092928
0.093280
0.090816
0.094016
0.092960
0.094720
0.090944
0.091872
0.090688
0.091552
0.091008
0.094080
0.090944
0.093504
0.095168
0.091616
0.090656
0.091072
0.090432
0.091296
0.090560
0.092192
0.091264
0.091136
0.090464
0.091648
0.090656
0.091264
0.090848
0.091360
0.090816
0.091584
0.090944
0.091264
0.090368
0.091296
0.090208
0.091136
0.091008
0.091776
0.090624
0.096160
0.093600
0.091648
0.090336
0.091840
0.093312
0.094848
0.090560
0.093984
0.095200
0.091968
0.091104
0.091712
0.090720
0.092032
0.090912
0.091712
0.090688
0.091136
0.090464
0.091872
0.091488
0.091392
0.090560
0.091296
0.090592
0.091136
0.090336
0.091904
0.094976
0.093632
0.094464
0.091424
0.090528
0.091168
0.090688
0.092704
0.090400
0.091104
0.090816
0.091456
0.091136
0.091712
0.090560
0.091392
0.090880
0.091584
0.090592
0.091040
0.091104
0.091648
0.090752
0.091424
0.090624
0.091232
0.090752
0.090944
0.090944
0.092128
0.090368
0.091808
0.090400
0.091008
0.090528
0.091232
0.090400
0.091072
0.090240
0.091552
0.091104
0.091392
0.091136
0.091136
0.090912
0.091488
0.090848
0.091232
0.091008
0.091520
0.090464
0.097184
0.097248
0.095008
0.095008
0.093024
0.090912
0.092000
0.090816
0.091840
0.091008
0.099360
0.090688
0.092416
0.091200
0.091968
0.090656
0.091840
0.102976
0.094720
0.093568
0.091616
0.091680
0.093344
0.090208
0.091520
0.091104
0.091520
0.090816
0.091456
0.090848
0.091552
0.090944
0.091872
0.090976
0.097824
0.096992
0.091424
0.090656
0.091552
0.090432
0.091360
0.090816
0.091360
0.090656
0.091712
0.091040
0.091904
0.091136
0.091040
0.090624
0.091360
0.090880
0.091136
0.090336
0.091680
0.090848
0.091488
0.090624
0.091168
0.090464
0.091456
0.091232
0.091040
0.090624
0.091840
0.090464
0.091072
0.090016
0.091520
0.090944
0.091520
0.090912
0.091072
0.091104
0.091456
0.090560
0.093920
0.093056
0.091488
0.092256
0.096064
0.093472
0.091584
0.090784
0.091680
0.092544
0.093856
0.093888
0.092352
0.090496
0.091904
0.091200
0.091616
0.090880
0.095872
0.090848
0.091584
0.091264
0.091008
0.090432
0.091712
0.094912
0.094880
0.101472
0.091872
0.090560
0.093664
0.091232
0.091520
0.090912
0.091744
0.090528
0.091200
0.090720
0.091008
0.090528
0.091552
0.091232
0.091392
0.094848
0.095776
0.091200
0.094496
0.091136
0.091872
0.094848
0.092000
0.091008
0.091424
0.091456
0.096192
0.091104
0.092192
0.090976
0.092192
0.091040
0.095424
0.094848
0.091264
0.094048
0.091712
0.090912
0.091200
0.091040
0.091424
0.091136
0.093696
0.091584
0.091808
0.091424
0.093792
0.091104
0.091392
0.090784
0.092064
0.090944
0.091840
0.091008
0.091520
0.091904
0.092576
0.090848
0.091168
0.090784
0.091968
0.091104
0.091328
0.090432
0.091840
0.091136
0.091680
0.090560
0.091008
0.091328
0.091392
0.093824
0.091616
0.090752
0.091232
0.090560
0.093280
0.093120
0.093472
0.093248
0.095328
0.092928
0.092768
0.090688
0.091424
0.090976
0.091744
0.090848
0.091744
0.091200
0.091424
0.090848
0.091648
0.090560
0.091232
0.090944
0.091424
0.090912
0.091840
0.090528
0.091552
0.091008
0.091392
0.090272
0.090944
0.091008
0.091840
0.090496
0.091168
0.091168
0.094400
0.094144
0.091136
0.093600
0.093120
0.093984
0.091872
0.093728
0.094368
0.090592
0.091904
0.090944
0.091360
0.090784
0.091296
0.090784
0.091936
0.090752
0.091296
0.090784
0.091392
0.090624
0.090944
0.090784
0.091136
0.091072
0.091488
0.090976
0.091904
0.090656
0.091936
0.090784
0.091584
0.090560
0.091936
0.091328
0.091360
0.090144
0.091232
0.095456
0.094752
0.090464
0.090912
0.090464
0.091168
0.090560
0.091744
0.090656
0.093056
0.090560
0.091648
0.090560
0.091264
0.090240
0.091968
0.091008
0.091776
0.090624
0.091392
0.090720
0.091232
0.090432
0.091584
0.091168
0.092352
0.093440
0.095232
0.090976
0.091904
0.093536
0.091520
0.090816
0.091520
0.090752
0.091424
0.090944
0.091744
0.090848
0.096864
0.091200
0.094336
0.090400
0.091680
0.090848
0.093312
0.090912
0.091616
0.091008
0.091552
0.090848
0.091552
0.090560
0.091680
0.090528
0.091520
0.090848
0.095360
0.093152
0.091744
0.091296
0.091552
0.095040
0.091072
0.090560
0.092032
0.091904
0.092000
0.091136
0.092032
0.090752
0.092032
0.090720
0.091616
0.090816
0.092224
0.092096
0.092192
0.091904
0.092000
0.091104
0.092064
0.090816
0.091424
0.090464
0.091616
0.092480
0.092896
0.093600
0.094816
0.091328
0.092096
0.090912
0.091136
0.090688
0.093280
0.096992
0.112416
0.094880
0.092672
0.092064
0.091936
0.090880
0.091296
0.090976
0.092160
0.093280
0.091904
0.090496
0.093088
0.094912
0.094240
0.090528
0.091488
0.090400
0.093728
0.091520
0.092000
0.091072
0.092128
0.091392
0.091648
0.090688
0.091104
0.091296
0.093056
0.091648
0.091008
0.090752
0.091328
0.090976
0.091520
0.090336
0.091520
0.090400
0.093120
0.095872
0.093888
0.090656
0.095680
0.090752
0.090976
0.090688
0.091680
0.090656
0.091840
0.091104
0.091648
0.094976
0.091392
0.091776
0.091520
0.092192
0.094752
0.090624
0.093600
0.092832
0.093120
0.094816
0.098944
0.093056
0.091360
0.091008
0.095200
0.090816
0.094592
0.091520
0.091456
0.090752
0.091040
0.090496
0.091616
0.090560
0.091488
0.090336
0.091616
0.091232
0.092416
0.091936
0.092000
0.091040
0.091808
0.090336
0.091616
0.090496
0.091776
0.091232
0.091072
0.090432
0.092032
0.091296
0.090912
0.090816
0.091488
0.090912
0.096000
0.094240
0.091328
0.090592
0.092576
0.093472
0.091424
0.090688
0.091552
0.093472
0.092096
0.090784
0.091424
0.090944
0.091808
0.090592
0.091520
0.090432
0.091776
0.090656
0.091936
0.091456
0.091232
0.090752
0.091424
0.090496
0.090880
0.090432
0.091168
0.090944
0.092832
0.095008
0.091520
0.091616
0.094688
0.090752
0.090976
0.090976
0.091488
0.095424
0.092704
0.091840
0.091328
0.091264
0.091840
0.090784
0.091296
0.090720
0.091392
0.090432
0.091808
0.090848
0.091808
0.090688
0.091424
0.090720
0.091200
0.090432
0.091328
0.090048
0.091552
0.090848
0.091520
0.090208
0.091232
0.090944
0.092640
0.094272
0.091680
0.090880
0.091904
0.094720
0.091808
0.091296
0.094944
0.090528
0.091648
0.091744
0.091936
0.090784
0.093792
0.092640
0.092480
0.090976
0.092192
0.091296
0.091552
0.090752
0.091552
0.090944
0.091552
0.090624
0.091584
0.090464
0.091328
0.090688
0.095648
0.091328
0.091648
0.090784
0.098624
0.093536
0.091232
0.090656
0.091424
0.093376
0.092448
0.090432
0.091200
0.090880
0.094144
0.091552
0.091104
0.091040
0.092352
0.090528
0.090944
0.091040
0.095136
0.090912
0.095264
0.090784
0.091296
0.091264
0.091744
0.090912
0.091616
0.090528
0.090976
0.093248
0.091552
0.094528
0.091456
0.090912
0.091392
0.090784
0.091072
0.091136
0.091776
0.091168
0.091360
0.090528
0.091584
0.090624
0.091584
0.090656
0.091296
0.090272
0.091264
0.096320
0.091808
0.090560
0.091456
0.091072
0.091264
0.090944
0.091392
0.090816
0.091360
0.093152
0.091712
0.091168
0.091456
0.090848
0.091616
0.090592
0.091392
0.090528
0.091552
0.097248
0.094848
0.090816
0.090944
0.091136
0.096480
0.094784
0.091616
0.090496
0.091328
0.090976
0.091680
0.090912
0.091456
0.090464
0.091552
0.091200
0.091264
0.090368
0.091488
0.091360
0.091840
0.090432
0.091264
0.091264
0.092064
0.090560
0.091360
0.090816
0.091232
0.091328
0.091616
0.090400
0.091168
0.090944
0.091648
0.091040
0.091264
0.090336
0.091328
0.097504
0.094272
0.090752
0.095904
0.093760
0.091488
0.090560
0.091488
0.090848
0.103584
0.092256
0.091936
0.090720
0.091328
0.091488
0.096128
0.090560
0.091616
0.090688
0.091776
0.091168
0.092000
0.090496
0.091264
0.090944
0.091552
0.090624
0.091424
0.090944
0.091424
0.090528
0.092032
0.090752
0.091648
0.090592
0.102464
0.090336
0.090880
0.090368
0.090816
0.093280
0.091424
0.090464
0.091392
0.091104
0.091264
0.097280
0.092736
0.091424
0.092032
0.093920
0.093536
0.092192
0.090976
0.090848
0.093696
0.091520
0.091648
0.092256
0.091008
0.091616
0.093632
0.093792
0.095840
0.091872
0.090976
0.091424
0.091360
0.090880
0.091584
0.091296
0.091552
0.090880
0.095616
0.092480
0.091808
0.090592
0.091296
0.090208
0.091104
0.091392
0.091392
0.090752
0.091136
0.091424
0.091712
0.090336
0.091200
0.090976
0.091200
0.092128
0.092576
0.090528
0.091296
0.095488
0.091840
0.090432
0.091520
0.093760
0.092000
0.091008
0.091744
0.090624
0.093120
0.091648
0.091776
0.090592
0.091648
0.093056
0.091552
0.090560
0.091104
0.090560
0.091680
0.090400
0.091008
0.090944
0.091072
0.090336
0.091456
0.090688
0.091552
0.090624
0.092992
0.090624
0.091296
0.090432
0.091808
0.091168
0.091168
0.092736
0.096224
0.091008
0.095488
0.090592
0.091360
0.090304
0.091392
0.090112
0.091456
0.091488
0.091392
0.091104
0.091488
0.091104
0.094016
0.090816
0.091232
0.090624
0.091872
0.090944
0.094176
0.096544
0.095968
0.090784
0.091360
0.091360
0.091328
0.091840
0.094944
0.092000
0.091616
0.091552
0.092256
0.090976
0.091360
0.090496
0.091328
0.090496
0.091488
0.091200
0.091712
0.090400
0.091328
0.090720
0.091680
0.090720
0.091136
0.090400
0.103840
0.090912
0.092992
0.092480
0.091680
0.091104
0.094592
0.090432
0.091424
0.090624
0.091552
0.091360
0.091040
0.091072
0.091648
0.090720
0.091456
0.090816
0.091360
0.090880
0.091744
0.091136
0.091232
0.090848
0.091744
0.091488
0.091520
0.090592
0.090912
0.091168
0.091424
0.090848
0.091360
0.090528
0.091744
0.090688
0.091008
0.090496
0.091360
0.090528
0.097504
0.091264
0.091200
0.090784
0.092064
0.090912
0.094752
0.093824
0.096064
0.092192
0.092032
0.090912
0.091904
0.091520
0.091840
0.090624
0.091520
0.090976
0.091168
0.090560
0.092064
0.091232
0.091840
0.090464
0.091392
0.091136
0.091232
0.091008
0.090976
0.091360
0.091744
0.090624
0.092000
0.091424
0.093408
0.092512
0.091424
0.091200
0.091008
0.090976
0.091808
0.091552
0.091872
0.090624
0.095808
0.096544
0.092032
0.090400
0.091040
0.090432
0.091264
0.091488
0.091392
0.090816
0.091360
0.091168
0.091392
0.090400
0.091360
0.090144
0.091616
0.091328
0.091328
0.090496
0.091456
0.091008
0.094304
0.090752
0.091552
0.090944
0.091616
0.090688
0.091392
0.090944
0.091488
0.090848
0.091168
0.090752
0.090848
0.090912
0.091360
0.091232
0.092192
0.090080
0.091488
0.090720
0.094144
0.092192
0.091328
0.090400
0.096160
0.091168
0.092000
0.104544
0.092256
0.091232
0.091648
0.090848
0.094784
0.090304
0.091136
0.090944
0.091040
0.090848
0.091584
0.090976
0.091648
0.093024
0.095808
0.090880
0.091968
0.092672
0.091616
0.090816
0.091584
0.090688
0.094016
0.090432
0.091616
0.090560
0.091328
0.090848
0.091584
0.090240
0.091520
0.090624
0.091904
0.090656
0.091168
0.090880
0.091456
0.091104
0.094816
0.090528
0.091488
0.090784
0.091808
0.091040
0.091648
0.090848
0.091264
0.091136
0.091040
0.090400
0.091424
0.091136
0.094304
0.093888
0.093760
0.091840
0.096032
0.091040
0.091296
0.090816
0.092288
0.091168
0.091488
0.091008
0.091872
0.090816
0.092096
0.090752
0.090944
0.090496
0.091680
0.091968
0.091424
0.090432
0.091072
0.090688
0.091456
0.090720
0.094720
0.091104
0.092032
0.091104
0.091808
0.090848
0.094304
0.093344
0.094400
0.095008
0.093600
0.096096
0.094656
0.094208
0.094528
0.093760
0.108576
0.092800
0.092064
0.090944
0.091520
0.091616
0.091552
0.090976
0.091872
0.091104
0.093792
0.090784
0.091392
0.090368
0.091872
0.090880
0.091712
0.090464
0.091392
0.091232
0.091552
0.097184
0.094880
0.090304
0.091712
0.091104
0.091744
0.091040
0.094304
0.092128
0.091200
0.091520
0.091712
0.091008
0.091456
0.092992
0.091680
0.091776
0.091200
0.102336
0.093376
0.094144
0.096000
0.091680
0.091520
0.094272
0.091680
0.090944
0.094432
0.091168
0.094144
0.091744
0.104064
0.094688
0.099680
0.094944
0.091872
0.107712
0.091488
0.090656
0.098080
0.091008
0.091424
0.090272
0.091680
0.091360
0.091456
0.095168
0.091712
0.091936
0.091680
0.093088
0.091168
0.091072
0.091552
0.090688
0.091840
0.090720
0.091168
0.090528
0.091872
0.095328
0.091712
0.090464
0.091264
0.090720
0.091360
0.090944
0.094112
0.093344
0.091840
0.091040
0.091360
0.091104
0.091520
0.090784
0.091584
0.090944
0.091776
0.090880
0.091744
0.091136
0.091712
0.090496
0.094048
0.090752
0.091392
0.090112
0.090976
0.090688
0.091520
0.090848
0.091264
0.090976
0.091904
0.091008
0.091456
0.091040
0.091040
0.090560
0.091424
0.090720
0.091136
0.090752
0.091264
0.090976
0.091648
0.090720
0.094816
0.090752
0.094848
0.090944
0.095168
0.091200
0.091552
0.090976
0.091712
0.091040
0.091840
0.093632
0.091488
0.091008
0.091712
0.090400
0.091680
0.091104
0.091360
0.091008
0.091424
0.090880
0.091776
0.090816
0.091392
0.091168
0.091392
0.091232
0.091200
0.090656
0.091168
0.090688
0.092448
0.091328
0.091360
0.090400
0.091872
0.094624
0.094080
0.093792
0.091424
0.091008
0.091552
0.090592
0.091840
0.090464
0.091392
0.090944
0.091296
0.090784
0.094720
0.090368
0.091808
0.091040
0.091200
0.090528
0.091840
0.091680
0.094112
0.090400
0.091936
0.090688
0.091776
0.090688
0.091232
0.090944
0.091424
0.090976
0.091648
0.090912
0.091520
0.090912
0.092096
0.090816
0.091904
0.090688
0.091360
0.090976
0.091392
0.090496
0.091136
0.091008
0.091232
0.090784
0.091072
0.090816
0.091808
0.090688
0.091200
0.090496
0.091296
0.090496
0.091456
0.090880
0.094016
0.094848
0.092096
0.095392
0.091296
0.090752
0.091552
0.090400
0.091584
0.091072
0.091552
0.090528
0.091520
0.090848
0.091616
0.094560
0.095648
0.090912
0.092416
0.091072
0.092416
0.091968
0.091680
0.094496
0.093792
0.091168
0.091136
0.091232
0.092512
0.091008
0.095168
0.092128
0.092384
0.092096
0.091296
0.090720
0.091936
0.090368
0.091808
0.091104
0.094240
0.092928
0.094144
0.091104
0.091616
0.104672
0.091744
0.090976
0.091648
0.094240
0.091072
0.090784
0.091264
0.090720
0.091584
0.091072
0.091424
0.090432
0.092448
0.091584
0.091104
0.090496
0.091520
0.091232
0.094144
0.090784
0.091232
0.099552
0.092032
0.090976
0.091008
0.090528
0.091520
0.090400
0.091328
0.090496
0.090848
0.090528
0.091200
0.090496
0.091264
0.090688
0.091648
0.090752
0.091136
0.090496
0.091232
0.090496
0.091552
0.090720
0.091648
0.093856
0.094880
0.094144
0.092768
0.090432
0.091808
0.090528
0.091808
0.091296
0.091456
0.093952
0.091840
0.091040
0.094144
0.090816
0.091392
0.090752
0.091680
0.090784
0.091328
0.090880
0.093120
0.094656
0.096320
0.091520
0.091552
0.090336
0.091232
0.091264
0.091744
0.090624
0.095904
0.093216
0.091552
0.090656
0.091232
0.090560
0.091584
0.102304
0.091680
0.103264
0.092608
0.103616
0.096160
0.091680
0.091744
0.090944
0.092096
0.091392
0.091488
0.090688
0.091808
0.091104
0.091360
0.090944
0.091296
0.091136
0.092480
0.090560
0.091680
0.091104
0.091488
0.090816
0.091616
0.090720
0.095232
0.091040
0.091872
0.090432
0.091296
0.090848
0.091456
0.090848
0.091104
0.090592
0.091136
0.091296
0.091456
0.090464
0.091424
0.091104
0.091680
0.090560
0.091040
0.090624
0.095136
0.090976
0.091872
0.090464
0.090816
0.090912
0.091552
0.090944
0.091552
0.094656
0.091680
0.090976
0.091552
0.090592
0.091616
0.091168
0.091808
0.090752
0.091456
0.090848
0.096256
0.094112
0.091648
0.090944
0.094176
0.090368
0.091488
0.090560
0.091520
0.090624
0.091616
0.091136
0.091712
0.090688
0.091264
0.090976
0.091712
0.091136
0.094304
0.094912
0.092032
0.093600
0.092736
0.091648
0.099616
0.091360
0.091264
0.093120
0.091456
0.091424
0.092256
0.091712
0.094816
0.094880
0.091232
0.091456
0.095872
0.090656
0.091808
0.090880
0.091264
0.090848
0.091712
0.090656
0.091232
0.090720
0.091712
0.091712
0.091840
0.090592
0.095456
0.091424
0.094784
0.090624
0.090848
0.091136
0.091456
0.090624
0.091552
0.090464
0.091104
0.091488
0.091904
0.090656
0.091232
0.093920
0.091776
0.091168
0.091424
0.093088
0.091456
0.091392
0.095488
0.094144
0.091744
0.091552
0.092160
0.090816
0.091232
0.090752
0.091712
0.090496
0.091872
0.091360
0.094976
0.095040
0.091680
0.090944
0.091296
0.091328
0.091424
0.090688
0.091968
0.103712
0.096000
0.091104
0.091808
0.091232
0.091488
0.090528
0.091104
0.091072
0.091552
0.108128
0.094080
0.093664
0.091456
0.091040
0.091552
0.090912
0.098112
0.091072
0.091200
0.090528
0.093568
0.091040
0.091200
0.090688
0.091456
0.090976
0.097952
0.090912
0.091328
0.091104
0.095424
0.090880
0.092704
0.090592
0.091232
0.090560
0.091456
0.091072
0.091424
0.090432
0.091360
0.090528
0.091104
0.090528
0.091424
0.090528
0.092736
0.091296
0.091744
0.093088
0.091360
0.090816
0.091488
0.090592
0.091232
0.090752
0.097568
0.091328
0.091040
0.090624
0.091456
0.091104
0.093824
0.090496
0.091392
0.090528
0.097664
0.090688
0.091232
0.090592
0.091808
0.091104
0.091264
0.090752
0.091232
0.090464
0.096480
0.093664
0.091488
0.090368
0.091488
0.091552
0.091648
0.090720
0.091296
0.092256
0.095712
0.091104
0.091616
0.094240
0.092064
0.091264
0.091136
0.091008
0.091104
0.091200
0.091648
0.091200
0.091136
0.090496
0.092192
0.090880
0.091296
0.090656
0.091232
0.090688
0.091904
0.090688
0.091168
0.091136
0.091808
0.091328
0.091200
0.090880
0.091968
0.094624
0.091328
0.091200
0.091072
0.090624
0.091360
0.091328
0.092032
0.090368
0.092096
0.091360
0.094304
0.090816
0.091840
0.093824
0.094528
0.090784
0.091904
0.092960
0.092032
0.090976
0.091744
0.091072
0.092544
0.090912
0.094240
0.091232
0.094496
0.090496
0.092320
0.093440
0.091328
0.090880
0.091872
0.090880
0.091424
0.090816
0.091712
0.090976
0.091552
0.093248
0.091680
0.091552
0.091552
0.090656
0.091552
0.091136
0.091616
0.090752
0.091008
0.090592
0.091648
0.091200
0.091168
0.090592
0.091136
0.091424
0.091936
0.090848
0.091456
0.090624
0.091904
0.091168
0.091584
0.090464
0.091968
0.091424
0.091040
0.090624
0.091584
0.090720
0.091424
0.090976
0.090944
0.090560
0.091904
0.091072
0.094656
0.090880
0.091360
0.090272
0.095552
0.091040
0.091360
0.090592
0.091808
0.090912
0.094848
0.093280
0.091456
0.090784
0.091744
0.090880
0.091072
0.091296
0.091936
0.090432
0.091296
0.090752
0.091072
0.090624
0.091456
0.092288
0.093504
0.091104
0.091424
0.091008
0.091296
0.091072
0.091712
0.090560
0.091584
0.090560
0.091328
0.090880
0.091136
0.090624
0.091808
0.090496
0.091232
0.090848
0.091648
0.091168
0.092416
0.094080
0.092160
0.091072
0.094560
0.093568
0.091712
0.091040
0.091872
0.091072
0.091808
0.090944
0.091328
0.093472
0.091712
0.090912
0.091360
0.090464
0.091616
0.091168
0.091520
0.090688
0.092160
0.091584
0.091200
0.090880
0.091392
0.090592
0.091840
0.090592
0.091488
0.091168
0.092128
0.090880
0.091200
0.090944
0.091424
0.090336
0.094528
0.095456
0.097792
0.095104
0.100064
0.096032
0.099520
0.096448
0.091936
0.091296
0.092672
0.090688
0.091040
0.090944
0.091328
0.090624
0.091776
0.091232
0.091392
0.090848
0.091776
0.091072
0.093888
0.112256
0.102208
0.091648
0.091168
0.090656
0.091744
0.090720
0.091616
0.090208
0.091904
0.090784
0.091552
0.090304
0.092128
0.091168
0.091264
0.094112
0.095776
0.095392
0.091872
0.090624
0.091872
0.090848
0.091520
0.090400
0.091040
0.091488
0.091712
0.091488
0.091712
0.091360
0.091744
0.091456
0.091424
0.090816
0.090976
0.091296
0.092352
0.092128
0.091232
0.091200
0.092128
0.090816
0.091392
0.090592
0.091744
0.090912
0.091552
0.090592
0.091264
0.090816
0.091264
0.093280
0.094464
0.093664
0.091776
0.090816
0.091872
0.090976
0.091648
0.090432
0.091712
0.090752
0.091328
0.090432
0.090944
0.091168
0.091584
0.090560
0.091584
0.090944
0.091936
0.093056
0.091392
0.090848
0.090976
0.091168
0.091392
0.090304
0.091040
0.091104
0.090944
0.090304
0.091552
0.090336
0.091296
0.093312
0.091712
0.090720
0.091584
0.091136
0.091392
0.092736
0.091392
0.090496
0.091584
0.091104
0.094464
0.094368
0.091296
0.093312
0.091840
0.090816
0.091712
0.090368
0.091840
0.091392
0.091616
0.090464
0.091680
0.091456
0.091840
0.090400
0.091520
0.092416
0.091200
0.093568
0.091616
0.090688
0.091488
0.090976
0.091520
0.090400
0.091008
0.090176
0.091328
0.091040
0.092256
0.090688
0.091264
0.090880
0.091552
0.090944
0.091648
0.090912
0.091072
0.090880
0.091424
0.090880
0.091360
0.090368
0.091616
0.090400
0.091552
0.090560
0.091040
0.090976
0.091904
0.090304
0.091104
0.090976
0.091968
0.090880
0.091456
0.090816
0.091488
0.091392
0.094816
0.090592
0.091520
0.090912
0.091296
0.090848
0.091424
0.090304
0.091328
0.091008
0.091392
0.090400
0.091488
0.091232
0.091712
0.090976
0.091168
0.090816
0.091296
0.101536
0.091712
0.090464
0.091104
0.090560
0.091552
0.091264
0.091680
0.090752
0.091232
0.092544
0.091808
0.090464
0.092128
0.091136
0.091488
0.090368
0.091648
0.090528
0.091104
0.096480
0.095008
0.094176
0.091808
0.090816
0.091840
0.090752
0.091648
0.090976
0.091616
0.090848
0.091456
0.090624
0.091360
0.090816
0.091360
0.090496
0.091264
0.090464
0.091456
0.090944
0.091552
0.090784
0.091392
0.091072
0.091808
0.091104
0.094944
0.090944
0.091904
0.091360
0.091872
0.090496
0.091680
0.091296
0.091936
0.090912
0.091584
0.093184
0.093568
0.091008
0.091424
0.091168
0.092032
0.091072
0.091680
0.090848
0.091584
0.090464
0.091552
0.091072
0.095008
0.090336
0.090976
0.090880
0.091584
0.090336
0.091104
0.090848
0.091424
0.090688
0.091712
0.090592
0.092704
0.090848
0.091456
0.090880
0.091264
0.090464
0.091488
0.091296
0.091936
0.090592
0.091264
0.091552
0.091616
0.090720
0.090976
0.091072
0.091136
0.094048
0.096000
0.090848
0.095072
0.092672
0.091808
0.090400
0.091392
0.092544
0.095136
0.093760
0.091552
0.090816
0.091136
0.090656
0.091200
0.090080
0.091488
0.091168
0.091648
0.090976
0.091776
0.090912
0.091616
0.090848
0.096064
0.092736
0.092096
0.090464
0.093568
0.090976
0.091776
0.090400
0.091232
0.090912
0.091744
0.090496
0.091360
0.090560
0.091264
0.090944
0.091776
0.090752
0.091264
0.090976
0.091616
0.090976
0.091712
0.090624
0.091552
0.093440
0.091488
0.090944
0.091488
0.090624
0.091136
0.090400
0.091520
0.090464
0.091488
0.090688
0.091616
0.090912
0.091552
0.091008
0.091456
0.090784
0.091264
0.090848
0.091520
0.091520
0.094080
0.090304
0.091232
0.090912
0.091616
0.090752
0.091360
0.090592
0.091520
0.091136
0.091520
0.090528
0.092768
0.093632
0.092224
0.091008
0.091552
0.090432
0.094080
0.090848
0.095680
0.092384
0.091424
0.091552
0.092032
0.090272
0.091488
0.092704
0.091232
0.090880
0.093664
0.090528
0.091040
0.090944
0.091744
0.091008
0.091424
0.090816
0.091520
0.091264
0.096480
0.090624
0.091520
0.094752
0.091392
0.090816
0.091776
0.090464
0.090912
0.090432
0.091200
0.091040
0.091360
0.090496
0.091968
0.090848
0.091456
0.090144
0.091008
0.091072
0.091328
0.090688
0.091648
0.091040
0.093504
0.090848
0.091488
0.091008
0.091424
0.107936
0.091776
0.091104
0.093600
0.090784
0.092864
0.091424
0.091680
0.091040
0.092128
0.091424
0.092160
0.090976
0.090976
0.091424
0.095936
0.093088
0.091328
0.091136
0.091712
0.091520
0.092032
0.095360
0.093568
0.091136
0.092768
0.095232
0.091104
0.090976
0.091904
0.091552
0.092064
0.093440
0.099584
0.096576
0.098368
0.094400
0.093472
0.106880
0.092320
0.094336
0.091904
0.091136
0.091872
0.096640
0.096320
0.096032
0.097952
0.095488
0.092704
0.091712
0.097024
0.091776
0.091712
0.091360
0.091232
0.090848
0.091680
0.091520
0.091872
0.090784
0.091200
0.091200
0.092160
0.090784
0.092384
0.091104
0.091712
0.090976
0.091744
0.091104
0.090880
0.094848
0.093536
0.106112
0.091648
0.090528
0.092096
0.090880
0.091360
0.094976
0.094368
0.091328
0.091776
0.090240
0.091488
0.090816
0.091328
0.091392
0.091328
0.090368
0.090880
0.090656
0.091424
0.090368
0.091360
0.090528
0.091040
0.090944
0.093504
0.094528
0.094336
0.090912
0.091648
0.090624
0.093728
0.094976
0.095232
0.091008
0.091296
0.090816
0.091488
0.090912
0.091808
0.090752
0.095840
0.090400
0.091008
0.091072
0.091712
0.091008
0.090880
0.091360
0.095392
0.092224
0.091712
0.093600
0.091200
0.091008
0.091904
0.090720
0.091072
0.090976
0.092128
0.090912
0.091136
0.090528
0.091008
0.091232
0.091616
0.090368
0.091232
0.090912
0.091520
0.090592
0.091840
0.093760
0.091040
0.091296
0.091648
0.095392
0.091328
0.090912
0.091648
0.091232
0.091040
0.090400
0.093120
0.091616
0.091200
0.090016
0.091392
0.091328
0.091488
0.090656
0.094400
0.090944
0.091424
0.090912
0.095328
0.091104
0.091808
0.091712
0.091872
0.091264
0.092128
0.090752
0.091680
0.091104
0.092160
0.090944
0.101184
0.093536
0.092128
0.091200
0.091232
0.091040
0.091104
0.090752
0.091424
0.090944
0.092768
0.094400
0.092000
0.090784
0.092896
0.090464
0.091136
0.091040
0.093984
0.090656
0.091360
0.091168
0.093504
0.090464
0.091808
0.090880
0.091648
0.093568
0.091648
0.090976
0.092032
0.090784
0.096704
0.090688
0.091680
0.090688
0.091552
0.090944
0.093248
0.091136
0.094400
0.095040
0.092160
0.091264
0.091872
0.091232
0.091424
0.090880
0.091936
0.090592
0.091232
0.097568
0.095584
0.095648
0.094016
0.090560
0.091648
0.091360
0.091680
0.090592
0.095936
0.090752
0.091328
0.090464
0.091264
0.090848
0.091136
0.091936
0.092576
0.094592
0.102048
0.093728
0.092640
0.095040
0.091712
0.090848
0.099520
0.091360
0.091680
0.090944
0.091744
0.103584
0.091680
0.090528
0.091360
0.090592
0.091328
0.091040
0.091040
0.090592
0.091616
0.090560
0.091008
0.090880
0.091136
0.090624
0.091360
0.090880
0.091168
0.090720
0.091744
0.091040
0.091552
0.090816
0.094944
0.090784
0.094592
0.093152
0.091072
0.091168
0.091456
0.090848
0.090848
0.090848
0.091680
0.091104
0.094528
0.091296
0.091104
0.091008
0.094944
0.090848
0.091552
0.091040
0.091552
0.090912
0.091616
0.090752
0.091328
0.091296
0.091488
0.090784
0.091488
0.090752
0.091200
0.090528
0.091552
0.090784
0.091392
0.090624
0.091552
0.091200
0.091456
0.091136
0.091200
0.090944
0.098464
0.093664
0.091744
0.090880
0.091744
0.090688
0.094080
0.094016
0.093536
0.090304
0.091648
0.090880
0.091168
0.090464
0.091776
0.091616
0.091200
0.090688
0.093120
0.090304
0.091904
0.090784
0.091200
0.090720
0.091488
0.090848
0.091744
0.090496
0.091200
0.090656
0.091712
0.091168
0.091520
0.090816
0.092096
0.091136
0.091200
0.090592
0.091136
0.091104
0.113152
0.095584
0.091488
0.090496
0.091488
0.090848
0.091200
0.092032
0.091328
0.090912
0.091520
0.090720
0.091424
0.093728
0.090880
0.095328
0.090336
0.091008
0.090432
0.093920
0.090784
0.093824
0.090560
0.091232
0.093952
0.091872
0.090848
0.091552
0.090528
0.091680
0.090496
0.091904
0.090848
0.091264
0.090560
0.094016
0.090528
0.095200
0.090464
0.091872
0.090592
0.091520
0.090464
0.096000
0.090560
0.091616
0.090336
0.091936
0.090688
0.091616
0.091040
0.092672
0.093536
0.092160
0.090528
0.091744
0.090464
0.091296
0.090592
0.091456
0.091040
0.091744
0.094688
0.091136
0.090624
0.091712
0.090528
0.091648
0.090560
0.090976
0.090464
0.091424
0.090528
0.090816
0.091136
0.093536
0.090592
0.091328
0.090688
0.091648
0.090784
0.094176
0.090496
0.091168
0.092768
0.091744
0.092640
0.093888
0.092800
0.092544
0.090848
0.091776
0.090592
0.096992
0.095168
0.094240
0.090848
0.091872
0.090528
0.092032
0.090816
0.091808
0.090560
0.091648
0.091072
0.091648
0.090656
0.091168
0.090624
0.091584
0.090976
0.091680
0.090592
0.091904
0.090560
0.091808
0.090464
0.090976
0.090816
0.091904
0.090880
0.091872
0.093600
0.094048
0.090848
0.091840
0.090688
0.091616
0.090848
0.091584
0.092576
0.092800
0.090400
0.091360
0.091008
0.091776
0.090368
0.091648
0.092608
0.091232
0.093216
0.091712
0.090944
0.091680
0.091104
0.091328
0.090912
0.091936
0.090592
0.091168
0.091072
0.092032
0.090304
0.091392
0.090848
0.092128
0.091168
0.091616
0.090304
0.091648
0.091936
0.093664
0.091648
0.091744
0.090848
0.095264
0.090720
0.091264
0.090304
0.091616
0.092192
0.096288
0.090496
0.091328
0.090784
0.094816
0.093664
0.093504
0.092800
0.091840
0.091008
0.091840
0.090336
0.091488
0.090816
0.091264
0.090688
0.092000
0.090624
0.091584
0.090784
0.092160
0.090752
0.094848
0.090912
0.094240
0.090656
0.091616
0.090560
0.092000
0.092096
0.091424
0.090496
0.091488
0.090560
0.091008
0.090432
0.091552
0.091552
0.092000
0.090688
0.091968
0.090560
0.091808
0.090816
0.091456
0.090528
0.091520
0.090624
0.091296
0.090720
0.091584
0.090688
0.095360
0.094880
0.092544
0.090944
0.092224
0.090624
0.091872
0.093472
0.092032
0.090432
0.091616
0.093376
0.092352
0.090912
0.091328
0.090432
0.091872
0.091232
0.095840
0.091104
0.100288
0.090848
0.091232
0.091104
0.091840
0.090528
0.091360
0.090720
0.091648
0.090464
0.091552
0.090880
0.091424
0.090432
0.091168
0.090400
0.091008
0.091072
0.091584
0.090464
0.095808
0.090592
0.094368
0.093920
0.091552
0.090912
0.091072
0.091424
0.091712
0.090368
0.091424
0.091040
0.092032
0.090496
0.091232
0.090432
0.094336
0.091072
0.091072
0.090560
0.091968
0.090688
0.091264
0.094560
0.091584
0.093248
0.097248
0.091424
0.094176
0.090592
0.091584
0.091232
0.091936
0.101888
0.091776
0.090752
0.091488
0.090656
0.091456
0.091008
0.092832
0.110880
0.093824
0.091040
0.092032
0.091296
0.095104
0.091680
0.092032
0.091136
0.095712
0.091072
0.092128
0.091648
0.092320
0.091008
0.093120
0.092544
0.096256
0.095040
0.092320
0.091296
0.091648
0.091360
0.101408
0.099424
0.092352
0.091520
0.093856
0.091264
0.095584
0.090816
0.092128
0.091232
0.091648
0.091232
0.095680
0.092704
0.091520
0.091200
0.091936
0.101984
0.094048
0.090656
0.102048
0.093920
0.091904
0.090528
0.091872
0.094240
0.091424
0.090688
0.092288
0.092832
0.091712
0.091936
0.092448
0.090624
0.091872
0.093344
0.091680
0.090912
0.091552
0.090400
0.091072
0.091200
0.093024
0.094784
0.096128
0.090560
0.091328
0.090752
0.091840
0.090656
0.099232
0.093760
0.092160
0.090560
0.091392
0.090752
0.091808
0.090656
0.091328
0.090560
0.096352
0.091360
0.091264
0.090592
0.091968
0.090624
0.091680
0.090656
0.091328
0.090432
0.096352
0.097344
0.094368
0.090400
0.091712
0.091008
0.091872
0.093440
0.091136
0.090432
0.094816
0.090848
0.091552
0.090560
0.091744
0.090624
0.091872
0.090336
0.091264
0.090528
0.092032
0.092832
0.091584
0.090880
0.092128
0.092608
0.091360
0.091776
0.091424
0.091712
0.092256
0.092128
0.108000
0.091904
0.095232
0.090912
0.091744
0.091104
0.091968
0.091360
0.092896
0.092224
0.091936
0.090592
0.091936
0.095296
0.091168
0.092512
0.094432
0.090688
0.092032
0.090784
0.091104
0.090784
0.091680
0.090656
0.091488
0.095328
0.092352
0.090656
0.094208
0.091136
0.091808
0.090752
0.091296
0.090624
0.091904
0.091104
0.091520
0.090432
0.092224
0.093568
0.091840
0.090912
0.091520
0.090592
0.091616
0.090336
0.091904
0.090400
0.093152
0.091008
0.091584
0.090720
0.091584
0.091680
0.092640
0.091840
0.093952
0.091296
0.092192
0.091008
0.091584
0.090912
0.091904
0.090592
0.092992
0.091488
0.091424
0.090240
0.091488
0.090752
0.091584
0.092256
0.091584
0.090976
0.091424
0.090176
0.091072
0.090720
0.091872
0.091232
0.091456
0.090848
0.095456
0.093440
0.092704
0.093952
0.091872
0.090464
0.091328
0.093696
0.091328
0.090784
0.091776
0.090592
0.091488
0.090400
0.091456
0.090784
0.097600
0.090560
0.091360
0.092256
0.094464
0.093888
0.093120
0.093248
0.091680
0.097056
0.091680
0.090752
0.091776
0.091104
0.091072
0.090336
0.091968
0.090752
0.091776
0.097056
0.092736
0.090560
0.091616
0.091072
0.091424
0.090112
0.091168
0.090880
0.091552
0.090496
0.091872
0.090464
0.091584
0.090816
0.091296
0.090272
0.091552
0.091072
0.094144
0.090528
0.091904
0.090560
0.091232
0.090976
0.094784
0.091200
0.092096
0.090720
0.090944
0.091104
0.091904
0.091104
0.091680
0.090784
0.091456
0.090784
0.091744
0.090656
0.091168
0.090944
0.094304
0.090688
0.091520
0.090464
0.091520
0.091744
0.091776
0.090528
0.091680
0.096352
0.091424
0.090560
0.091168
0.090432
0.091040
0.090272
0.095648
0.090464
0.094656
0.094656
0.092064
0.090944
0.091200
0.090784
0.092096
0.090560
0.092800
0.091008
0.092064
0.094688
0.091872
0.090336
0.091808
0.091104
0.091648
0.090240
0.092096
0.090592
0.091808
0.090816
0.092704
0.090720
0.091648
0.091072
0.092352
0.090464
0.091776
0.090816
0.091776
0.090592
0.097152
0.094336
0.092192
0.094176
0.091648
0.090784
0.091840
0.091456
0.092704
0.090784
0.091840
0.091904
0.093056
0.091456
0.091456
0.090752
0.091648
0.091680
0.094176
0.091520
0.091424
0.090528
0.091744
0.090624
0.095968
0.093248
0.096320
0.090560
0.094368
0.090976
0.091520
0.090848
0.091488
0.090912
0.093312
0.093088
0.091520
0.090592
0.091328
0.091264
0.091840
0.090528
0.091520
0.091232
0.091584
0.091072
0.091776
0.090560
0.091232
0.090880
0.092352
0.091104
0.091488
0.091232
0.092160
0.092928
0.095744
0.093600
0.091840
0.091040
0.091488
0.090912
0.091264
0.097408
0.091360
0.091552
0.091072
0.090880
0.090848
0.090560
0.091520
0.090752
0.091104
0.091360
0.091776
0.090688
0.091296
0.090592
0.091936
0.091488
0.091584
0.090656
0.094336
0.094176
0.094784
0.090848
0.091456
0.090496
0.096864
0.097440
0.092832
0.090816
0.091872
0.090560
0.091616
0.090336
0.091712
0.090880
0.094976
0.094816
0.091360
0.090720
0.094304
0.090560
0.092608
0.093088
0.092672
0.091360
0.093696
0.094528
0.091808
0.090720
0.091808
0.090880
0.091776
0.090624
0.091616
0.090656
0.095200
0.091296
0.091360
0.092768
0.094624
0.091168
0.091168
0.090880
0.092064
0.090688
0.091904
0.091104
0.091264
0.090592
0.091680
0.090880
0.092032
0.091072
0.091200
0.090400
0.092096
0.093984
0.094464
0.090944
0.094496
0.095264
0.091392
0.090304
0.091648
0.090464
0.091904
0.091104
0.091488
0.090944
0.091680
0.090656
0.091552
0.090720
0.091168
0.090656
0.091616
0.091136
0.095040
0.090400
0.091840
0.091040
0.091520
0.090688
0.091584
0.090624
0.091552
0.091040
0.091744
0.090368
0.091680
0.091424
0.091488
0.090752
0.091744
0.090464
0.091776
0.090880
0.091392
0.090688
0.092448
0.090944
0.091200
0.090912
0.096160
0.092064
0.096384
0.091808
0.091776
0.091264
0.092064
0.090976
0.095104
0.090656
0.091776
0.090880
0.092352
0.091392
0.092000
0.090912
0.091808
0.090400
0.091008
0.090880
0.091424
0.090752
0.091872
0.090624
0.091584
0.091200
0.091808
0.090912
0.091808
0.090944
0.091360
0.090560
0.091456
0.090752
0.091616
0.094912
0.096320
0.092896
0.091552
0.090464
0.091584
0.090368
0.091456
0.090944
0.091840
0.090432
0.091584
0.090592
0.092288
0.090816
0.090976
0.090784
0.091584
0.090720
0.091648
0.090816
0.092288
0.090944
0.091840
0.090560
0.091552
0.090592
0.091584
0.091168
0.091488
0.090336
0.091776
0.090912
0.091488
0.090400
0.091392
0.090528
0.091296
0.091008
0.091040
0.090592
0.091328
0.090976
0.091328
0.090432
0.091328
0.090720
0.092224
0.094592
0.094176
0.090528
0.091296
0.091200
0.091840
0.094720
0.091264
0.090848
0.092288
0.099264
0.091616
0.090464
0.091808
0.107808
0.095584
0.094720
0.091904
0.092064
0.095392
0.091232
0.095232
0.091296
0.091936
0.090624
0.092288
0.094688
0.091712
0.091008
0.092096
0.097920
0.091936
0.091104
0.091776
0.090880
0.091776
0.090752
0.095200
0.090848
0.094176
0.090752
0.091552
0.090784
0.096128
0.093792
0.091520
0.090752
0.091680
0.090816
0.091712
0.090624
0.091200
0.090784
0.091840
0.090656
0.091296
0.090720
0.092000
0.091040
0.091584
0.090400
0.091328
0.090816
0.091488
0.090304
0.092160
0.091328
0.091584
0.091808
0.094976
0.094368
0.094720
0.090624
0.091872
0.090784
0.091328
0.090432
0.091712
0.091040
0.091648
0.090880
0.091424
0.093472
0.091392
0.090752
0.091680
0.090368
0.091104
0.091008
0.091712
0.090656
0.091712
0.090528
0.092000
0.090720
0.091808
0.090784
0.091392
0.090656
0.091776
0.090688
0.091488
0.090688
0.091520
0.090496
0.091488
0.090208
0.091072
0.093056
0.091872
0.090528
0.091136
0.091808
0.092288
0.091296
0.091808
0.095232
0.096544
0.091328
0.092000
0.091072
0.092000
0.091616
0.091264
0.090880
0.091616
0.090720
0.093024
0.091200
0.092576
0.091904
0.092288
0.090528
0.091744
0.090240
0.091104
0.090528
0.091520
0.091072
0.091392
0.090592
0.091776
0.090720
0.091936
0.090656
0.091296
0.090656
0.091616
0.091008
0.091584
0.090496
0.091104
0.090720
0.095904
0.090720
0.096096
0.090400
0.091904
0.092640
0.091392
0.090656
0.091136
0.090912
0.091104
0.090560
0.091648
0.090432
0.091648
0.090848
0.091968
0.090464
0.091232
0.090816
0.091808
0.093344
0.091136
0.094496
0.091136
0.091040
0.091200
0.090304
0.091552
0.090656
0.091328
0.091072
0.091776
0.090464
0.091424
0.091072
0.091936
0.090464
0.091744
0.091104
0.091936
0.090592
0.091456
0.090592
0.091904
0.096736
0.094080
0.090720
0.096160
0.090848
0.091712
0.090528
0.091584
0.090432
0.091968
0.090880
0.091520
0.090400
0.091776
0.091296
0.091712
0.090624
0.091488
0.090304
0.094144
0.090880
0.091712
0.090400
0.091296
0.090912
0.091200
0.090656
0.091072
0.090464
0.091744
0.090752
0.092000
0.090624
0.091360
0.090944
0.091552
0.090848
0.091392
0.090688
0.091424
0.091104
0.091904
0.090688
0.091616
0.090688
0.092608
0.092256
0.093632
0.093504
0.091360
0.091872
0.091744
0.090752
0.091424
0.090816
0.092000
0.090432
0.091360
0.090752
0.091648
0.094080
0.094208
0.090400
0.091680
0.090816
0.095584
0.092576
0.091648
0.091104
0.091200
0.091424
0.091488
0.090464
0.091136
0.090528
0.091808
0.090624
0.091136
0.090304
0.091552
0.094464
0.091424
0.090272
0.091296
0.090912
0.091776
0.090336
0.091552
0.090528
0.091232
0.090400
0.096064
0.094784
0.091296
0.091520
0.091840
0.090784
0.093760
0.092448
0.091936
0.091072
0.095904
0.090432
0.091584
0.090656
0.091328
0.090496
0.091232
0.090912
0.091296
0.090688
0.091520
0.090464
0.091136
0.091072
0.092672
0.090368
0.092224
0.090912
0.092512
0.091328
0.098176
0.091104
0.092352
0.094624
0.092384
0.090976
0.092192
0.091328
0.092160
0.091296
0.094752
0.093184
0.092224
0.091168
0.091968
0.090528
0.091296
0.090944
0.091200
0.090816
0.091232
0.090848
0.091040
0.090368
0.091296
0.090528
0.090912
0.090240
0.091136
0.090784
0.091392
0.090496
0.090976
0.090752
0.091776
0.090144
0.091808
0.090656
0.091008
0.091136
0.091648
0.090592
0.091520
0.090880
0.094752
0.093728
0.091680
0.093120
0.090976
0.090848
0.094592
0.090400
0.091328
0.092928
0.092064
0.090784
0.091296
0.090752
0.091648
0.094304
0.091520
0.090496
0.091360
0.090592
0.091296
0.090624
0.091776
0.090432
0.091616
0.090560
0.091680
0.090400
0.091136
0.091040
0.092352
0.090624
0.091328
0.090400
0.091552
0.094720
0.099680
0.090720
0.090784
0.090624
0.091552
0.090560
0.091424
0.090368
0.091456
0.090496
0.093792
0.090528
0.093632
0.091328
0.091904
0.090496
0.091392
0.091200
0.092000
0.091232
0.096032
0.090848
0.092032
0.090496
0.091680
0.094176
0.094016
0.090496
0.091264
0.090560
0.091712
0.090656
0.091520
0.090208
0.091936
0.090432
0.091648
0.090304
0.091872
0.090752
0.091648
0.091072
0.095200
0.090560
0.091936
0.091104
0.092288
0.090848
0.092000
0.090976
0.092064
0.093312
0.091808
0.091168
0.091808
0.090944
0.091392
0.090720
0.094304
0.090816
0.095232
0.090848
0.091936
0.094560
0.093280
0.090848
0.096000
0.093600
0.094688
0.098880
0.091744
0.090528
0.091712
0.094688
0.092384
0.090560
0.091520
0.090496
0.097696
0.091744
0.091360
0.090752
0.091744
0.090688
0.091008
0.090432
0.091552
0.090464
0.091104
0.091136
0.091744
0.090400
0.091264
0.090784
0.091488
0.090400
0.091904
0.090944
0.095072
0.090656
0.091008
0.090816
0.091712
0.090912
0.093152
0.090368
0.091712
0.090720
0.091680
0.090784
0.092160
0.091680
0.091520
0.090592
0.092416
0.090400
0.091296
0.090976
0.092288
0.094144
0.094368
0.090240
0.096768
0.090976
0.091360
0.091008
0.091392
0.091648
0.091872
0.095552
0.092800
0.091008
0.092128
0.091072
0.091648
0.090656
0.091392
0.090656
0.092000
0.091040
0.091680
0.090464
0.091584
0.091008
0.091392
0.090592
0.099424
0.090784
0.091456
0.090624
0.091360
0.090528
0.091232
0.090976
0.091136
0.090656
0.091296
0.090624
0.092000
0.090944
0.091648
0.090688
0.092192
0.090816
0.093088
0.092416
0.091264
0.090720
0.091904
0.091136
0.093312
0.090720
0.091936
0.091104
0.091552
0.090848
0.091872
0.090816
0.091936
0.091360
0.094688
0.090240
0.091744
0.091104
0.091456
0.090624
0.091776
0.090752
0.091808
0.090432
0.091520
0.094240
0.093632
0.091200
0.091936
0.090496
0.091296
0.091072
0.092096
0.091040
0.091104
0.090304
0.091744
0.091104
0.091456
0.090304
0.091520
0.090400
0.091424
0.090688
0.099104
0.090752
0.092032
0.093280
0.094560
0.093216
0.091264
0.091616
0.091552
0.090784
0.091104
0.090528
0.091648
0.090848
0.090944
0.090720
0.091648
0.090976
0.091392
0.093152
0.092128
0.090496
0.091648
0.094112
0.091520
0.090688
0.091616
0.090560
0.092192
0.090432
0.091904
0.090656
0.091584
0.090784
0.091232
0.090848
0.091808
0.091232
0.091904
0.095648
0.096192
0.090400
0.093440
0.090816
0.091648
0.090432
0.091200
0.090656
0.092032
0.091136
0.091616
0.090976
0.094784
0.090976
0.091712
0.090720
0.091488
0.090848
0.094272
0.093504
0.092512
0.090656
0.091328
0.090944
0.091232
0.090048
0.091456
0.090496
0.095904
0.095008
0.093120
0.090464
0.091584
0.093984
0.091680
0.090784
0.091840
0.090816
0.091648
0.090976
0.091488
0.093536
0.091744
0.090464
0.091616
0.090944
0.091840
0.090464
0.091776
0.091072
0.091168
0.091232
0.094592
0.090976
0.091328
0.090528
0.092352
0.090464
0.091360
0.090816
0.091360
0.090688
0.091968
0.090336
0.091424
0.090720
0.096000
0.095040
0.094784
0.093600
0.092096
0.091584
0.092224
0.091488
0.091936
0.091776
0.091808
0.090528
0.093984
0.092416
0.091776
0.090912
0.094464
0.090560
0.091424
0.091072
0.091744
0.092288
0.093088
0.092640
0.093152
0.091872
0.092320
0.091072
0.091712
0.090464
0.091968
0.090752
0.096288
0.096032
0.093888
0.093408
0.091712
0.091072
0.091776
0.090528
0.091488
0.090752
0.091808
0.090560
0.091232
0.091072
0.091200
0.091328
0.091840
0.090976
0.091936
0.091488
0.091584
0.090880
0.091424
0.090400
0.092384
0.091136
0.110752
0.094976
0.095584
0.091680
0.091744
0.091136
0.091552
0.090944
0.091584
0.090784
0.091200
0.090880
0.091296
0.090624
0.091776
0.090784
0.091648
0.090944
0.091392
0.090752
0.091136
0.090592
0.091456
0.091680
0.092288
0.090464
0.091392
0.096864
0.091424
0.092832
0.094464
0.090304
0.091776
0.090944
0.091712
0.090624
0.092928
0.092896
0.091200
0.090848
0.091232
0.090432
0.091680
0.090528
0.094432
0.095072
0.092640
0.090976
0.092000
0.090592
0.093952
0.091328
0.092096
0.091296
0.094432
0.090464
0.092000
0.090880
0.095040
0.093024
0.092704
0.091776
0.091808
0.090784
0.091616
0.090880
0.091712
0.090880
0.093408
0.090528
0.091552
0.090528
0.091872
0.091072
0.091488
0.090848
0.091680
0.090304
0.091168
0.090688
0.091328
0.090304
0.091168
0.090848
0.094368
0.090976
0.091648
0.090656
0.091424
0.092672
0.091424
0.090848
0.094592
0.091296
0.091264
0.090496
0.091840
0.090688
0.091296
0.090336
0.091296
0.090368
0.091296
0.090816
0.091904
0.090624
0.092000
0.090816
0.091616
0.090656
0.091808
0.092640
0.110656
0.094112
0.091808
0.090400
0.092224
0.091552
0.091008
0.090560
0.091776
0.090592
0.091904
0.091072
0.091648
0.090176
0.092032
0.091648
0.091808
0.090624
0.091232
0.091200
0.091936
0.090656
0.091232
0.091072
0.092416
0.091552
0.091712
0.090816
0.093120
0.095136
0.092160
0.091424
0.091968
0.092832
0.091552
0.090848
0.092096
0.091072
0.096224
0.093984
0.092352
0.092128
0.091904
0.090528
0.091904
0.090976
0.091360
0.090880
0.091712
0.091232
0.091488
0.090752
0.091680
0.090272
0.091776
0.090976
0.092064
0.090368
0.091072
0.090624
0.091776
0.090880
0.091136
0.090432
0.091872
0.093440
0.091328
0.090912
0.091968
0.090368
0.091872
0.090912
0.091168
0.090240
0.091168
0.090976
0.092928
0.092928
0.091328
0.090368
0.091328
0.090944
0.091104
0.090528
0.091904
0.090752
0.091968
0.094592
0.091904
0.090528
0.092192
0.090816
0.091744
0.090656
0.091680
0.090976
0.091520
0.090784
0.091392
0.090560
0.091744
0.093376
0.093472
0.093120
0.091584
0.090880
0.091104
0.090560
0.093888
0.091200
0.091648
0.090720
0.091616
0.090528
0.091360
0.090368
0.091296
0.090592
0.091520
0.091072
0.092000
0.092832
0.093088
0.090720
0.092256
0.090880
0.091328
0.090336
0.094720
0.093856
0.094944
0.090912
0.091872
0.090464
0.091744
0.090656
0.093152
0.090624
0.093952
0.093344
0.094432
0.091232
0.093696
0.090496
0.092064
0.090720
0.091488
0.090752
0.091552
0.090464
0.091904
0.090560
0.091648
0.090528
0.091456
0.090912
0.092000
0.090656
0.091264
0.090592
0.092096
0.090720
0.092608
0.093536
0.094368
0.090624
0.091520
0.090112
0.091104
0.090304
0.091520
0.090752
0.091552
0.090688
0.091264
0.090784
0.095712
0.091040
0.092640
0.093440
0.092288
0.090944
0.091136
0.090528
0.092192
0.090848
0.091616
0.090528
0.091584
0.090560
0.091744
0.090688
0.091520
0.090880
0.091680
0.090400
0.091936
0.090944
0.091264
0.090816
0.091648
0.090688
0.092032
0.090752
0.092512
0.090944
0.091424
0.090560
0.091680
0.090528
0.092224
0.090976
0.091072
0.090432
0.091488
0.090592
0.091808
0.090816
0.091392
0.090560
0.091616
0.090592
0.091040
0.090432
0.092384
0.090976
0.091968
0.090784
0.091744
0.090848
0.094464
0.090752
0.094272
0.090624
0.093440
0.090656
0.092064
0.093056
0.092320
0.090784
0.092384
0.099424
0.092256
0.093472
0.092832
0.094272
0.094016
0.090752
0.091680
0.090752
0.094528
0.091296
0.094624
0.090368
0.091232
0.090720
0.091616
0.091872
0.091104
0.090304
0.091808
0.090816
0.091680
0.090688
0.091328
0.090752
0.091264
0.090656
0.091296
0.090560
0.092032
0.090880
0.091552
0.094112
0.091744
0.091104
0.095264
0.094336
0.093920
0.090560
0.091520
0.090816
0.091456
0.090656
0.091616
0.090560
0.090912
0.090624
0.091584
0.091008
0.091904
0.094304
0.091680
0.090688
0.092096
0.091104
0.094464
0.090464
0.091264
0.090624
0.091872
0.090528
0.091264
0.090848
0.092224
0.090624
0.091232
0.090816
0.091872
0.090528
0.092256
0.090784
0.091104
0.090624
0.091328
0.090112
0.091968
0.090208
0.091488
0.090304
0.092512
0.093120
0.094368
0.092352
0.092128
0.090592
0.091456
0.090528
0.091552
0.090592
0.091424
0.090752
0.091936
0.090656
0.091680
0.090592
0.091392
0.090432
0.091520
0.090272
0.091424
0.090592
0.091456
0.090688
0.091616
0.090720
0.091424
0.090688
0.091232
0.090336
0.118144
0.094208
0.096224
0.090624
0.091520
0.090944
0.092352
0.090592
0.091488
0.090272
0.091872
0.091040
0.091200
0.090624
0.091840
0.091296
0.091264
0.090816
0.091680
0.090592
0.091840
0.091072
0.091936
0.091040
0.091456
0.091200
0.091488
0.090496
0.091296
0.090112
0.091936
0.090720
0.091104
0.091008
0.091968
0.095168
0.093312
0.091200
0.091616
0.091136
0.093152
0.092928
0.091808
0.090688
0.094816
0.092768
0.092544
0.090624
0.091712
0.090720
0.091616
0.090688
0.094592
0.090624
0.092032
0.090720
0.091168
0.090688
0.092032
0.090752
0.094464
0.092576
0.094624
0.093408
0.097312
0.091168
0.092064
0.091104
0.092192
0.090432
0.092224
0.090720
0.092768
0.090912
0.091840
0.090656
0.094592
0.090592
0.092192
0.091232
0.093408
0.092192
0.092096
0.090496
0.091296
0.090464
0.091552
0.090720
0.093984
0.093024
0.092032
0.091072
0.091456
0.090624
0.091744
0.093088
0.091328
0.090400
0.091936
0.090784
0.091520
0.090944
0.091552
0.090560
0.091488
0.090912
0.094240
0.090656
0.091168
0.090304
0.092160
0.091264
0.091168
0.090112
0.094784
0.090464
0.093056
0.090176
0.091040
0.092928
0.091808
0.091136
0.091872
0.094240
0.091200
0.090656
0.091584
0.090272
0.091584
0.090688
0.091712
0.094432
0.091360
0.090240
0.095808
0.090624
0.091168
0.090400
0.091520
0.090592
0.091584
0.090880
0.091520
0.090496
0.091680
0.090496
0.094208
0.093760
0.093344
0.093984
0.092128
0.092896
0.091328
0.092768
0.091904
0.090464
0.091168
0.090816
0.091648
0.090528
0.091680
0.090720
0.094368
0.091296
0.091456
0.090816
0.091360
0.090560
0.091264
0.090656
0.091776
0.090592
0.091424
0.094368
0.095744
0.090496
0.091328
0.090464
0.091424
0.090720
0.091680
0.090816
0.091296
0.090656
0.094528
0.090592
0.091680
0.090496
0.091584
0.090656
0.091552
0.090976
0.091104
0.094624
0.091808
0.090656
0.091328
0.090528
0.090944
0.090432
0.091744
0.090944
0.091488
0.090624
0.091168
0.090688
0.091552
0.091264
0.091840
0.090624
0.092064
0.091712
0.091232
0.091360
0.092192
0.090944
0.090848
0.090592
0.091488
0.090560
0.091744
0.090944
0.091680
0.090560
0.091712
0.093408
0.091552
0.094976
0.091072
0.090656
0.091744
0.095392
0.094560
0.092320
0.091488
0.090592
0.091136
0.090176
0.091296
0.090304
0.091616
0.090688
0.091552
0.090496
0.091264
0.090912
0.094144
0.093888
0.091520
0.090432
0.091904
0.090784
0.091264
0.091136
0.091712
0.090816
0.091040
0.091040
0.091232
0.090592
0.091488
0.090944
0.091616
0.093216
0.091328
0.090816
0.096416
0.093792
0.091200
0.090688
0.091904
0.091584
0.091296
0.090656
0.091712
0.090656
0.091584
0.090624
0.091648
0.090784
0.094912
0.095168
0.091552
0.090944
0.091616
0.090496
0.091488
0.090720
0.091328
0.090560
0.091840
0.090752
0.091616
0.090848
0.094496
0.090912
0.094272
0.090752
0.091328
0.090688
0.092160
0.090944
0.092704
0.093408
0.091872
0.090272
0.091520
0.090304
0.091168
0.090720
0.091648
0.091136
0.091168
0.090560
0.091712
0.090624
0.091808
0.090592
0.091392
0.090560
0.091776
0.091808
0.091648
0.094880
0.093568
0.094528
0.091616
0.093472
0.091456
0.096768
0.091840
0.090432
0.091200
0.091168
0.095136
0.090464
0.091392
0.090528
0.091872
0.090944
0.092096
0.090816
0.091776
0.090752
0.091552
0.090368
0.091712
0.090624
0.091904
0.093888
0.091424
0.090368
0.091456
0.090720
0.091808
0.090560
0.091296
0.090784
0.091968
0.096736
0.091296
0.093440
0.092032
0.090880
0.091712
0.090752
0.095136
0.090752
0.091488
0.090816
0.095008
0.090848
0.091488
0.091008
0.091968
0.092096
0.091424
0.094240
0.091744
0.090624
0.091584
0.115872
0.091424
0.091040
0.093728
0.090688
0.092064
0.090432
0.091328
0.091840
0.092768
0.091168
0.091168
0.090816
0.091872
0.094880
0.095392
0.090624
0.091584
0.090848
0.091360
0.090464
0.091456
0.090752
0.091584
0.090752
0.091456
0.091008
0.095680
0.095072
0.094816
0.090816
0.091360
0.090656
0.091168
0.090304
0.091552
0.090816
0.091712
0.090976
0.094784
0.090784
0.091584
0.090688
0.091264
0.090720
0.093984
0.090656
0.091104
0.090624
0.092128
0.090752
0.091264
0.091040
0.091648
0.090272
0.091424
0.090848
0.091488
0.090784
0.091360
0.090496
0.091360
0.090656
0.091168
0.090496
0.091488
0.090560
0.090784
0.090592
0.091584
0.090496
0.090976
0.090496
0.091296
0.090304
0.091040
0.090336
0.091168
0.091072
0.091456
0.090720
0.095424
0.094368
0.092256
0.092768
0.095808
0.095680
0.095200
0.090976
0.092416
0.090688
0.091968
0.091232
0.091936
0.091008
0.091680
0.090944
0.091776
0.091232
0.092064
0.092480
0.095936
0.093920
0.091520
0.090944
0.091680
0.090304
0.091360
0.091200
0.095584
0.099232
0.094400
0.092096
0.091808
0.090368
0.091328
0.090368
0.091200
0.090944
0.092544
0.091104
0.091584
0.091136
0.091488
0.090432
0.091488
0.090848
0.091936
0.091072
0.091808
0.090240
0.091520
0.090592
0.091520
0.090464
0.091712
0.090752
0.097792
0.093600
0.092032
0.090944
0.091616
0.091392
0.091968
0.090912
0.092096
0.090656
0.091712
0.098112
0.094368
0.090464
0.091936
0.090688
0.091680
0.090336
0.091136
0.090464
0.098240
0.091072
0.091392
0.090464
0.095776
0.095040
0.094016
0.090400
0.091936
0.090624
0.091712
0.090688
0.091520
0.090784
0.091616
0.090656
0.091904
0.090272
0.091328
0.090592
0.259744
0.096192
0.095488
0.095584
0.092000
0.090976
0.091648
0.090784
0.092192
0.094560
0.091552
0.090464
0.095872
0.094880
0.095072
0.095200
0.092960
0.091168
0.091584
0.091360
0.091392
0.107168
0.092320
0.090752
0.094464
0.090464
0.091744
0.091936
0.093280
0.091200
0.093248
0.094048
0.091744
0.090560
0.092256
0.090464
0.091840
0.090688
0.091744
0.090752
0.091904
0.090592
0.091712
0.090656
0.091840
0.091264
0.091872
0.094816
0.091840
0.090912
0.091264
0.090400
0.094528
0.090592
0.091104
0.091392
0.093856
0.090400
0.093088
0.090912
0.091296
0.090592
0.091328
0.090528
0.091808
0.090400
0.091360
0.090400
0.091968
0.090944
0.093792
0.093536
0.091648
0.090656
0.091744
0.090816
0.091680
0.090752
0.092000
0.090688
0.091936
0.090560
0.091616
0.091168
0.091616
0.090368
0.091328
0.090272
0.092000
0.090432
0.090848
0.090176
0.091808
0.090528
0.091200
0.090080
0.091520
0.090752
0.091424
0.090496
0.094336
0.093216
0.092160
0.090496
0.095232
0.094016
0.091904
0.090496
0.092128
0.095552
0.091840
0.090944
0.092288
0.091008
0.091936
0.090560
0.092064
0.090848
0.092128
0.090912
0.091968
0.090848
0.091776
0.090080
0.091328
0.090592
0.091744
0.090720
0.091360
0.090688
0.091648
0.090848
0.091680
0.093344
0.091232
0.090720
0.092224
0.090912
0.091584
0.090656
0.091392
0.090816
0.095424
0.090592
0.091872
0.094528
0.091232
0.091744
0.091648
0.090752
0.091456
0.090656
0.092704
0.090848
0.091840
0.091008
0.091232
0.090592
0.091968
0.091136
0.091744
0.090496
0.094592
0.090592
0.095776
0.090368
0.091328
0.090656
0.094784
0.090752
0.091616
0.090368
0.094464
0.090848
0.091488
0.091616
0.095680
0.090464
0.091872
0.090912
0.092192
0.090560
0.091744
0.090816
0.091488
0.090496
0.091296
0.090784
0.091840
0.090816
0.091552
0.090688
0.092384
0.090816
0.091744
0.090368
0.092416
0.092192
0.119328
0.094464
0.091872
0.090432
0.091808
0.090560
0.091232
0.090528
0.091808
0.091104
0.093344
0.091680
0.091328
0.090944
0.091648
0.090336
0.090976
0.090816
0.091872
0.090400
0.092320
0.094432
0.091424
0.094400
0.091488
0.092352
0.091392
0.090400
0.091648
0.090656
0.092576
0.091584
0.091584
0.090592
0.091232
0.090368
0.091584
0.092192
0.095840
0.090688
0.092032
0.091936
0.091872
0.090848
0.091552
0.090720
0.091776
0.091072
0.091360
0.091008
0.092192
0.095200
0.091488
0.090368
0.091168
0.090208
0.091872
0.090464
0.091616
0.090400
0.091776
0.094016
0.095424
0.090560
0.091040
0.090560
0.094336
0.090752
0.091616
0.097216
0.102688
0.090368
0.091072
0.090816
0.091680
0.090720
0.091296
0.090912
0.091488
0.091200
0.091744
0.092672
0.091648
0.090432
0.091712
0.090528
0.091296
0.090176
0.091616
0.091936
0.091680
0.090688
0.094176
0.090656
0.091712
0.090816
0.091584
0.090336
0.091904
0.091264
0.091872
0.090240
0.091904
0.091232
0.091904
0.093280
0.092352
0.091232
0.092672
0.091296
0.091712
0.091200
0.091744
0.090976
0.091808
0.091008
0.093760
0.090784
0.092064
0.091584
0.092000
0.094144
0.093824
0.094688
0.091392
0.093504
0.091456
0.090368
0.091552
0.091168
0.091904
0.090976
0.091264
0.090880
0.092000
0.090464
0.091904
0.090944
0.091712
0.091392
0.091776
0.090784
0.091776
0.090432
0.091200
0.090560
0.091584
0.090752
0.091264
0.090976
0.091584
0.092256
0.090944
0.092480
0.091200
0.090400
0.091488
0.090208
0.091840
0.090976
0.091680
0.090592
0.091232
0.090688
0.091424
0.090528
0.091264
0.090624
0.091776
0.091328
0.094400
0.090656
0.093984
0.093312
0.095008
0.090848
0.091520
0.090880
0.091520
0.091072
0.091872
0.090368
0.091488
0.090784
0.091904
0.090432
0.091456
0.090880
0.091616
0.091232
0.091552
0.090912
0.091232
0.090624
0.091232
0.090816
0.091136
0.090624
0.091488
0.090720
0.091392
0.090720
0.091104
0.090720
0.091072
0.090272
0.091744
0.090368
0.091712
0.091776
0.095808
0.093472
0.091552
0.090304
0.091648
0.090176
0.091488
0.090720
0.094208
0.093440
0.091616
0.090336
0.091840
0.090752
0.091328
0.090592
0.091712
0.090528
0.091744
0.091264
0.091712
0.090848
0.091104
0.090496
0.091840
0.090560
0.091840
0.090432
0.091968
0.092576
0.091456
0.090464
0.091968
0.090304
0.091744
0.090464
0.091616
0.090624
0.091776
0.090976
0.094464
0.090400
0.091584
0.090560
0.091328
0.090752
0.096096
0.090880
0.094432
0.091360
0.091584
0.090272
0.101216
0.090432
0.091520
0.090400
0.091712
0.090592
0.091680
0.090848
0.095104
0.090592
0.091392
0.090784
0.091968
0.091264
0.094208
0.090912
0.091776
0.091072
0.091936
0.090432
0.091904
0.090752
0.091168
0.090368
0.091232
0.090720
0.091392
0.090816
0.095808
0.091296
0.091584
0.091040
0.091648
0.093408
0.091424
0.091232
0.091616
0.092416
0.093728
0.090720
0.092608
0.091456
0.091520
0.090912
0.091648
0.090944
0.096288
0.091136
0.092768
0.090880
0.091840
0.090752
0.092128
0.093088
0.096064
0.090880
0.092128
0.091200
0.095136
0.090944
0.091616
0.090592
0.091488
0.090688
0.090944
0.090336
0.091648
0.093184
0.092672
0.091008
0.091296
0.090464
0.091456
0.090176
0.091456
0.090304
0.091776
0.091392
0.091872
0.090592
0.091744
0.090432
0.091488
0.090816
0.091648
0.092576
0.092576
0.091296
0.092320
0.090784
0.091328
0.090624
0.091616
0.090336
0.091488
0.090432
0.091616
0.091264
0.094784
0.090944
0.091744
0.090880
0.091808
0.090400
0.091296
0.090336
0.091520
0.091488
0.091616
0.090272
0.091296
0.090560
0.091712
0.090496
0.091840
0.090400
0.093792
0.090624
0.092032
0.092704
0.091680
0.090816
0.091136
0.090336
0.092032
0.090528
0.091840
0.091168
0.091584
0.090560
0.091808
0.090688
0.091456
0.090688
0.093568
0.093408
0.091840
0.091296
0.094048
0.090432
0.091968
0.091104
0.091456
0.090400
0.091712
0.090464
0.091744
0.091168
0.092352
0.090624
0.091264
0.090624
0.091520
0.090784
0.090976
0.090240
0.091424
0.091008
0.094080
0.090688
0.091712
0.090656
0.091136
0.091008
0.091744
0.090336
0.091872
0.091136
0.092576
0.090880
0.091552
0.090464
0.091872
0.090912
0.092768
0.094592
0.094240
0.091584
0.091680
0.090496
0.091776
0.090272
0.091072
0.090304
0.091808
0.090560
0.091328
0.091360
0.094400
0.090624
0.091360
0.090464
0.091552
0.090464
0.091648
0.090528
0.091680
0.092576
0.091936
0.093760
0.091680
0.093216
0.093952
0.094304
0.095264
0.094528
0.097120
0.095168
0.096384
0.094304
0.098592
0.094656
0.095328
0.094912
0.094400
0.093504
0.107360
0.094528
0.094880
0.093856
0.095072
0.094016
0.094848
0.093856
0.095040
0.096416
0.098880
0.097312
0.094592
0.094944
0.097184
0.093024
0.094400
0.093856
0.094432
0.100704
0.094752
0.093408
0.096192
0.098016
0.094400
0.094304
0.099424
0.094816
0.095968
0.098816
0.095680
0.093984
0.095424
0.098784
0.094688
0.094016
0.094944
0.094720
0.096480
0.099296
0.095584
0.093504
0.096288
0.094144
0.095200
0.097856
0.095328
0.099360
0.099744
0.095392
0.094656
0.097024
0.096128
0.094144
0.094784
0.102336
0.095040
0.096896
0.099584
0.093568
0.095072
0.094304
0.094752
0.094176
0.094400
0.094304
0.095680
0.094880
0.095200
0.093824
0.094816
0.098272
0.098976
0.094176
0.099200
0.093984
0.100512
0.094912
0.096288
0.094496
0.095680
0.098592
0.094496
0.103264
0.096192
0.095040
0.098496
0.096672
0.095328
0.094400
0.095712
0.091648
0.092160
0.090944
0.093504
0.091712
0.091744
0.090400
0.091232
0.090880
0.091552
0.090720
0.091072
0.090912
0.093472
0.091808
0.095200
0.094592
0.093952
0.094240
0.091680
0.090368
0.093600
0.094112
0.095520
0.092448
0.091264
0.090752
0.091968
0.090912
0.091136
0.093664
0.095680
0.094592
0.092192
0.092032
0.091520
0.090432
0.092800
0.090720
0.091744
0.090304
0.092000
0.097312
0.092640
0.093760
0.091680
0.090784
0.091168
0.090880
0.091360
0.090784
0.091712
0.090464
0.092384
0.091680
0.091392
0.090592
0.094176
0.090880
0.091136
0.090752
0.094816
0.090912
0.104544
0.091296
0.091840
0.090880
0.091616
0.090400
0.091168
0.090912
0.091584
0.097888
0.093088
0.090368
0.091616
0.090464
0.091648
0.090304
0.091264
0.090880
0.092320
0.095328
0.092640
0.092608
0.091264
0.090656
0.091168
0.090208
0.091488
0.090784
0.091648
0.095744
0.092800
0.090688
0.091424
0.090432
0.095776
0.090624
0.091648
0.094912
0.091872
0.092128
0.092224
0.090496
0.091360
0.090720
0.091520
0.090432
0.091616
0.090688
0.091840
0.091776
0.094272
0.090880
0.091072
0.090304
0.091456
0.090368
0.091232
0.090912
0.091936
0.092704
0.092320
0.091520
0.092128
0.091488
0.091712
0.090688
0.092000
0.091008
0.095488
0.092480
0.092832
0.090656
0.091456
0.090976
0.092160
0.090880
0.091904
0.090848
0.096672
0.093920
0.092768
0.090816
0.093312
0.091808
0.091744
0.090304
0.091456
0.090816
0.091936
0.091040
0.091712
0.092192
0.093760
0.096352
0.092800
0.090464
0.091328
0.091360
0.092032
0.091008
0.092000
0.090368
0.091680
0.090752
0.091488
0.090432
0.091776
0.095616
0.091840
0.090752
0.092160
0.094272
0.097632
0.091296
0.091424
0.090656
0.094208
0.090496
0.091808
0.090912
0.091008
0.090976
0.091424
0.090656
0.091552
0.090912
0.091552
0.090976
0.091776
0.090880
0.091296
0.090240
0.091424
0.094784
0.091808
0.090944
0.094880
0.091008
0.092384
0.090912
0.095008
0.093760
0.091712
0.090976
0.091648
0.090432
0.091424
0.090816
0.091744
0.090752
0.091552
0.090368
0.091424
0.090368
0.091616
0.090208
0.090912
0.091072
0.093984
0.090848
0.091552
0.090432
0.091392
0.090720
0.091456
0.090368
0.091168
0.090784
0.099744
0.091456
0.091872
0.093376
0.091616
0.091040
0.095040
0.095040
0.094752
0.094560
0.091808
0.091392
0.091520
0.090368
0.091712
0.090912
0.091552
0.090368
0.091296
0.090880
0.093344
0.093664
0.092032
0.090720
0.092000
0.092576
0.091360
0.090752
0.091936
0.091296
0.092064
0.090880
0.091616
0.091040
0.092064
0.090624
0.093824
0.090880
0.091584
0.091232
0.091808
0.093472
0.091328
0.091072
0.091360
0.090432
0.091424
0.090912
0.093760
0.090528
0.091968
0.097600
0.093856
0.091136
0.092128
0.090528
0.094432
0.090752
0.091296
0.090752
0.095360
0.093152
0.094400
0.090304
0.090752
0.090752
0.091264
0.091456
0.091584
0.090784
0.092224
0.090944
0.091552
0.090272
0.091712
0.090624
0.091616
0.090336
0.091456
0.091008
921.154526
