0.638048
0.628352
0.624704
0.623616
0.624128
0.623744
0.625056
0.635872
0.624032
0.624128
0.626624
0.623712
0.624896
0.624544
0.624320
0.624032
0.625440
0.640320
0.631968
0.622752
0.630144
0.624576
0.623232
0.622880
0.624768
0.623712
0.624864
0.626816
0.625088
0.623872
0.623616
0.622976
0.622336
0.624160
0.624704
0.623392
0.623648
0.624192
0.628544
0.623104
0.622656
0.622304
0.624000
0.624928
0.629856
0.623200
0.622656
0.624736
0.621952
0.624352
0.622976
0.623968
0.623520
0.623584
0.623520
0.622752
0.624736
0.623424
0.625696
0.621888
0.624448
0.624000
0.624640
0.622976
0.620992
0.622848
0.623840
0.624416
0.622944
0.625792
0.622560
0.622720
0.625056
0.624864
0.625408
0.625920
0.625376
0.624672
0.624544
0.623168
0.623904
0.624384
0.623136
0.624672
0.624032
0.624096
0.624864
0.623712
0.625888
0.623136
0.625152
0.629920
0.623360
0.623936
0.623328
0.624384
0.622880
0.622944
0.624640
0.623648
0.623296
0.624032
0.623040
0.623328
0.622176
0.623296
0.624352
0.622304
0.624640
0.623808
0.623616
0.623008
0.622560
0.623744
0.622912
0.623840
0.623904
0.623680
0.627072
0.624480
0.623456
0.623392
0.624928
0.623072
0.627104
0.625824
0.624032
0.623328
0.624192
0.623200
0.623456
0.624224
0.624256
0.623424
0.623232
0.623488
0.623328
0.624832
0.624544
0.623712
0.624928
0.622944
0.622720
0.623040
0.622752
0.626144
0.623520
0.624416
0.623840
0.622528
0.624704
0.623744
0.625600
0.622400
0.623136
0.622304
0.623648
0.628576
0.632224
0.632960
0.631552
0.633984
0.632480
0.633792
0.634368
0.633472
0.629056
0.624608
0.625280
0.625472
0.624960
0.623296
0.625184
0.626624
0.628448
0.623264
0.626048
0.624544
0.625472
0.624160
0.622432
0.625152
0.624800
0.623840
0.633760
0.625184
0.623072
0.622656
0.622016
0.623200
0.624576
0.624160
0.624544
0.623968
0.625184
0.624352
0.623936
0.623136
0.623168
0.621632
0.625536
0.629472
0.632000
0.627488
0.625216
0.625536
0.624064
0.624992
0.623200
0.626016
0.636448
0.625184
0.624288
0.624160
0.624992
0.623040
0.622688
0.623648
0.623072
0.621888
0.622848
0.623488
0.624032
0.622400
0.623008
0.623616
0.621920
0.624352
0.625632
0.622400
0.624256
0.641248
0.626112
0.624640
0.624544
0.623616
0.623040
0.624000
0.623200
0.623808
0.622720
0.624352
0.622976
0.622464
0.624512
0.626752
0.625824
0.625504
0.625216
0.623072
0.624800
0.622336
0.624928
0.622912
0.622592
0.623680
0.621664
0.625856
0.623296
0.623136
0.622912
0.622432
0.627200
0.624384
0.624032
0.623456
0.622560
0.622304
0.623904
0.623328
0.623104
0.622688
0.623328
0.623840
0.623616
0.624064
0.623520
0.624480
0.625632
0.623904
0.622944
0.623296
0.625472
0.623648
0.622848
0.624832
0.623424
0.623328
0.622176
0.623584
0.624640
0.622912
0.622976
0.622592
0.631808
0.624320
0.623840
0.623520
0.624224
0.621408
0.624640
0.625216
0.623328
0.623296
0.622400
0.626016
0.624000
0.624384
0.624032
0.623520
0.622496
0.623392
0.624096
0.623296
0.622624
0.629280
0.634144
0.633856
0.633472
0.637376
0.635008
0.637952
0.637344
0.635872
0.649184
0.636864
0.636608
0.628576
0.625376
0.625952
0.623712
0.624256
0.621856
0.627616
0.624704
0.626432
0.624000
0.626048
0.622784
0.625152
0.622624
0.625120
0.623616
0.624576
0.623104
0.622016
0.623232
0.630144
0.637408
0.630880
0.631744
0.627232
0.624352
0.625248
0.622368
0.624160
0.623616
0.624512
0.636128
0.624128
0.623872
0.622944
0.624672
0.621760
0.623392
0.625024
0.625568
0.623296
0.623200
0.622720
0.623424
0.625312
0.623584
0.630976
0.624416
0.623072
0.626016
0.623168
0.623168
0.622624
0.623008
0.625696
0.624640
0.626016
0.622368
0.622912
0.622528
0.623904
0.627264
0.627616
0.628544
0.624864
0.622688
0.623936
0.623808
0.623392
0.623584
0.622304
0.631168
0.642848
0.633728
0.641856
0.632384
0.629760
0.629216
0.631616
0.633248
0.633600
0.633376
0.629632
0.629600
0.630624
0.632448
0.633216
0.642688
0.626752
0.626592
0.625504
0.625952
0.624000
0.625024
0.627552
0.625888
0.624544
0.624672
0.625376
0.623392
0.623104
0.626464
0.626176
0.623520
0.622720
0.623520
0.626208
0.623264
0.625536
0.624352
0.625216
0.623296
0.629440
0.626400
0.624384
0.624768
0.622816
0.624896
0.622944
0.624384
0.624576
0.622528
0.624992
0.621760
0.623296
0.623264
0.624640
0.623904
0.622080
0.623424
0.622656
0.624320
0.623456
0.623456
0.623456
0.625088
0.624608
0.621184
0.624032
0.623328
0.622688
0.624768
0.623872
0.623584
0.622496
0.624608
0.628800
0.636480
0.630976
0.633088
0.632480
0.633824
0.625696
0.623392
0.623808
0.623648
0.623456
0.625088
0.623584
0.624832
0.622848
0.624736
0.623040
0.623200
0.623936
0.624064
0.624832
0.624096
0.624448
0.622400
0.626592
0.625248
0.623808
0.624000
0.624096
0.622784
0.623584
0.623936
0.624320
0.623712
0.627232
0.622848
0.624288
0.624320
0.629440
0.623744
0.623072
0.622688
0.628960
0.627616
0.624096
0.622880
0.624224
0.622784
0.622560
0.624544
0.624160
0.624544
0.624704
0.622144
0.624384
0.622624
0.624960
0.622528
0.623424
0.627680
0.624384
0.623456
0.622560
0.623456
0.622336
0.626112
0.622240
0.623872
0.627072
0.635360
0.637632
0.635360
0.630688
0.641536
0.634400
0.631136
0.630816
0.635232
0.632608
0.632608
0.634464
0.646752
0.632064
0.634112
0.632192
0.628000
0.625824
0.623200
0.625248
0.623264
0.623744
0.623904
0.628128
0.622912
0.624448
0.623712
0.623264
0.623488
0.627744
0.623168
0.624992
0.624896
0.622272
0.626528
0.626112
0.622752
0.624352
0.623136
0.624704
0.623648
0.623360
0.623904
0.624992
0.625280
0.621856
0.623200
0.623232
0.624064
0.623712
0.622720
0.623456
0.621984
0.625760
0.622912
0.624672
0.621280
0.627904
0.625824
0.624288
0.624512
0.622496
0.623232
0.628160
0.622176
0.624864
0.623360
0.623616
0.622880
0.623168
0.623360
0.624512
0.625248
0.622496
0.628800
0.622368
0.627936
0.624608
0.622624
0.623392
0.627904
0.624768
0.624576
0.623168
0.622176
0.622976
0.626336
0.622528
0.627392
0.623584
0.621824
0.625216
0.624704
0.623328
0.626624
0.628416
0.627584
0.624704
0.623264
0.627424
0.623392
0.624288
0.626400
0.627360
0.626496
0.623008
0.627328
0.628480
0.637504
0.638784
0.638080
0.633792
0.636192
0.632896
0.627648
0.625344
0.623968
0.626176
0.623360
0.625216
0.626528
0.624928
0.624672
0.624096
0.626368
0.622816
0.624896
0.623552
0.625312
0.624224
0.625952
0.627872
0.627232
0.626240
0.634048
0.629984
0.625600
0.624768
0.623200
0.630176
0.632128
0.632288
0.628032
0.632192
0.627616
0.629856
0.626144
0.625856
0.626688
0.628160
0.628416
0.628288
0.630080
0.627456
0.628000
0.626528
0.627008
0.625280
0.627808
0.626016
0.626848
0.628544
0.626880
0.629856
0.627712
0.627680
0.625056
0.625888
0.629280
0.625056
0.626208
0.625792
0.627552
0.625536
0.624384
0.627232
0.626688
0.627232
0.625088
0.632544
0.625856
0.627072
0.631584
0.624992
0.625920
0.626048
0.628128
0.626464
0.630784
0.629088
0.628480
0.628480
0.626624
0.631040
0.627520
0.627648
0.627904
0.628032
0.626112
0.624224
0.627232
0.629312
0.626944
0.625504
0.630912
0.625248
0.626688
0.627040
0.630400
0.625248
0.628256
0.626336
0.624896
0.626944
0.629600
0.634400
0.627040
0.625312
0.626208
0.627296
0.628832
0.630208
0.626656
0.627424
0.629856
0.628064
0.629984
0.625888
0.629376
0.626176
0.625760
0.626720
0.627648
0.633728
0.632448
0.627296
0.628096
0.627008
0.625376
0.626848
0.627584
0.625696
0.625536
0.625568
0.624960
0.625472
0.625984
0.626144
0.626944
0.625696
0.629152
0.626464
0.630784
0.628032
0.626432
0.626944
0.626368
0.628288
0.627232
0.630080
0.626016
0.627040
0.625056
0.626400
0.627168
0.628608
0.630368
0.631296
0.625504
0.625152
0.626464
0.627456
0.627360
0.626208
0.629088
0.628512
0.626592
0.626688
0.627808
0.630464
0.626912
0.625664
0.625888
0.625952
0.629504
0.630048
0.627072
0.624832
0.629120
0.627296
0.627520
0.626560
0.627264
0.626752
0.629152
0.633056
0.630528
0.627776
0.626176
0.628352
0.630400
0.627552
0.627712
0.628704
0.630144
0.633984
0.626016
0.628768
0.628448
0.626464
0.623328
0.623712
0.623456
0.634048
0.633472
0.625312
0.626624
0.624000
0.633984
0.631392
0.626112
0.624704
0.624576
0.624448
0.622912
0.624768
0.624224
0.623296
0.624288
0.624288
0.623168
0.622112
0.623040
0.626336
0.624384
0.624192
0.623584
0.623648
0.622048
0.622912
0.623584
0.622560
0.623488
0.622752
0.624416
0.623552
0.622688
0.623328
0.623840
0.622688
0.623872
0.623968
0.623200
0.622976
0.627104
0.623936
0.622944
0.623968
0.625088
0.623552
0.625952
0.623904
0.624384
0.623840
0.625440
0.622656
0.622784
0.624576
0.624608
0.623200
0.621664
0.624384
0.623488
0.624128
0.623680
0.624832
0.622688
0.625120
0.623200
0.623072
0.623232
0.621728
0.623776
0.625344
0.625184
0.623840
0.623648
0.623488
0.622528
0.624768
0.623040
0.625280
0.622656
0.622208
0.623936
0.623552
0.625600
0.621888
0.623744
0.623104
0.623264
0.625024
0.621376
0.623584
0.623744
0.622080
0.624576
0.624096
0.624576
0.625792
0.627872
0.625920
0.623904
0.622208
0.624160
0.624416
0.624544
0.623008
0.623648
0.623520
0.624576
0.624320
0.624704
0.622688
0.623040
0.624160
0.623936
0.625024
0.624992
0.623264
0.623072
0.622976
0.624576
0.623904
0.623616
0.622560
0.623104
0.624192
0.629056
0.632800
0.627424
0.625760
0.625632
0.622496
0.624384
0.623360
0.624384
0.623104
0.625536
0.630656
0.628640
0.624160
0.624864
0.625888
0.624192
0.622976
0.623296
0.621888
625.683327
