0.635104
0.626112
0.625568
0.624768
0.624128
0.622496
0.624800
0.624096
0.623776
0.624800
0.623776
0.623616
0.626016
0.624512
0.624288
0.630784
0.633312
0.633408
0.627136
0.623648
0.624096
0.623392
0.624736
0.624928
0.624544
0.623520
0.623072
0.623840
0.623808
0.624896
0.623456
0.622752
0.623456
0.624096
0.627168
0.623744
0.624128
0.626240
0.622944
0.623616
0.624832
0.624672
0.629216
0.625248
0.624384
0.623648
0.622560
0.624864
0.625344
0.624608
0.625056
0.624288
0.624064
0.623040
0.623680
0.625344
0.623296
0.622752
0.624000
0.624736
0.624512
0.625152
0.622656
0.623840
0.628384
0.630144
0.640320
0.627968
0.625888
0.624800
0.625856
0.625536
0.623136
0.623200
0.623712
0.625344
0.625600
0.624608
0.625152
0.623264
0.624416
0.625952
0.624992
0.624160
0.627904
0.625984
0.629440
0.622976
0.622976
0.624160
0.628576
0.626016
0.622912
0.624800
0.625536
0.625056
0.624256
0.624768
0.626976
0.625440
0.625696
0.621696
0.623648
0.623008
0.624512
0.625024
0.623296
0.625952
0.623488
0.623520
0.633632
0.632128
0.626016
0.640032
0.625120
0.626304
0.624992
0.622432
0.626336
0.633248
0.629056
0.626944
0.624608
0.624032
0.624352
0.625312
0.629760
0.628736
0.623744
0.624896
0.623744
0.623744
0.626688
0.631104
0.624480
0.623328
0.623584
0.622752
0.625504
0.628416
0.623648
0.624160
0.622016
0.624192
0.624160
0.623776
0.623712
0.622400
0.630528
0.623872
0.626912
0.630272
0.624896
0.624000
0.625024
0.625728
0.629376
0.632576
0.630496
0.632128
0.631552
0.634912
0.627616
0.623456
0.623680
0.622944
0.623168
0.626432
0.624000
0.623648
0.625824
0.627680
0.623680
0.627392
0.627168
0.624704
0.624192
0.625024
0.623552
0.622880
0.622688
0.623488
0.629472
0.623008
0.623936
0.624864
0.623872
0.624352
0.630208
0.623584
0.624096
0.623616
0.622720
0.626048
0.627584
0.631104
0.630080
0.622720
0.623584
0.626944
0.626912
0.625152
0.623424
0.626144
0.629120
0.624352
0.623552
0.623392
0.626624
0.625280
0.626976
0.628832
0.624704
0.621440
0.623840
0.623488
0.625760
0.628352
0.624352
0.623616
0.623456
0.623136
0.628192
0.633088
0.629536
0.626464
0.631072
0.624480
0.623424
0.623968
0.623904
0.623808
0.628320
0.624192
0.627072
0.622976
0.622304
0.624096
0.623168
0.623200
0.626880
0.627552
0.622880
0.626912
0.623648
0.622816
0.625376
0.623712
0.628288
0.622720
0.622816
0.623840
0.624544
0.624416
0.623872
0.623456
0.623680
0.623712
0.631232
0.624000
0.622752
0.623488
0.628224
0.625248
0.626720
0.625184
0.626304
0.624704
0.622816
0.624448
0.623072
0.623584
0.630400
0.624192
0.623776
0.623232
0.623744
0.622688
0.624832
0.627712
0.624288
0.625056
0.623584
0.624576
0.623104
0.624192
0.626944
0.628768
0.628512
0.623712
0.624480
0.624192
0.624896
0.622112
0.624064
0.625056
0.625056
0.624960
0.625088
0.623424
0.624896
0.623264
0.622176
0.623488
0.624288
0.624576
0.623328
0.625280
0.626176
0.627232
0.625824
0.624416
0.625216
0.623264
0.624000
0.624832
0.625984
0.623616
0.622912
0.623968
0.623424
0.624896
0.625376
0.622080
0.623392
0.622688
0.623872
0.625920
0.623264
0.623872
0.623520
0.624192
0.632704
0.633088
0.630944
0.631456
0.637024
0.633952
0.637216
0.634368
0.637408
0.635904
0.646240
0.638528
0.643488
0.638656
0.639328
0.638336
0.642144
0.632864
0.633760
0.634208
0.633696
0.635328
0.633056
0.632160
0.632512
0.633952
0.631008
0.625824
0.626336
0.624288
0.625088
0.625376
0.623072
0.624576
0.623808
0.624480
0.624480
0.624640
0.623328
0.623232
0.623264
0.624192
0.640128
0.633152
0.625696
0.626976
0.627840
0.629344
0.627968
0.629888
0.623744
0.624352
0.623200
0.622784
0.625280
0.624096
0.630272
0.636480
0.640352
0.650784
0.635712
0.630752
0.632320
0.631520
0.630624
0.629216
0.631456
0.631776
0.634624
0.629760
0.626592
0.624128
0.624672
0.625408
0.623232
0.624736
0.625120
0.624544
0.625056
0.625568
0.623040
0.624640
0.622880
0.622720
0.625536
0.623008
0.625152
0.623264
0.623584
0.624064
0.623872
0.623424
0.625184
0.624704
0.622720
0.626112
0.625152
0.623808
0.623104
0.625664
0.623936
0.623488
0.622656
0.623200
0.622944
0.625056
0.624896
0.624224
0.623904
0.623808
0.624160
0.625408
0.624256
0.626592
0.624128
0.622688
0.624672
0.624320
0.623648
0.622816
0.624416
0.625824
0.626944
0.623744
0.623360
0.625024
0.622624
0.623296
0.623616
0.623008
0.623296
0.622976
0.623712
0.624800
0.624544
0.623328
0.622496
0.624192
0.628576
0.644704
0.631872
0.632192
0.632960
0.637376
0.627648
0.624832
0.623552
0.629440
0.622912
0.623712
0.625856
0.623616
0.624064
0.623520
0.624000
0.623456
0.624672
0.623200
0.623776
0.623648
0.623328
0.625440
0.629984
0.626784
0.623936
0.624736
0.624704
0.622496
0.625792
0.623264
0.624000
0.624128
0.622464
0.624480
0.626368
0.624032
0.623968
0.624224
0.623488
0.624480
0.622176
0.625184
0.625344
0.624640
0.625248
0.624448
0.623008
0.624928
0.624256
0.624192
0.624000
0.623904
0.623840
0.626336
0.622624
0.624128
0.624352
0.621888
0.624128
0.622848
0.624224
0.624224
0.622304
0.624640
0.626656
0.629152
0.643232
0.628896
0.627200
0.630816
0.630464
0.631200
0.632736
0.642752
0.631488
0.631744
0.631072
0.633952
0.634688
0.626112
0.625440
0.628928
0.623712
0.624608
0.623552
0.623296
0.624320
0.624544
0.623776
0.624032
0.622784
0.622624
0.624288
0.623808
0.624256
0.624768
0.623488
0.628320
0.624704
0.624672
0.624448
0.624128
0.623840
0.625344
0.623680
0.624544
0.629248
0.624352
0.622848
0.623744
0.623424
0.626112
0.624704
0.623936
0.624032
0.624704
0.623424
0.623328
0.623584
0.623776
0.624704
0.625312
0.628928
0.624928
0.623808
0.623680
0.623488
0.622784
0.625088
0.623616
0.623296
0.623744
0.623488
0.623744
0.623648
0.626784
0.624480
0.624032
0.623936
0.623168
0.624800
0.623296
0.624448
0.627136
0.624480
0.623712
0.624576
0.623104
0.623840
0.624480
0.622912
0.623424
0.622688
0.624480
0.624960
0.625856
0.623072
0.623392
0.623360
0.625024
0.624704
0.623776
0.628128
0.628608
0.640544
0.634912
0.631968
0.629024
0.626848
0.625536
0.626624
0.629856
0.628160
0.626400
0.629600
0.634304
0.634048
0.632928
0.631744
0.630944
0.640800
0.630880
0.627744
0.625376
0.627808
0.628000
0.627200
0.627232
0.627008
0.626048
0.627904
0.630432
0.628224
0.625760
0.625728
0.625792
0.625376
0.626016
0.625472
0.625408
0.626784
0.631008
0.627360
0.625504
0.626336
0.626976
0.629184
0.627040
0.628032
0.626688
0.626912
0.627328
0.627680
0.628192
0.626336
0.625760
0.628672
0.628032
0.626336
0.625600
0.625632
0.624960
0.626144
0.629536
0.628192
0.626080
0.625216
0.624288
0.624096
0.624608
0.626848
0.624320
0.625824
0.625664
0.624864
0.624256
0.623168
0.627424
0.624224
0.624256
0.625344
0.622848
0.624288
0.624288
0.621536
0.623616
0.622592
0.623520
0.625728
0.626944
0.624992
0.627712
0.624640
0.622720
0.626080
0.624864
0.623552
0.624032
0.626912
0.624416
0.622784
0.626048
0.622304
0.624992
0.624352
0.624928
0.624032
0.624256
0.623360
0.622816
0.626080
0.623168
0.623072
0.623904
0.623648
0.624224
0.623968
0.624640
0.623648
0.627936
0.624480
0.624224
0.624032
0.623104
0.624032
0.624960
0.625184
0.624640
0.625280
0.623328
0.623200
0.624608
0.622880
0.623936
0.623488
0.624128
0.624992
0.623904
0.623584
0.625024
0.628640
0.634144
0.630560
0.624640
0.623456
0.623104
0.622528
0.623872
0.622880
0.624288
0.623488
0.624032
0.625280
0.623936
0.623808
0.623808
0.642080
0.622624
0.624672
0.625760
0.622496
0.623968
0.624128
0.623712
0.623968
0.623584
0.624160
0.625088
0.624096
0.623776
0.624448
0.621856
0.624672
0.624256
0.633184
0.624960
0.624096
0.622592
0.628512
0.624352
0.624512
0.625056
0.623616
0.624096
0.625312
0.622784
0.626336
0.624000
0.624064
0.623936
0.623488
0.624000
0.624416
0.624960
0.624352
0.623616
0.623648
0.623264
0.629344
0.626784
0.624672
0.623520
0.626080
0.622912
0.623200
0.623904
0.624576
0.624384
0.624128
0.622912
0.625344
0.624640
0.622080
0.624192
0.623232
0.623840
0.623488
0.623456
0.622624
0.625952
0.627776
0.624928
0.624576
0.623712
0.625376
0.623424
0.623552
0.623488
0.624608
0.624960
0.628512
0.623904
0.622400
0.624960
0.632768
0.624064
0.624992
0.627520
0.624160
0.623744
0.624416
0.624896
0.622688
0.624832
0.623552
0.626080
0.623136
0.622624
0.623680
0.624544
0.623808
0.623648
0.623168
0.623392
0.624288
0.624672
0.625216
0.624640
0.621728
0.622496
0.623872
0.625888
0.624224
0.626784
0.622336
0.623360
0.624960
0.622912
0.625312
0.625376
0.624800
0.622176
0.623104
0.623168
0.624192
0.622624
0.621184
0.624128
0.623232
0.625312
0.622880
0.622272
0.624512
0.623296
0.624032
0.623680
0.623104
0.623904
0.623392
0.624608
0.625088
0.624992
0.623456
0.625472
0.623616
0.623680
0.623072
0.623232
0.624256
0.622208
0.624384
0.623392
0.623776
0.623104
0.627808
0.624640
0.624000
0.623296
0.623168
0.624448
0.623040
0.628224
0.624032
0.625184
0.623616
0.630240
0.624480
0.623360
0.623072
0.624768
0.626752
0.624704
0.622784
0.625728
0.631680
0.628576
0.624960
0.624928
0.624000
0.624768
0.625856
0.623104
0.624000
0.622816
0.623936
0.623264
0.628288
0.630880
0.625440
0.624256
0.626784
0.624672
0.624064
0.623872
0.624544
0.624480
0.624800
0.622688
0.622784
0.622368
0.624928
0.624288
0.623872
0.623008
0.623680
0.623520
0.628064
0.627680
0.623360
0.622144
0.622720
0.625184
0.624640
0.623712
0.624544
0.622176
0.624000
0.627808
625.618336
