0.706144
0.692448
0.692800
0.701472
0.695200
0.691520
0.691904
0.691904
0.698272
0.693056
1.575040
0.701952
0.701312
0.702496
0.697248
0.697632
0.692800
0.693280
0.692512
0.693408
0.692256
0.693184
0.692480
0.694176
0.693120
0.692960
0.695904
0.693248
0.692736
0.692128
0.696480
0.694080
0.692192
0.696416
0.696512
0.692928
0.692256
0.692800
0.697056
0.691552
0.694816
0.697536
0.697312
0.695296
0.695680
0.693248
0.692576
0.692928
0.691904
0.692608
0.693920
0.691296
0.693120
0.691456
0.697536
0.692672
0.692864
0.696928
0.694944
0.690816
0.691936
0.693760
0.694592
0.692800
0.692192
0.691936
0.692608
0.708960
0.693792
0.692064
0.708896
0.692448
0.693728
0.686144
0.685792
0.684160
0.685056
0.689120
0.691232
0.686944
0.686176
0.685408
0.685440
0.687136
0.683936
0.684576
0.684992
0.685760
0.683360
0.683776
0.686112
0.684608
0.684128
0.684256
0.685152
0.685088
0.683840
0.683456
0.684128
0.684192
0.684480
0.685728
0.683872
0.689120
0.685152
0.685184
0.684768
0.686336
0.685984
0.685728
0.684928
0.683328
0.687712
0.688768
0.687680
0.685824
0.685184
0.684384
0.683520
0.683648
0.684128
0.683712
0.685120
0.682432
0.685536
0.683744
0.685440
0.685184
0.701088
0.684512
0.682720
0.684640
0.684128
0.685184
0.683712
0.684160
0.686624
0.687264
0.687200
0.685280
0.684640
0.684416
0.684992
0.685472
0.684352
0.685280
0.688128
0.685472
0.683680
0.683136
0.685504
0.686176
0.683680
0.682624
0.685504
0.683488
0.684032
0.685216
0.683424
0.683360
0.685024
0.683744
0.683488
0.682720
0.684352
0.684864
0.684032
0.684960
0.684320
0.682912
0.684576
0.683552
0.683616
0.683872
0.685184
0.683072
0.683712
0.684800
0.683008
0.683776
0.683776
1.407232
0.696416
0.693120
0.688928
0.684672
0.684576
0.685216
0.684032
0.683136
0.685024
0.684384
0.684352
0.685280
0.685344
0.684896
0.681824
0.684416
0.696256
0.685280
0.685088
0.683168
0.684576
0.683360
0.683776
0.684384
0.684320
0.684544
0.685984
0.684992
0.683040
0.684352
0.684800
0.683680
0.684320
0.689952
0.683168
0.682624
0.684544
0.682880
0.683552
0.685824
0.688736
0.683328
0.684736
0.683872
0.683776
0.683616
0.683040
0.684288
0.684384
0.685376
0.684288
0.684800
0.682912
0.682336
0.685280
0.683072
0.684416
0.691488
0.684096
0.689024
0.683296
0.688704
0.683424
0.682336
0.685056
0.684736
0.682784
0.684832
0.684160
0.682912
0.708960
0.685856
0.685216
0.684352
0.686176
1.974208
0.700096
0.703264
0.696896
0.698240
0.699168
0.698624
0.699936
0.697184
0.693280
0.688608
0.692512
0.690912
0.690560
0.693888
0.692768
0.696512
0.688800
0.685376
0.684000
0.687712
0.688832
0.684992
0.683392
0.684032
0.685600
0.688992
0.682880
0.683712
0.683680
0.683584
0.684384
0.688128
0.685792
0.684416
0.687712
0.690080
0.690656
0.680640
0.649952
0.635744
0.631424
0.633792
0.630880
0.634400
0.635104
0.630336
0.629440
0.630080
0.632672
0.630848
0.628896
0.632096
0.631392
0.634048
0.630848
0.630272
0.631104
0.628576
0.629760
0.629216
0.634400
0.637664
0.633440
0.630464
0.629952
0.632480
0.644736
0.659456
0.635104
0.638592
0.639424
0.631328
0.630208
0.630720
0.631520
0.636288
0.635328
0.629888
0.629600
0.630976
0.631808
0.636512
0.636352
0.632416
0.629824
0.630304
0.631072
0.632576
0.630144
0.629472
0.634304
0.631072
0.631872
0.630720
0.632480
0.631008
0.630368
0.629952
0.630208
0.631104
0.630848
0.629408
0.629824
0.631040
0.629920
0.629056
0.629472
0.638464
0.630912
0.630528
0.629728
0.633280
0.629088
0.631296
0.629600
0.632160
0.630560
0.630080
0.631808
0.629280
0.629888
0.628928
0.632256
0.629120
0.631584
0.630208
0.632320
0.630432
0.629344
0.632672
0.628768
0.629984
0.631552
0.630528
0.630880
0.628832
0.630816
0.630464
0.632576
0.630688
0.631296
0.629376
0.637376
0.631040
0.631104
0.629952
0.632384
0.631232
0.629824
0.630784
0.634496
0.638336
0.632192
0.633344
0.629600
0.632288
0.632576
0.630240
0.630432
0.631392
0.629696
0.631744
0.628768
0.631360
0.636416
0.633280
0.629664
0.638112
0.632896
0.628832
0.631776
0.630784
0.633376
0.630784
0.631296
0.634368
0.629408
0.628832
0.631456
0.629568
0.633248
0.631104
0.630240
0.631072
0.631552
0.628896
0.629472
0.628192
0.630944
0.632512
0.631040
0.629760
0.629088
0.630592
0.629024
0.630144
0.627072
0.624352
0.623296
0.630624
0.628448
0.624032
0.624288
0.624096
0.638848
0.624768
0.623008
0.624064
0.625312
0.623744
0.622784
0.623424
0.622976
0.623712
0.623584
0.622976
0.624448
0.622720
0.623456
0.623648
0.624768
0.624096
0.622560
0.622720
0.624096
0.623872
0.625024
0.625760
0.624160
0.625248
0.625056
0.622816
0.624896
0.623968
0.622816
0.623232
0.623808
0.624352
0.628992
0.621888
0.621024
0.623328
0.626752
0.623584
0.622880
0.623392
0.623136
0.623904
0.631904
0.636064
0.639296
0.631072
0.627104
0.631904
0.627488
0.628736
0.643040
0.629728
0.632768
0.633728
0.632896
0.626464
0.624320
0.624608
0.624000
0.623360
0.623872
0.624384
0.623904
0.622624
0.623616
0.628576
0.630496
0.625056
0.625728
0.625728
0.624512
0.622304
0.639648
0.624000
0.624704
0.623200
0.624256
0.623648
0.629216
0.622752
0.624576
0.623808
0.622656
0.623040
0.622592
0.624736
0.624832
0.623584
0.627520
0.622752
0.626816
0.626464
0.627904
0.628288
0.631840
0.631680
0.629312
0.626080
0.626528
0.631776
0.630912
0.630528
0.630400
0.628768
0.630528
0.626816
0.628512
0.629056
0.628896
0.627488
0.627392
0.626656
0.630176
0.627936
0.631008
0.627520
0.635616
0.627680
0.627552
0.627552
0.626656
0.624928
0.627008
0.627072
0.627904
0.626400
0.627104
0.632800
0.626432
0.627168
0.630528
0.628000
0.626368
0.624928
0.626144
0.627456
0.633184
0.628640
0.630432
0.626784
0.626848
0.626848
0.626016
0.626560
0.627968
0.626208
0.626240
0.628512
0.627616
0.625376
0.627776
0.627776
0.626816
0.625792
0.626144
0.625312
0.626944
0.626368
0.625472
0.627680
0.626432
0.627712
0.626176
0.625472
0.625824
0.627744
0.625920
0.626848
0.626592
0.626048
0.627744
0.623712
0.626336
0.625568
0.627136
0.627840
0.625504
0.639744
0.634080
0.636192
0.633504
0.627520
0.631424
0.627648
0.625920
0.626464
0.626976
0.625920
0.628000
0.631200
0.627328
0.628480
0.626368
0.628096
0.630400
0.629472
0.623872
0.625632
0.625728
0.625856
0.627168
0.626624
0.624992
0.627136
0.631264
0.630080
0.625728
0.626688
0.627104
0.625312
0.625792
0.626336
0.626592
0.625920
0.626208
0.624928
0.631104
0.625440
0.627296
0.627168
0.625216
0.626592
0.626432
0.626112
0.628544
0.626176
0.625760
0.625280
0.624992
0.627104
0.633504
0.630272
0.626528
0.625280
0.626176
0.627040
0.628160
0.625056
0.627584
0.626336
0.625536
0.631168
0.626560
0.631968
0.624736
0.626752
0.625536
0.630240
0.626656
0.627328
0.627680
0.626784
0.625568
0.622112
0.624256
0.626976
0.627584
0.625376
0.625408
0.627040
0.624704
0.623200
0.623744
0.624544
0.627680
0.633696
0.629248
0.626592
0.623968
0.623360
0.623360
0.623776
0.623200
0.622720
0.623392
0.626816
0.624992
0.623648
0.631584
0.626336
0.623808
0.621728
0.625024
0.623456
0.624000
0.622816
0.624064
0.624000
0.625760
0.625632
0.623680
0.624576
0.621216
0.624992
0.624128
0.624224
0.623488
0.621760
0.625472
0.622720
0.622496
0.624128
0.624992
0.622976
0.624640
0.628448
0.623200
0.623840
0.623104
0.623104
0.623808
0.623808
0.625216
0.626432
0.623456
0.623104
0.623872
0.624128
0.623648
0.623520
0.622912
0.625440
0.629536
0.624256
0.621856
0.622944
0.623968
0.623616
0.622400
0.622912
0.629216
0.626656
0.626848
0.628576
0.633408
0.635712
0.634144
0.630368
0.627680
0.626400
0.629472
0.628928
0.628000
0.624544
0.626112
0.627808
0.626880
0.625984
0.626720
0.628512
0.628480
0.629280
0.630208
0.634528
0.627328
0.627200
0.623648
0.624544
0.626112
0.632576
0.626112
0.623424
0.626880
0.629568
0.625888
0.623744
0.625568
0.627072
0.626656
0.626016
0.624320
0.623520
0.623072
0.623680
0.624704
0.624000
0.622848
0.624320
0.627872
0.624576
0.624128
0.622976
0.624096
0.623616
0.625696
0.626400
0.624864
0.623872
0.627168
0.627296
0.624416
0.625216
0.623648
0.623936
0.624128
0.623936
0.624320
0.626400
0.632672
0.626496
0.626912
0.624064
0.624000
0.623584
0.624992
0.627776
0.626432
0.626688
0.624768
0.624896
0.628288
0.625312
0.624384
0.625728
0.624160
0.623840
0.624928
0.626944
0.624768
0.625248
0.622592
0.623680
0.624480
0.622592
0.623648
0.624544
0.624288
0.623136
0.623008
0.622080
0.623360
0.624992
0.623840
0.623840
0.622208
0.623776
0.622848
0.624288
0.623456
0.623168
0.626688
0.625152
0.624160
0.622368
0.622912
0.624576
0.623712
0.623648
0.623456
0.623680
0.623136
0.623136
0.621568
0.623744
0.623744
0.623648
0.623552
0.623200
0.623552
0.623712
0.626240
0.620768
0.626208
0.623200
0.624032
0.623136
0.623168
0.622528
0.622368
0.624320
0.623264
0.624160
0.622816
0.623200
0.624352
0.621856
0.623360
0.623296
0.623520
0.623584
0.624032
0.623712
0.622976
0.627072
0.634208
0.632768
0.631680
0.632640
0.639808
0.635744
0.632288
0.627232
0.628800
0.631136
0.630784
0.629312
0.630912
0.630496
0.633504
0.629920
0.631744
0.630496
0.632384
0.627296
0.626848
0.625728
0.626304
0.625888
0.625216
0.626496
0.625984
0.625696
0.628320
0.625504
0.626912
0.625664
0.625152
0.627296
0.627040
0.625376
0.626848
0.624256
0.627776
0.624672
0.624960
0.627168
0.629376
0.624128
0.626848
0.627616
0.627040
0.626784
0.624096
0.626336
0.627392
0.624448
648.338303
