0.634400
0.624768
0.623520
0.623520
0.623744
0.624544
0.626720
0.623648
0.624576
0.623072
0.624416
0.622784
0.623872
0.625984
0.625760
0.625280
0.624480
0.625088
0.627008
0.625728
0.623872
0.623776
0.623264
0.624640
0.628640
0.622496
0.624160
0.624576
0.624832
0.625568
0.624544
0.623040
0.622112
0.623680
0.623776
0.624736
0.623424
0.622496
0.624064
0.623936
0.623328
0.626560
0.624896
0.626880
0.630272
0.630560
0.627648
0.624960
0.625984
0.624864
0.628736
0.626272
0.631872
0.625952
0.624832
0.622912
0.624128
0.624160
0.627488
0.624192
0.624448
0.623840
0.624512
0.623040
0.628128
0.634720
0.634048
0.633632
0.634848
0.625824
0.625472
0.626464
0.626688
0.623840
0.626048
0.628704
0.624000
0.623008
0.630016
0.631456
0.626464
0.627136
0.624800
0.624896
0.624608
0.623904
0.626560
0.624544
0.626496
0.624096
0.625856
0.627264
0.622944
0.623136
0.623936
0.626432
0.624800
0.627520
0.624896
0.623520
0.623776
0.624992
0.623616
0.623616
0.627040
0.622400
0.624960
0.623840
0.623840
0.623488
0.622656
0.622880
0.622944
0.622912
0.624576
0.623808
0.622624
0.622880
0.623296
0.627296
0.625472
0.623776
0.623840
0.623136
0.623424
0.624032
0.622592
0.624160
0.622144
0.623456
0.624032
0.623968
0.622976
0.623008
0.623520
0.621472
0.623744
0.622560
0.626752
0.628416
0.623712
0.622624
0.624192
0.625248
0.622144
0.624000
0.624480
0.626624
0.624128
0.626080
0.623104
0.623584
0.623904
0.622912
0.624032
0.624288
0.624608
0.624064
0.622496
0.623296
0.623712
0.624288
0.623040
0.623712
0.624064
0.623648
0.623424
0.622656
0.624256
0.622976
0.623360
0.624448
0.624256
0.623840
0.623008
0.626528
0.624032
0.623552
0.623584
0.624000
0.622784
0.624512
0.623520
0.622464
0.623680
0.622144
0.623712
0.623616
0.629120
0.630560
0.623520
0.624096
0.621632
0.623872
0.625312
0.623168
0.625760
0.624704
0.625568
0.626272
0.645184
0.630944
0.626880
0.625248
0.624992
0.624320
0.622816
0.623808
0.622496
0.624256
0.625952
0.624064
0.625184
0.624256
0.623936
0.624288
0.625984
0.622176
0.625312
0.622976
0.622912
0.625152
0.623424
0.624672
0.623392
0.624704
0.622848
0.624000
0.623808
0.623648
0.630912
0.622944
0.623488
0.623968
0.624064
0.624416
0.623552
0.623616
0.623712
0.624736
0.622880
0.624096
0.624512
0.624384
0.624192
0.623552
0.625792
0.625600
0.624448
0.627328
0.623456
0.623872
0.623232
0.624128
0.623936
0.623840
0.622944
0.624256
0.624384
0.623264
0.634592
0.626048
0.625504
0.624480
0.625088
0.624608
0.624960
0.626912
0.623616
0.623264
0.623712
0.624000
0.623296
0.626080
0.623552
0.625728
0.625152
0.624192
0.624416
0.623104
0.623584
0.624096
0.623744
0.623840
0.627520
0.632096
0.633376
0.631776
0.627456
0.623072
0.624128
0.623328
0.624416
0.622624
0.623808
0.625152
0.629760
0.632032
0.638560
0.636864
0.638240
0.634752
0.636832
0.637536
0.636480
0.640640
0.638112
0.637728
0.642208
0.638720
0.637376
0.631456
0.632512
0.634592
0.634400
0.634592
0.631744
0.633504
0.636544
0.637664
0.625472
0.626464
0.624736
0.624480
0.625888
0.625184
0.624512
0.623008
0.624640
0.624160
0.626112
0.624448
0.624032
0.624192
0.623936
0.625280
0.623808
0.623328
0.623424
0.624672
0.623552
0.624544
0.623712
0.624224
0.623776
0.622144
0.622912
0.623616
0.623232
0.631776
0.630240
0.625824
0.625088
0.625312
0.624416
0.625632
0.691072
0.633696
0.627392
0.626592
0.624000
0.623360
0.624992
0.623264
0.622080
0.625280
0.624832
0.623808
0.623296
0.625088
0.624768
0.624448
0.632416
0.633504
0.633152
0.631744
0.634880
0.629952
0.629280
0.624000
0.624768
0.625920
0.623168
0.624736
0.625248
0.624064
0.624576
0.632352
0.624832
0.623168
0.623584
0.624096
0.623520
0.623488
0.627456
0.623904
0.624352
0.623264
0.622080
0.626496
0.627776
0.623072
0.624992
0.627040
0.623616
0.624448
0.623936
0.622880
0.626176
0.623744
0.628672
0.623264
0.625088
0.623712
0.624448
0.625344
0.621120
0.623456
0.624288
0.623168
0.623648
0.623232
0.624960
0.624608
0.625536
0.625888
0.624896
0.624064
0.622016
0.624672
0.624768
0.623808
0.623712
0.624640
0.625952
0.624736
0.624256
0.623552
0.625120
0.622336
0.624832
0.624224
0.624384
0.624384
0.625408
0.622560
0.624384
0.622656
0.623136
0.625120
0.622784
0.624288
0.627616
0.623520
0.623744
0.626848
0.626240
0.622816
0.625952
0.623456
0.623744
0.624928
0.623776
0.623072
0.627392
0.624736
0.624512
0.624288
0.623808
0.622784
0.625120
0.622944
0.625728
0.625088
0.624672
0.622688
0.625728
0.624192
0.624960
0.623648
0.621152
0.624320
0.624000
0.622784
0.624064
0.624320
0.623552
0.624640
0.623296
0.623936
0.624800
0.622816
0.623424
0.623616
0.622080
0.625472
0.622176
0.623616
0.625344
0.621856
0.624736
0.632896
0.624032
0.621792
0.625184
0.622048
0.623552
0.623360
0.624096
0.623712
0.622624
0.625568
0.621920
0.623520
0.625472
0.624640
0.625056
0.623904
0.623104
0.624512
0.624832
0.621696
0.624928
0.622240
0.624736
0.623456
0.622048
0.625024
0.622400
0.624448
0.623904
0.622912
0.624928
0.623808
0.623168
0.623840
0.623136
0.622208
0.625024
0.623040
0.624736
0.623200
0.622752
0.624640
0.621696
0.624352
0.622944
0.626752
0.623552
0.624768
0.626656
0.622656
0.625408
0.620992
0.624480
0.622752
0.624416
0.623840
0.622688
0.625504
0.623488
0.625376
0.631744
0.630656
0.643008
0.629856
0.625696
0.623840
0.624640
0.622400
0.623488
0.624224
0.623936
0.623936
0.622080
0.624192
0.623008
0.623456
0.625280
0.624640
0.624384
0.623456
0.623264
0.622784
0.624992
0.621472
0.625280
0.623424
0.623232
0.623456
0.624448
0.625760
0.623360
0.656192
0.631648
0.626432
0.626080
0.624672
0.624480
0.624576
0.624160
0.623552
0.626048
0.622592
0.624864
0.623968
0.622432
0.624416
0.624480
0.624192
0.624064
0.623136
0.623840
0.627840
0.629088
0.623904
0.624032
0.623232
0.623936
0.623488
0.624736
0.622560
0.623488
0.623744
0.623040
0.625024
0.624736
0.622848
0.625472
0.622784
0.622976
0.623456
0.622208
0.623648
0.624864
0.622240
0.625664
0.624352
0.624160
0.624320
0.623328
0.622304
0.625920
0.624992
0.623712
0.624864
0.624576
0.631808
0.624768
0.621792
0.624864
0.624800
0.623360
0.622080
0.623872
0.623200
0.623392
0.623904
0.624640
0.625664
0.623264
0.623072
0.625952
0.622272
0.622880
0.624320
0.622912
0.625184
0.623680
0.623200
0.624768
0.624832
0.625120
0.626336
0.624992
0.622208
0.625184
0.623136
0.624672
0.622688
0.622112
0.624448
0.630304
0.623136
0.625568
0.623392
0.622496
0.636416
0.623488
0.638112
0.625024
0.624064
0.623744
0.623200
0.621920
0.627456
0.623360
0.622272
0.625760
0.623840
0.623872
0.624128
0.622240
0.624512
0.624448
0.624736
0.623296
0.624256
0.623712
0.623552
0.622784
0.622848
0.624416
0.621760
0.625248
0.623616
0.622592
0.624416
0.623936
0.625344
0.623552
0.622944
0.623040
0.623456
0.624416
0.624000
0.623392
0.623616
0.624960
0.621248
0.625248
0.622432
0.622784
0.625024
0.624000
0.625312
0.623264
0.624704
0.623648
0.623552
0.622688
0.624032
0.622784
0.622400
0.624032
0.623392
0.624800
0.623872
0.622112
0.624544
0.624704
0.623424
0.623456
0.623392
0.623616
0.626240
0.624832
0.624192
0.624288
0.621856
0.623968
0.622784
0.624768
0.623936
0.624160
0.621600
0.622784
0.624800
0.623264
0.623840
0.622496
0.624128
0.625504
0.627392
0.624544
0.623488
0.623648
0.622304
0.624192
0.623648
0.623520
0.623072
0.622048
0.622816
0.625376
0.625824
0.624640
0.622400
0.622592
0.624160
0.623648
0.622912
0.624256
0.621984
0.624096
0.624000
0.624992
0.623456
0.621536
0.623168
0.623296
0.624160
0.624192
0.622688
0.623552
0.625216
0.624672
0.625728
0.623232
0.621984
0.632256
0.635136
0.641120
0.638016
0.635392
0.633056
0.632224
0.632000
0.629696
0.634432
0.636864
0.637536
0.636800
0.646304
0.635360
0.628864
0.625792
0.625376
0.625280
0.625408
0.627936
0.632576
0.629216
0.627328
0.623904
0.625664
0.623904
0.624416
0.624192
0.623232
0.625344
0.624224
0.624672
0.625888
0.626656
0.624064
0.622464
0.623168
0.624096
0.623648
0.624000
0.623168
0.623168
0.624480
0.622592
0.622976
0.623904
0.622944
0.624000
0.622080
0.624576
0.623648
0.633184
0.623648
0.623264
0.623328
0.623360
0.623872
0.622080
0.622176
0.622912
0.623936
0.622880
0.621536
0.624192
0.624000
0.624832
0.624096
0.623328
0.626176
0.632448
0.622816
0.625440
0.625120
0.624000
0.625888
0.625152
0.623936
0.624320
0.622400
0.625184
0.624288
0.621888
0.623232
0.622560
0.624960
0.622016
0.622240
0.622944
0.623840
0.624288
0.624704
0.624960
0.622432
0.623712
0.623840
0.625248
0.623936
0.623744
0.623776
0.625376
0.623360
0.623840
0.623232
0.623008
0.625568
0.623488
0.624192
0.624800
0.623680
0.624224
0.625152
0.623392
0.625120
0.623840
0.621952
0.624448
0.624000
0.624384
0.625312
0.627904
0.625504
0.623744
0.625024
0.624128
0.624896
0.625536
0.623520
0.625344
0.622720
0.623744
0.623072
0.623360
0.624000
0.622368
0.624416
0.623872
0.624352
0.623296
0.621888
0.624480
0.623392
0.625440
0.622976
0.622272
0.623680
0.624384
0.623680
0.623808
0.624192
0.622016
0.624448
0.631872
0.624160
0.622784
0.622976
0.623616
0.623040
0.625440
0.624512
0.623712
0.623200
0.625696
0.623136
0.621760
0.624608
0.624608
0.629344
0.631424
0.626080
0.625728
0.625728
0.624192
0.622784
0.624384
0.621472
0.625152
0.626752
0.627072
0.631104
0.633760
0.628736
0.629344
0.629024
0.629408
0.630688
0.625760
0.626624
0.626144
0.624032
625.142624
