136.751000
134.801000
128.571000
122.075000
123.009000
124.392000
125.842000
126.562000
130.389000
125.967000
126.903000
122.209000
120.771000
124.633000
120.307000
124.829000
129.425000
124.340000
131.525000
127.301000
123.735000
124.807000
118.875000
122.779000
129.428000
124.586000
134.550000
126.206000
123.944000
124.514000
131.003000
132.559000
132.863000
124.405000
130.843000
125.902000
122.628000
124.325000
122.663000
137.356000
131.168000
125.071000
134.720000
121.912000
120.755000
125.443000
121.945000
123.137000
129.924000
127.558000
136.493000
133.667000
124.543000
127.941000
126.111000
127.560000
132.898000
128.395000
122.989000
120.944000
122.738000
122.748000
120.707000
123.900000
130.724000
129.016000
129.673000
122.392000
120.907000
123.666000
124.063000
121.330000
130.617000
128.085000
132.102000
123.813000
122.684000
124.545000
122.218000
120.963000
128.893000
132.479000
121.939000
124.248000
119.491000
123.129000
122.572000
121.068000
128.205000
125.694000
127.193000
123.248000
119.945000
119.070000
123.240000
125.450000
124.588000
134.606000
124.225000
124.050000
126.339000
124.678000
123.111000
123.225000
122.028000
131.906000
138.311000
122.852000
120.641000
122.401000
122.318000
122.340000
121.497000
134.451000
127.770000
121.779000
119.643000
121.114000
121.580000
120.940000
122.159000
132.404000
125.199000
123.264000
118.890000
122.139000
124.027000
122.263000
125.980000
133.736000
136.400000
132.708000
120.779000
125.173000
121.474000
123.706000
122.173000
131.430000
123.995000
123.820000
119.577000
121.777000
122.210000
123.373000
133.838000
135.340000
127.167000
123.543000
121.710000
131.983000
121.946000
121.097000
121.876000
130.021000
120.083000
121.760000
121.439000
121.579000
122.687000
122.516000
120.687000
124.548000
127.282000
119.834000
122.259000
121.061000
122.020000
122.885000
120.684000
124.945000
130.544000
129.286000
121.738000
120.148000
123.381000
123.433000
119.630000
123.662000
136.226000
124.429000
121.587000
124.341000
122.211000
121.629000
124.770000
123.869000
131.517000
121.903000
121.729000
121.768000
125.561000
125.272000
120.682000
124.319000
133.282000
122.530000
121.082000
119.916000
124.334000
122.578000
121.571000
121.426000
129.159000
126.918000
120.226000
120.455000
121.201000
121.676000
122.139000
121.594000
132.618000
139.501000
123.017000
123.434000
125.026000
122.573000
121.720000
123.562000
125.562000
128.615000
121.473000
120.559000
121.197000
120.374000
120.588000
122.172000
128.517000
130.344000
121.996000
120.932000
123.561000
120.485000
121.475000
121.227000
129.642000
130.095000
121.363000
119.474000
119.410000
120.484000
123.362000
122.626000
128.066000
123.421000
127.840000
120.637000
123.580000
120.569000
121.900000
119.861000
124.859000
123.850000
129.291000
119.906000
120.517000
121.326000
126.591000
120.612000
124.828000
126.198000
132.797000
122.324000
125.020000
123.207000
124.675000
124.068000
124.461000
128.890000
130.390000
121.492000
120.754000
128.924000
128.987000
126.811000
127.427000
122.455000
128.533000
120.845000
119.767000
122.029000
122.971000
132.755000
125.832000
121.684000
132.027000
122.041000
121.628000
121.963000
123.332000
123.634000
128.580000
124.702000
137.880000
120.986000
120.552000
120.946000
119.508000
120.298000
124.401000
127.841000
120.372000
128.098000
121.888000
123.328000
123.485000
120.868000
123.622000
133.281000
119.854000
130.233000
121.972000
128.239000
124.901000
123.400000
124.488000
136.574000
122.732000
127.791000
122.306000
121.944000
125.383000
123.619000
126.177000
128.957000
122.496000
131.499000
122.869000
125.639000
121.580000
122.287000
125.748000
131.203000
122.317000
126.191000
123.919000
121.618000
123.972000
124.212000
126.944000
122.736000
122.140000
126.949000
121.654000
120.199000
120.621000
129.759000
125.221000
127.604000
134.645000
134.555000
129.502000
126.214000
125.158000
126.614000
133.057000
129.011000
124.530000
129.987000
124.878000
124.797000
124.909000
124.842000
126.917000
123.765000
126.309000
130.091000
122.347000
124.262000
126.424000
125.348000
128.704000
127.885000
127.982000
129.225000
123.747000
121.911000
124.029000
124.980000
126.882000
122.950000
126.219000
128.765000
123.687000
126.185000
124.920000
124.820000
127.048000
125.506000
123.755000
136.063000
127.066000
126.695000
124.652000
136.043000
130.228000
126.751000
123.276000
131.951000
124.706000
123.197000
124.963000
124.194000
128.262000
126.778000
122.725000
131.030000
122.546000
122.665000
123.927000
125.560000
144.271000
123.673000
124.597000
130.078000
124.055000
126.355000
125.292000
126.928000
127.880000
122.929000
123.456000
130.781000
123.306000
125.183000
125.513000
128.386000
132.267000
124.922000
118.777000
121.898000
130.011000
127.390000
124.603000
126.033000
120.214000
124.761000
120.218000
121.839000
131.397000
125.398000
126.045000
125.947000
134.904000
123.461000
120.067000
123.800000
132.243000
125.522000
129.022000
139.405000
137.017000
125.271000
124.487000
124.423000
130.523000
122.515000
124.951000
129.195000
126.655000
123.161000
123.716000
123.232000
129.693000
124.023000
124.221000
129.936000
122.981000
125.126000
122.555000
123.518000
130.966000
125.669000
128.335000
133.980000
121.744000
124.561000
123.386000
122.821000
130.141000
125.761000
125.580000
128.541000
123.915000
125.091000
124.776000
124.211000
128.815000
125.206000
125.081000
131.334000
125.069000
125.838000
122.887000
125.243000
130.119000
124.982000
123.980000
131.354000
126.284000
122.658000
122.465000
123.147000
128.422000
127.012000
128.113000
135.109000
124.942000
124.333000
125.605000
128.727000
132.702000
127.944000
131.583000
131.381000
124.707000
125.233000
123.883000
126.775000
131.321000
127.005000
130.941000
139.735000
127.480000
125.710000
124.242000
126.562000
134.542000
128.341000
130.044000
136.075000
126.858000
126.951000
125.995000
130.869000
123.491000
121.889000
133.005000
123.193000
122.250000
122.631000
121.138000
119.899000
129.046000
122.975000
131.337000
120.502000
121.196000
119.833000
119.839000
120.793000
129.255000
122.465000
131.427000
124.472000
120.727000
119.684000
120.485000
119.516000
128.225000
123.112000
129.433000
126.645000
121.179000
121.581000
120.978000
122.596000
130.137000
121.193000
129.552000
130.387000
125.714000
121.409000
122.999000
121.044000
128.925000
123.407000
129.431000
121.752000
121.525000
121.580000
123.035000
123.514000
122.353000
128.420000
127.149000
123.094000
122.161000
120.590000
121.315000
121.633000
121.492000
128.712000
128.702000
128.359000
123.756000
123.360000
120.084000
120.773000
128.917000
136.277000
131.852000
126.531000
122.200000
119.659000
121.131000
120.180000
122.421000
129.095000
125.123000
123.425000
127.252000
122.770000
122.439000
121.943000
121.343000
132.909000
127.517000
123.696000
122.713000
124.595000
122.617000
126.214000
124.283000
129.883000
125.839000
122.653000
123.641000
121.142000
122.533000
121.848000
120.029000
129.228000
126.938000
129.081000
123.040000
125.622000
123.319000
125.065000
124.174000
129.551000
131.323000
129.017000
124.121000
127.540000
124.389000
126.838000
136.479000
135.074000
132.878000
130.698000
125.907000
122.958000
122.256000
122.534000
121.719000
128.552000
130.899000
127.792000
120.955000
123.770000
122.113000
124.540000
124.200000
132.441000
132.495000
123.910000
121.374000
119.559000
121.124000
122.495000
126.915000
124.764000
138.737000
123.517000
123.782000
120.453000
121.533000
121.716000
122.094000
120.818000
131.491000
120.122000
119.184000
118.857000
119.487000
120.564000
120.059000
123.522000
132.724000
124.176000
129.475000
120.290000
120.576000
119.488000
121.122000
121.376000
129.938000
122.608000
121.083000
121.281000
120.778000
120.228000
120.615000
121.959000
122.873000
130.561000
118.862000
120.955000
119.570000
122.060000
119.741000
121.822000
120.335000
135.090000
120.334000
132.989000
120.743000
120.748000
122.704000
126.719000
122.267000
132.978000
120.584000
119.388000
120.126000
120.376000
120.206000
123.597000
121.519000
141.357000
123.955000
122.568000
120.560000
120.199000
120.584000
123.033000
121.174000
130.785000
122.383000
121.506000
121.232000
120.117000
122.441000
122.956000
122.542000
130.864000
135.830000
120.558000
120.954000
123.853000
128.781000
130.412000
126.450000
127.348000
126.269000
121.552000
119.493000
120.586000
120.331000
119.666000
121.042000
126.441000
130.057000
126.288000
123.985000
120.923000
123.187000
120.993000
121.951000
126.350000
130.780000
122.942000
119.759000
121.918000
119.746000
118.701000
120.962000
126.324000
131.982000
122.106000
120.896000
120.010000
120.378000
119.937000
121.769000
123.301000
124.869000
131.245000
120.313000
121.229000
121.703000
119.301000
124.768000
123.977000
130.110000
131.097000
123.945000
121.861000
120.999000
120.424000
122.507000
121.947000
134.005000
126.923000
122.609000
120.168000
119.422000
120.894000
123.466000
121.625000
124.813000
129.673000
123.737000
121.671000
119.210000
119.280000
121.245000
129.516000
131.512000
124.812000
125.703000
123.189000
119.762000
122.306000
122.079000
121.441000
126.673000
120.007000
128.840000
120.426000
119.799000
121.589000
121.810000
125.848000
131.884000
120.816000
135.457000
122.770000
119.221000
128.089000
123.972000
126.087000
133.490000
122.607000
127.476000
121.407000
119.748000
121.976000
122.331000
121.590000
128.938000
125.863000
136.805000
127.764000
125.747000
125.802000
125.673000
119.244000
127.532000
120.736000
126.326000
122.770000
121.799000
127.898000
123.459000
120.646000
127.453000
122.931000
129.772000
127.097000
123.274000
120.594000
120.473000
118.938000
129.760000
124.352000
126.718000
124.491000
122.535000
124.410000
121.498000
125.128000
126.718000
120.546000
121.934000
129.550000
123.349000
123.406000
121.628000
122.330000
125.675000
123.973000
121.318000
127.550000
122.362000
124.738000
122.210000
124.856000
130.169000
125.722000
123.118000
141.532000
123.638000
126.137000
126.814000
124.457000
131.640000
124.945000
121.229000
130.039000
124.003000
124.361000
122.938000
122.069000
130.982000
129.238000
124.633000
127.123000
122.267000
127.725000
126.160000
123.747000
131.522000
123.682000
126.269000
130.553000
123.285000
125.323000
124.135000
124.173000
125.506000
129.199000
122.851000
127.443000
122.584000
121.345000
122.022000
122.619000
134.061000
127.131000
118.850000
128.794000
121.984000
124.142000
125.645000
122.707000
136.619000
126.760000
121.634000
127.654000
121.201000
122.321000
122.696000
125.434000
135.024000
131.823000
122.381000
130.216000
120.072000
122.338000
126.331000
119.818000
135.536000
124.589000
121.286000
122.394000
126.151000
123.887000
122.254000
121.190000
133.268000
121.561000
120.753000
121.936000
127.624000
121.454000
121.320000
122.413000
128.655000
124.233000
121.961000
122.444000
127.582000
125.525000
124.553000
123.781000
131.649000
123.503000
121.426000
122.122000
133.423000
131.180000
127.783000
125.568000
132.805000
122.390000
124.438000
123.768000
132.378000
126.143000
125051.088000
