120.484000
129.236000
135.464000
125.415000
123.676000
123.677000
119.785000
123.328000
121.808000
120.665000
134.386000
134.951000
124.853000
120.836000
119.833000
124.686000
120.742000
120.217000
136.875000
124.913000
122.349000
121.015000
119.226000
121.906000
119.381000
119.862000
132.289000
121.893000
123.894000
120.465000
119.650000
132.185000
121.609000
121.511000
132.846000
121.651000
124.844000
120.992000
127.076000
122.401000
123.267000
122.435000
133.014000
122.942000
122.837000
122.618000
120.303000
123.164000
121.630000
121.440000
131.320000
129.671000
126.937000
124.858000
121.770000
124.076000
124.266000
120.301000
125.870000
131.062000
122.514000
123.060000
120.221000
124.104000
120.896000
121.062000
124.373000
135.077000
124.379000
125.240000
125.921000
130.944000
125.257000
129.326000
134.113000
135.962000
124.830000
123.531000
122.137000
126.024000
120.770000
121.165000
127.742000
131.902000
126.291000
124.927000
128.197000
132.760000
126.008000
126.043000
126.472000
134.897000
124.764000
126.206000
130.727000
127.644000
126.129000
121.449000
125.589000
131.000000
126.624000
123.399000
125.223000
127.192000
123.348000
123.338000
126.778000
133.621000
126.324000
123.998000
124.573000
124.239000
122.971000
122.248000
132.770000
131.936000
126.091000
125.082000
122.980000
123.932000
122.879000
123.781000
136.188000
137.990000
126.844000
126.701000
127.599000
127.823000
126.348000
127.984000
126.248000
131.770000
123.497000
121.171000
121.365000
133.748000
136.097000
131.100000
130.150000
131.260000
123.331000
124.060000
123.073000
122.858000
121.092000
129.211000
126.489000
130.291000
121.353000
124.302000
121.393000
121.011000
121.543000
131.036000
122.016000
129.432000
121.775000
121.755000
123.731000
120.660000
127.040000
128.954000
123.324000
127.637000
121.775000
121.478000
123.665000
122.024000
124.976000
126.123000
129.312000
129.403000
123.549000
122.591000
120.950000
120.865000
122.360000
127.378000
132.142000
130.272000
121.055000
123.912000
123.733000
122.147000
121.194000
127.616000
132.696000
129.169000
121.538000
129.994000
128.057000
123.537000
126.697000
132.156000
130.487000
128.537000
120.495000
120.464000
122.635000
120.396000
119.373000
128.956000
124.545000
126.060000
124.216000
123.394000
122.824000
123.026000
123.518000
130.941000
127.017000
124.278000
129.706000
125.317000
126.036000
121.619000
119.962000
129.948000
124.621000
120.699000
130.971000
122.208000
122.211000
121.420000
131.320000
129.607000
126.868000
121.624000
129.067000
125.043000
123.972000
122.765000
121.584000
131.282000
124.329000
121.401000
127.974000
123.210000
124.211000
118.332000
119.906000
127.595000
123.933000
121.023000
127.429000
120.161000
121.040000
119.201000
119.591000
124.258000
122.944000
121.980000
125.054000
120.521000
121.252000
119.995000
121.015000
123.387000
133.212000
123.366000
121.027000
129.303000
121.396000
123.003000
120.975000
120.935000
125.616000
122.277000
120.780000
128.030000
121.838000
124.258000
121.112000
120.772000
129.882000
119.825000
120.720000
128.880000
117.769000
123.013000
119.119000
122.131000
125.117000
120.610000
120.314000
126.996000
120.490000
123.032000
117.701000
120.025000
129.292000
125.797000
120.343000
122.257000
129.361000
122.889000
120.121000
122.775000
128.593000
122.590000
120.426000
120.650000
129.063000
122.766000
119.434000
121.885000
129.339000
128.604000
122.727000
119.907000
134.028000
128.377000
125.338000
127.473000
135.444000
130.153000
121.789000
122.777000
128.739000
126.321000
120.401000
121.480000
127.731000
124.724000
122.431000
123.507000
132.238000
125.253000
121.533000
121.232000
125.297000
129.017000
123.844000
120.103000
131.535000
124.423000
121.781000
124.300000
132.044000
126.527000
127.789000
127.693000
134.118000
130.519000
120.165000
122.858000
129.859000
123.587000
123.422000
123.346000
128.604000
123.809000
119.668000
125.069000
125.979000
121.614000
121.301000
122.523000
127.713000
124.948000
119.334000
121.584000
125.348000
122.047000
121.057000
121.195000
124.793000
128.463000
122.093000
121.718000
121.904000
121.067000
122.195000
120.336000
124.550000
130.200000
124.986000
120.786000
125.755000
122.707000
121.418000
121.112000
124.929000
127.991000
126.905000
133.464000
127.895000
125.834000
125.590000
120.440000
121.624000
129.473000
123.513000
123.811000
126.895000
119.913000
121.751000
121.366000
120.408000
132.246000
124.491000
124.040000
130.293000
124.437000
122.549000
119.521000
121.557000
120.102000
129.077000
124.670000
125.970000
129.180000
123.298000
121.158000
121.906000
119.423000
128.303000
121.914000
124.936000
125.098000
122.970000
121.251000
122.590000
119.216000
130.548000
119.044000
124.538000
126.096000
120.249000
121.379000
128.843000
124.993000
128.546000
122.106000
129.626000
125.314000
123.643000
119.261000
124.391000
119.983000
132.070000
118.120000
124.285000
129.188000
121.207000
120.878000
123.128000
122.362000
130.919000
126.504000
123.343000
126.345000
124.764000
120.476000
122.013000
119.819000
120.899000
124.533000
121.222000
127.036000
120.704000
119.358000
119.203000
119.630000
120.933000
128.277000
119.787000
122.509000
122.796000
120.017000
119.746000
122.291000
119.301000
128.519000
119.578000
127.434000
126.679000
120.953000
119.444000
121.861000
122.558000
122.514000
127.898000
126.913000
121.782000
121.013000
118.560000
120.112000
122.444000
125.328000
126.491000
125.306000
123.636000
122.937000
118.823000
120.065000
120.081000
123.981000
127.367000
123.221000
133.663000
124.639000
122.021000
121.731000
120.218000
122.022000
126.693000
122.241000
120.367000
120.524000
120.473000
118.440000
120.817000
126.951000
132.147000
122.037000
128.253000
121.095000
120.814000
120.924000
119.525000
121.038000
124.820000
127.840000
126.618000
122.250000
122.026000
122.237000
123.955000
121.135000
122.099000
126.412000
132.156000
128.764000
121.667000
120.957000
120.674000
123.518000
126.956000
127.757000
132.886000
123.966000
122.935000
121.085000
119.799000
123.655000
122.570000
129.319000
130.313000
122.654000
121.645000
120.745000
123.682000
125.803000
121.505000
128.644000
128.742000
121.966000
130.081000
123.992000
121.026000
119.697000
121.449000
122.474000
127.284000
120.327000
124.972000
123.007000
124.504000
123.004000
124.188000
124.710000
138.549000
127.600000
122.918000
123.805000
127.842000
130.446000
127.716000
125.489000
135.922000
122.047000
120.311000
121.096000
120.896000
126.284000
123.386000
122.335000
137.259000
119.865000
121.558000
119.768000
125.403000
132.245000
125.269000
122.798000
132.884000
121.786000
122.413000
119.995000
120.386000
120.804000
121.385000
120.587000
137.481000
123.768000
123.471000
121.571000
124.250000
123.557000
121.046000
122.884000
132.866000
124.243000
122.603000
118.704000
121.155000
120.529000
125.070000
119.897000
130.829000
124.378000
123.569000
120.860000
123.899000
122.944000
125.506000
122.674000
127.084000
135.451000
121.723000
121.419000
122.540000
121.354000
125.023000
120.123000
123.273000
127.288000
125.766000
130.880000
120.845000
120.512000
123.068000
122.320000
130.370000
133.286000
123.741000
119.684000
120.355000
121.349000
124.776000
121.647000
123.056000
130.583000
123.399000
120.427000
122.491000
121.861000
122.657000
122.953000
126.479000
128.621000
120.843000
123.217000
122.402000
122.107000
122.713000
120.939000
125.738000
129.987000
129.796000
119.082000
126.165000
121.705000
123.514000
123.169000
124.038000
129.926000
128.388000
121.336000
120.645000
121.166000
120.241000
121.012000
122.794000
132.832000
132.648000
121.719000
122.615000
121.980000
121.539000
122.392000
131.624000
133.415000
138.348000
121.113000
125.173000
126.733000
123.619000
127.648000
126.183000
123.694000
130.660000
123.998000
122.435000
122.794000
127.651000
124.911000
137.378000
124.212000
140.904000
121.804000
123.262000
131.704000
125.887000
124.392000
129.650000
129.769000
132.650000
121.518000
124.269000
121.097000
123.241000
124.561000
139.071000
125.523000
132.617000
125.796000
123.254000
125.108000
126.741000
124.868000
130.020000
126.588000
131.951000
124.687000
122.730000
123.465000
124.942000
122.266000
127.474000
125.338000
131.472000
122.936000
122.353000
126.437000
124.584000
124.672000
131.752000
123.235000
130.606000
125.923000
126.019000
128.141000
126.939000
124.803000
130.684000
123.209000
129.117000
122.599000
123.225000
125.782000
125.236000
125.508000
129.414000
124.207000
131.067000
128.049000
126.804000
124.044000
122.960000
126.563000
134.757000
124.145000
127.806000
120.571000
125.960000
127.070000
124.981000
123.809000
124.667000
123.487000
126.399000
119.989000
121.793000
123.192000
119.450000
121.178000
128.403000
124.537000
126.685000
122.111000
125.837000
127.458000
122.179000
124.511000
133.716000
121.998000
122.956000
139.508000
122.939000
121.240000
122.022000
122.096000
132.016000
123.699000
122.188000
126.566000
122.414000
121.537000
120.702000
123.350000
127.013000
133.137000
121.670000
128.653000
123.750000
122.626000
123.098000
120.820000
126.463000
125.014000
120.856000
130.173000
122.554000
122.189000
124.204000
123.349000
134.022000
124.045000
119.526000
127.138000
122.108000
120.975000
123.764000
121.282000
137.109000
125.527000
123.612000
128.997000
124.894000
125.332000
122.773000
126.192000
133.989000
127.906000
127.784000
130.393000
130.222000
126.259000
126.738000
126.711000
129.604000
123.520000
121.976000
138.029000
125.437000
122.904000
122.215000
129.408000
122.042000
122.454000
122.423000
127.786000
121.911000
121.111000
122.019000
124.489000
124.970000
123.550000
122.181000
129.538000
124.758000
122.393000
121.640000
128.560000
123.875000
122.169000
118.970000
123.820000
132.520000
125.333000
124.577000
125.241000
126.623000
123.630000
123.632000
120.545000
129.283000
131.030000
134.673000
127.100000
130.236000
129.929000
122.318000
121.270000
129.707000
123.242000
122.111000
127.404000
125.585000
120.999000
122.375000
123.255000
129.891000
128.605000
119.999000
126.942000
133.526000
126.699000
120.757000
122.699000
128.827000
120.766000
120.191000
133.565000
130.960000
124.115000
120.397000
124.552000
132.200000
123.208000
123.507000
128.725000
126.964000
123.538000
121.141000
124.346000
129.209000
121.975000
121.390000
127.390000
132.019000
125.811000
121.477000
124.927000
130.881000
125.335000
122.546000
128.531000
131.766000
121.442000
120.941000
124.853000
133.250000
123.356000
122.025000
134.086000
127.492000
122.410000
125.152000
122.424000
130.067000
123.203000
124.110000
128.779000
124.999000
121.245000
123.315000
125.914000
139.930000
136.817000
127.832000
131.971000
129.073000
124.186000
125.796000
124.587000
134.660000
128.229000
124.719000
131.337000
125.447000
126.329000
124.096000
123.077000
132.329000
123.529000
126.236000
129.436000
123.984000
123.210000
124.649000
124.600000
130.759000
124.706000
127.774000
127.210000
123.955000
124.927000
124.378000
123.050000
131.891000
133.586000
130.954000
128.943000
124.653000
125.255000
128.571000
126.104000
124943.544000
