0.116480
0.111648
0.112608
0.112160
0.112224
0.107008
0.110272
0.106912
0.111616
0.107520
0.110720
0.110208
0.113024
0.107232
0.110304
0.112672
0.108672
0.115360
0.107840
0.112288
0.110560
0.112832
0.108672
0.112352
0.110592
0.112192
0.113280
0.110624
0.108064
0.107776
0.107424
0.111776
0.109248
0.107712
0.111680
0.112832
0.112800
0.113024
0.110240
0.106624
0.113536
0.110208
0.110464
0.107200
0.112000
0.107424
0.119712
0.112704
0.108224
0.107584
0.112512
0.112576
0.110528
0.107488
0.107200
0.110816
0.110624
0.112416
0.107744
0.109600
0.109920
0.109792
0.106688
0.110464
0.110176
0.111904
0.108640
0.111264
0.112288
0.112608
0.112000
0.115968
0.108768
0.109824
0.107872
0.109920
0.110240
0.110528
0.107264
0.110272
0.109824
0.112416
0.112640
0.109632
0.107392
0.111072
0.111488
0.111744
0.107424
0.111264
0.111008
0.111168
0.112544
0.107584
0.111520
0.110560
0.109440
0.112032
0.109632
0.113312
0.124256
0.107360
0.112800
0.111840
0.109248
0.107168
0.108000
0.107456
0.111552
0.107200
0.111424
0.112416
0.107040
0.113152
0.111200
0.112704
0.107520
0.107232
0.112704
0.106432
0.112512
0.106208
0.110880
0.112256
0.107648
0.107648
0.110848
0.107488
0.112672
0.112096
0.107840
0.111904
0.107744
0.113088
0.112256
0.108416
0.113024
0.106784
0.112896
0.107168
0.116192
0.110944
0.106944
0.110336
0.109408
0.112320
0.107200
0.107488
0.110240
0.107264
0.112608
0.113696
0.107488
0.106272
0.107744
0.110080
0.111040
0.107136
0.112384
0.113376
0.108192
0.111424
0.107744
0.112544
0.112576
0.109824
0.113120
0.107264
0.112544
0.111904
0.107232
0.109888
0.107392
0.106976
0.112288
0.108160
0.111200
0.107072
0.107296
0.111360
0.107776
0.111936
0.112224
0.107488
0.112256
0.106720
0.107712
0.112224
0.108640
0.111456
0.109120
0.113824
0.111136
0.108512
0.113248
0.107936
0.113184
0.108128
0.108256
0.118784
0.113024
0.111424
0.107744
0.112032
0.108192
0.112160
0.112416
0.107360
0.111552
0.107488
0.113024
0.113184
0.107648
0.107328
0.108256
0.106464
0.107296
0.106464
0.110752
0.107168
0.107424
0.112352
0.106688
0.112704
0.111840
0.110688
0.112224
0.108384
0.112960
0.110368
0.112416
0.106336
0.107168
0.111680
0.108224
0.111712
0.112288
0.110848
0.112256
0.109952
0.106912
0.112160
0.108320
0.113120
0.107648
0.107040
0.112800
0.109376
0.112064
0.106208
0.111104
0.113184
0.109888
0.112512
0.106688
0.110304
0.109280
0.109856
0.112352
0.108032
0.106912
0.113280
0.107680
0.111392
0.106976
0.107072
0.112704
0.107680
0.107616
0.112640
0.109408
0.113248
0.109952
0.112160
0.117024
0.112480
0.108448
0.107904
0.113056
0.107104
0.109312
0.111584
0.110592
0.112704
0.107392
0.109632
0.112224
0.110688
0.111136
0.106880
0.107552
0.111904
0.107776
0.112736
0.107872
0.132640
0.110752
0.111968
0.107776
0.111520
0.117280
0.107840
0.115136
0.107456
0.111968
0.107264
0.107072
0.112416
0.107488
0.107520
0.112736
0.106592
0.112384
0.106304
0.110048
0.110688
0.107296
0.112096
0.107200
0.111008
0.111488
0.109952
0.111552
0.106976
0.107744
0.112256
0.107744
0.107456
0.112384
0.107040
0.107232
0.107296
0.107136
0.112128
0.106880
0.107456
0.115008
0.107200
0.107104
0.110176
0.107008
0.112576
0.107904
0.107968
0.113600
0.106976
0.107680
0.110752
0.109824
0.112096
0.107040
0.112192
0.111776
0.107104
0.112992
0.107968
0.112832
0.107616
0.108352
0.112832
0.110976
0.112896
0.111072
0.112544
0.108032
0.107968
0.113216
0.107808
0.106624
0.108000
0.107808
0.113504
0.107232
0.107264
0.113088
0.109184
0.112192
0.106464
0.110560
0.107584
0.111360
0.110688
0.106624
0.112640
0.106176
0.107360
0.112352
0.107520
0.107552
0.111840
0.111488
0.111808
0.107424
0.106560
0.113088
0.107520
0.112928
0.108384
0.110880
0.107232
0.106496
0.112288
0.109760
0.112384
0.107712
0.109696
0.112384
0.106816
0.107136
0.106624
0.107520
0.112576
0.115776
0.108448
0.112608
0.107616
0.106368
0.112480
0.107680
0.113024
0.107584
0.117696
0.114656
0.107456
0.112736
0.109856
0.112864
0.109952
0.119040
0.113696
0.114304
0.108768
0.106784
0.113600
0.108032
0.114528
0.108768
0.124288
0.109408
0.112960
0.108992
0.112480
0.109824
0.120576
0.108800
0.112608
0.107488
0.110848
0.107232
0.107264
0.112800
0.109632
0.136352
0.113536
0.112832
0.106880
0.112864
0.106816
0.112128
0.112512
0.108512
0.113760
0.110592
0.113248
0.107296
0.108192
0.113504
0.108320
0.113632
0.108672
0.108256
0.112480
0.109536
0.112128
0.108224
0.107648
0.113024
0.108576
0.112736
0.108864
0.106848
0.113152
0.107648
0.111904
0.108096
0.114464
0.109216
0.113088
0.107904
0.106976
0.113344
0.107904
0.112704
0.113216
0.112352
0.107936
0.107168
0.112736
0.107808
0.108032
0.113280
0.109728
0.113312
0.107648
0.108192
0.107328
0.107712
0.107680
0.113536
0.107968
0.117056
0.108480
0.110080
0.107392
0.111872
0.113376
0.107456
0.109440
0.112064
0.111744
0.109856
0.107616
0.113568
0.109632
0.109376
0.108896
0.114464
0.108832
0.108000
0.108192
0.108288
0.107808
0.112832
0.107968
0.112352
0.107968
0.109216
0.110272
0.108288
0.112576
0.111040
0.107456
0.112608
0.107968
0.111936
0.111744
0.108064
0.110624
0.107968
0.107680
0.113472
0.110080
0.113856
0.107776
0.112288
0.110176
0.113120
0.108608
0.107360
0.111904
0.106688
0.108416
0.113472
0.107904
0.112448
0.108224
0.112896
0.107328
0.107616
0.108064
0.109568
0.112448
0.108288
0.107776
0.112864
0.108000
0.107104
0.112320
0.108928
0.113312
0.108224
0.112288
0.107776
0.107232
0.113248
0.107040
0.109056
0.113408
0.108192
0.113216
0.107200
0.108000
0.107104
0.107456
0.121408
0.109248
0.113440
0.108512
0.108480
0.112576
0.107936
0.107008
0.111168
0.108608
0.113408
0.107840
0.112576
0.108608
0.112320
0.112896
0.109216
0.114720
0.113344
0.111328
0.108512
0.109472
0.110464
0.109696
0.113184
0.128352
0.115200
0.109632
0.112352
0.107296
0.109120
0.112512
0.107488
0.113280
0.108576
0.108160
0.110816
0.106912
0.111808
0.106720
0.107808
0.112448
0.108032
0.111072
0.110272
0.107136
0.111296
0.107264
0.110176
0.109920
0.111840
0.112128
0.109088
0.106496
0.107392
0.111584
0.112480
0.107328
0.112032
0.108096
0.112160
0.107488
0.109440
0.112416
0.107680
0.109856
0.112576
0.108064
0.107840
0.106368
0.110912
0.111808
0.110144
0.113824
0.107296
0.112736
0.116800
0.113216
0.111520
0.110048
0.112224
0.107200
0.112800
0.112224
0.107616
0.106880
0.110240
0.106784
0.112768
0.107296
0.107552
0.108512
0.112864
0.112096
0.111520
0.112576
0.113600
0.113568
0.107936
0.108032
0.107840
0.112448
0.107808
0.106368
0.111968
0.106912
0.112928
0.111904
0.106912
0.108192
0.111296
0.112288
0.112384
0.107616
0.107040
0.112288
0.111200
0.106592
0.107744
0.111424
0.112576
0.112864
0.110432
0.106912
0.106912
0.112928
0.107328
0.113024
0.108224
0.111200
0.107136
0.112032
0.112352
0.106304
0.108384
0.112032
0.112576
0.111808
0.107552
0.107680
0.110304
0.112768
0.111104
0.107936
0.108000
0.107200
0.112288
0.112064
0.107744
0.106656
0.112256
0.111808
0.112992
0.107456
0.109920
0.107360
0.111648
0.112000
0.106816
0.111744
0.112288
0.112640
0.112352
0.108352
0.111520
0.106656
0.112480
0.111488
0.112864
0.112640
0.107840
0.109152
0.111552
0.111552
0.111264
0.107552
0.112928
0.108224
0.112576
0.107648
0.108256
0.112832
0.112384
0.108320
0.107328
0.113216
0.110592
0.112416
0.111520
0.112384
0.106976
0.107008
0.112320
0.113024
0.112544
0.109184
0.107264
0.111520
0.112576
0.106656
0.109216
0.112000
0.118048
0.112672
0.111584
0.112544
0.111776
0.111872
0.107200
0.107520
0.112672
0.112288
0.112288
0.106752
0.111136
0.111584
0.111360
0.107296
0.110752
0.110208
0.111072
0.112896
0.106784
0.106976
0.111872
0.112576
0.112096
0.117696
0.112896
0.112160
0.112736
0.111456
0.110464
0.108832
0.107648
0.111968
0.107296
0.107360
0.111200
0.112384
0.112192
0.110304
0.107200
0.113184
0.107904
0.111712
0.112288
0.106976
0.110272
0.107296
0.109216
0.107264
0.106880
0.112768
0.106880
0.109760
0.107904
0.110272
0.107648
0.111424
0.108640
0.112160
0.107840
0.112608
0.113216
0.113984
0.111200
0.111936
0.107424
0.108096
0.112160
0.110752
0.113216
0.112480
0.112544
0.112448
0.108512
0.110880
0.108320
0.111584
0.112704
0.107360
0.109888
0.107232
0.110752
0.115232
0.109664
0.107744
0.107360
0.112544
0.112352
0.106688
0.109056
0.111200
0.112576
0.107392
0.108320
0.110688
0.110368
0.107168
0.111872
0.107616
0.111584
0.110752
0.107904
0.110368
0.111808
0.113920
0.111328
0.109280
0.108032
0.107328
0.112000
0.107040
0.107296
0.106912
0.106848
0.112320
0.111712
0.107648
0.112160
0.107328
0.110880
0.108096
0.107712
0.110208
0.111392
0.111296
0.111744
0.108192
0.112160
0.112224
0.112256
0.112640
0.106624
0.112480
0.108768
0.112256
0.113088
0.107712
0.112480
0.106432
0.110656
0.111776
0.113696
0.107872
0.107424
0.112800
0.112608
0.112576
0.109888
0.106944
0.107744
0.112736
0.111392
0.112160
0.107168
0.106848
0.107360
0.111616
0.112256
0.115776
0.112544
0.107040
0.106688
0.112032
0.111712
0.112864
0.107392
0.112544
0.115232
0.112768
0.111904
0.111488
0.113056
0.106688
0.107712
0.112672
0.111584
0.112512
0.106688
0.112704
0.111072
0.112480
0.110752
0.107168
0.112576
0.107904
0.111200
0.106592
0.107168
0.109600
0.111456
0.106784
0.111904
0.107840
0.111200
0.112256
0.106432
0.112096
0.111488
0.107520
0.107840
0.110880
0.112512
0.107328
0.109792
0.111424
0.107328
0.112352
0.107808
0.107520
0.121280
0.107840
0.111616
0.109216
0.107584
0.107136
0.107488
0.107232
0.108448
0.107072
0.109504
0.109568
0.107328
0.112288
0.111296
0.113376
0.112512
0.114496
0.111712
0.107648
0.108352
0.108800
0.112064
0.111680
0.114240
0.110560
0.107968
0.106720
0.109088
0.107136
0.112960
0.107136
0.108448
0.113184
0.111776
0.111840
0.107456
0.110272
0.106848
0.107904
0.107168
0.110144
0.113568
0.111968
0.112192
0.112320
0.107296
0.107008
0.111648
0.107552
0.106848
0.107520
0.107232
0.110400
0.107072
0.112032
0.112256
0.106592
0.124320
0.107392
0.108032
0.112576
0.107648
0.111328
0.106592
0.112224
0.112064
0.112800
0.112704
0.112384
0.107968
0.107232
0.112768
0.112224
0.112320
0.109344
0.113952
0.107520
0.111744
0.107328
0.106944
0.107776
0.109344
0.113440
0.112736
0.109984
0.107232
0.109984
0.107552
0.110176
0.106848
0.111712
0.113312
0.107808
0.107776
0.107584
0.107136
0.110496
0.107072
0.112704
0.114208
0.107808
0.113504
0.107776
0.113760
0.107424
0.111296
0.112288
0.113600
0.113120
0.111456
0.107360
0.106656
0.112224
0.111520
0.112032
0.112000
0.111328
0.112992
0.106880
0.111136
0.111680
0.110848
0.109696
0.107296
0.112480
0.112896
0.112512
0.108992
0.107648
0.111424
0.111936
0.107200
0.110304
0.107712
0.112480
0.112736
0.109184
0.107328
0.109344
0.112192
0.112192
0.107520
0.107840
0.106976
0.112192
0.111744
0.107296
0.112768
0.107008
0.109344
0.111232
0.107680
0.112256
0.111808
0.111616
0.112736
0.109472
0.112704
0.110944
0.107872
0.107936
0.108768
0.111680
0.107456
0.107680
0.112864
0.107456
0.107904
0.112352
0.110432
0.109088
0.107456
0.109408
0.111968
0.107328
0.106720
0.112224
0.111392
0.112160
0.107072
0.107520
0.112864
0.113472
0.108544
0.113632
0.107552
0.107104
0.112736
0.108480
0.113408
0.112800
0.106752
0.113696
0.106976
0.111520
0.111584
0.112832
0.112512
0.110144
0.112928
0.109952
0.112512
0.106464
0.108448
0.127904
0.107744
0.112352
0.112000
0.119584
0.112192
0.112544
0.110304
0.112224
0.107360
0.111584
0.112416
0.106752
0.108032
0.110208
0.109824
0.112384
0.107232
0.106816
0.110464
0.112768
0.111840
0.107936
0.107936
0.107488
0.107264
0.106848
0.110688
0.106176
0.107008
0.106816
0.107840
0.106944
0.107872
0.112384
0.111584
0.107584
0.106784
0.107392
0.107616
0.112512
0.107744
0.110624
0.112384
0.111904
0.112096
0.106304
0.112448
0.109600
0.124224
0.112128
0.111488
0.112512
0.106336
0.107296
0.110336
0.108000
0.111104
0.115584
0.112800
0.113312
0.112608
0.112000
0.112384
0.108000
0.106752
0.111296
0.112512
0.113024
0.108416
0.113408
0.113664
0.107456
0.107968
0.107040
0.107584
0.106944
0.107232
0.106656
0.110016
0.108448
0.112192
0.111552
0.112800
0.107456
0.111104
0.112096
0.111808
0.111840
0.108160
0.106784
0.110944
0.106976
0.107552
0.108928
0.111744
0.110400
0.109952
0.112864
0.107744
0.111936
0.112128
0.106944
0.107584
0.109216
0.111424
0.112096
0.107616
0.107392
0.111840
0.106880
0.106624
0.109536
0.106560
0.107296
0.108992
0.112032
0.112288
0.112576
0.112224
0.106272
0.107136
0.112288
0.112832
0.109856
0.111744
0.112224
0.106752
0.110816
0.106656
0.110912
0.113440
0.107488
0.107456
0.107040
0.112384
0.112192
0.107136
0.106432
0.112928
0.107520
0.111008
0.108800
0.111104
0.111072
0.111648
0.111392
0.112000
0.109056
0.111328
0.112544
0.112416
0.108160
0.112288
0.107104
0.112736
0.110880
0.111424
0.110304
0.107264
0.107872
0.111232
0.111680
0.112544
0.107136
0.109056
0.107520
0.107968
0.107616
0.107456
0.107808
0.111008
0.112608
0.111712
0.108736
0.111680
0.107968
0.111616
0.111808
0.112864
0.112544
0.107456
0.108224
0.112416
0.111456
0.112512
0.106528
0.107488
0.112416
0.106976
0.110464
0.110080
0.111264
0.112032
0.107936
0.107488
0.112640
0.112896
0.112736
0.112960
0.106944
0.109728
0.110400
0.112960
0.106912
0.111776
0.107232
0.111008
0.110624
0.106752
0.110752
0.107456
0.108224
0.112448
0.107104
0.111648
0.107136
0.112416
0.106880
0.107552
0.107072
0.107104
0.107328
0.110112
0.113056
0.107040
0.110528
0.107424
0.112576
0.113408
0.110560
0.112800
0.106752
0.112160
0.106944
0.110656
0.108128
0.107488
0.112384
0.106944
0.108192
0.118784
0.107776
0.107552
0.112384
0.111232
0.110816
0.109888
0.111808
0.107968
0.111616
0.112800
0.111776
0.110880
0.106976
0.106912
0.107392
0.107200
0.107840
0.107264
0.107424
0.107520
0.106816
0.107360
0.106976
0.111680
0.111328
0.107776
0.107488
0.112416
0.111520
0.106752
0.110208
0.111360
0.106944
0.107488
0.110048
0.107648
0.108096
0.107360
0.106336
0.110304
0.106624
0.108544
0.110368
0.112480
0.106720
0.106944
0.112224
0.106304
0.107456
0.107488
0.119072
0.111456
0.112352
0.110272
0.106336
0.107392
0.106112
0.107200
0.107584
0.107616
0.106880
0.107008
0.108032
0.106592
0.109664
0.107712
0.112544
0.112800
0.107168
0.107392
0.106432
0.109760
0.106240
0.107968
0.108224
0.108128
0.110336
0.110240
0.112576
0.107136
0.113632
0.107936
0.111616
0.107744
0.128640
0.110240
0.111616
0.107328
0.108544
0.112768
0.107552
0.112128
0.109056
0.112064
0.110496
0.106176
0.107456
0.107200
0.107456
0.107552
0.111232
0.107872
0.111936
0.107200
0.111360
0.112000
0.107424
0.107616
0.110272
0.107424
0.112544
0.106240
0.112640
0.112160
0.106976
0.109920
0.106912
0.107744
0.111808
0.107456
0.111872
0.112288
0.107680
0.111200
0.111232
0.109888
0.107744
0.106944
0.113056
0.107616
0.111520
0.107424
0.107520
0.112544
0.111008
0.111200
0.110368
0.111424
0.110144
0.107520
0.107296
0.106720
0.107648
0.107136
0.108576
0.107104
0.108768
0.107680
0.106784
0.111264
0.106336
0.108288
0.112704
0.111104
0.107264
0.107488
0.107520
0.107008
0.109888
0.106720
0.113792
0.107904
0.108992
0.111392
0.112192
0.115264
0.112192
0.112992
0.113024
0.113504
0.109856
0.107872
0.107200
0.112288
0.107424
0.106624
0.113056
0.115168
0.108544
0.107232
0.110688
0.107840
0.112192
0.110496
0.106592
0.114048
0.108576
0.112672
0.110496
0.106752
0.123968
0.110912
0.110272
0.108896
0.113984
0.111168
0.111136
0.107552
0.107360
0.112896
0.109600
0.123040
0.109888
0.112992
0.110688
0.112096
0.107616
0.106144
0.112704
0.107552
0.113216
0.110784
0.107104
0.112608
0.110176
0.112992
0.109024
0.107584
0.110880
0.108192
0.112640
0.106912
0.112448
0.106656
0.107296
0.112800
0.107168
0.112544
0.109600
0.108512
0.111680
0.110240
0.111232
0.107616
0.108064
0.113120
0.107264
0.112256
0.110272
0.108320
0.116544
0.115872
0.109280
0.113344
0.108384
0.110944
0.109920
0.108448
0.112672
0.108288
0.112480
0.114880
0.113184
0.109920
0.107584
0.111936
0.107840
0.107456
0.112992
0.110048
0.112448
0.108544
0.106848
0.110080
0.106784
0.112320
0.111104
0.107200
0.112640
0.110560
0.112352
0.106560
0.106976
0.112320
0.110944
0.112320
0.111008
0.107808
0.112288
0.107680
0.106368
0.112640
0.107264
0.112576
0.107328
0.108032
0.111040
0.106208
0.112352
0.110176
0.107360
0.110272
0.111072
0.115808
0.115200
0.117344
0.110944
0.115648
0.112736
0.116800
0.111680
0.115168
0.132128
0.111072
0.114240
0.111264
0.111552
0.116416
0.110688
0.130016
0.110816
0.115296
0.110496
0.111552
0.110848
0.117312
0.111104
0.133728
0.122784
0.111136
0.115040
0.118080
0.112384
0.118944
0.112256
0.120224
0.111872
0.112832
0.112544
0.113600
0.112192
0.117536
0.117696
0.137088
0.117344
0.118880
0.108832
0.112672
0.111296
0.107680
0.108864
0.129344
0.116768
0.116576
0.111520
0.118304
0.111520
0.114304
0.107744
0.113920
0.108512
0.109440
0.112512
0.107488
0.114688
0.112192
0.112576
0.116672
0.115392
0.109088
0.112032
0.108256
0.112672
0.107776
0.107520
0.112128
0.139136
0.112000
0.116928
0.111296
0.113888
0.109216
0.112224
0.108000
0.108032
0.114080
0.109984
0.112992
0.111712
0.107136
0.112160
0.110176
0.114400
0.111264
0.107552
0.111488
0.107744
0.112896
0.110720
0.115456
0.114464
0.116256
0.110432
0.114848
0.111616
0.115680
0.110368
0.114272
0.119808
0.110784
0.114112
0.110464
0.116160
0.112448
0.127264
0.118848
0.112352
0.115232
0.107616
0.113984
0.111616
0.112992
0.107936
0.107232
0.118176
0.108960
0.112608
0.107488
0.108160
0.112544
0.106976
0.112672
0.111168
0.108576
0.112320
0.107424
0.112960
0.110208
0.107200
0.111904
0.107360
0.112448
0.114176
0.113152
0.108256
0.107296
0.112640
0.107168
0.111904
0.110464
0.112096
0.108128
0.108000
0.112224
0.107296
0.111552
0.112032
0.106432
0.112992
0.112192
0.112704
0.107424
0.107456
0.112832
0.109376
0.112480
0.111872
0.108032
0.112736
0.107712
0.112064
0.107072
0.107712
0.111264
0.110976
0.107840
0.111808
0.107776
0.112448
0.111904
0.106976
0.111424
0.106144
0.112896
0.111040
0.107424
0.107200
0.106944
0.112896
0.106624
0.110656
0.108224
0.108064
0.107712
0.107552
0.108416
0.109408
0.109216
0.106112
0.113376
0.107552
0.113792
0.112416
0.107392
0.115008
0.106656
0.113056
0.108192
0.107200
0.113376
0.107488
0.110784
0.111744
0.107424
0.111584
0.107456
0.112064
0.112800
0.108608
0.112192
0.107872
0.111904
0.112448
0.107904
0.112640
0.107584
0.112608
0.110528
0.111648
0.107392
0.111616
0.111872
0.106976
0.112416
0.109184
0.112320
0.112672
0.106048
0.112192
0.110496
0.112416
0.112256
0.107616
0.115520
0.112160
0.112128
0.107744
0.107488
0.112800
0.112224
0.111616
0.107136
0.107776
0.111232
0.107296
0.112352
0.112576
0.107680
0.112320
0.109856
0.111968
0.111296
0.106464
0.112928
0.109120
0.112224
0.107584
0.118816
0.110816
0.111936
0.107136
0.107552
0.112704
0.107424
0.107456
0.112352
0.111776
0.112448
0.109984
0.112384
0.112672
0.107712
0.112992
0.107872
0.114560
0.110656
0.112928
0.112672
0.113792
0.113888
0.108160
0.111744
0.107552
0.112736
0.110656
0.107200
0.112512
0.107168
0.110016
0.111680
0.107616
0.110528
0.110688
0.112064
0.110048
0.107200
0.112000
0.107552
0.111456
0.107584
0.107200
0.112640
0.112192
0.112544
0.110784
0.106784
0.111488
0.106400
0.111296
0.113152
0.108096
0.112000
0.107392
0.110496
0.112192
0.107232
0.112288
0.107584
0.112064
0.112288
0.108800
0.111808
0.107904
0.109888
0.112640
0.107808
0.109984
0.112512
0.111904
0.112544
0.106592
0.109632
0.111840
0.111552
0.107520
0.107264
0.111200
0.109760
0.107744
0.111520
0.106976
0.107456
0.108032
0.112192
0.111008
0.107424
0.111584
0.107648
0.113600
0.107936
0.108416
0.109792
0.110944
0.112032
0.107680
0.106912
0.108128
0.108832
0.113312
0.112864
0.108128
0.107776
0.109152
0.112640
0.112480
0.108096
0.112224
0.107872
0.112224
0.111680
0.110080
0.106720
0.107616
0.112704
0.111104
0.107712
0.113408
0.110496
0.111936
0.107008
0.109376
0.112288
0.110240
0.107520
0.111392
0.110048
0.110400
0.106464
0.111456
0.107264
0.112480
0.112128
0.107808
0.108064
0.106368
0.108064
0.106336
0.109696
0.109856
0.112736
0.106912
0.113952
0.108000
0.106528
0.107072
0.110016
0.108864
0.112512
0.107392
0.112704
0.106880
0.110336
0.111392
0.110144
0.110848
0.107040
0.110400
0.111776
0.109760
0.108736
0.107808
0.109568
0.107552
0.107296
0.109536
0.112480
0.107680
0.112480
0.106848
0.107936
0.109952
0.110304
0.111168
0.106848
0.114592
0.112224
0.107264
0.112512
0.107648
0.107520
0.107264
0.124160
0.112576
0.108704
0.111936
0.108064
0.108448
0.113664
0.108640
0.112096
0.115200
0.107552
0.108000
0.107616
0.112672
0.107456
0.110944
0.112448
0.106976
0.107360
0.107040
0.109280
0.112480
0.107328
0.112096
0.111360
0.107840
0.107008
0.111264
0.110560
0.112608
0.107360
0.112096
0.108608
0.106816
0.108000
0.107488
0.107968
0.107456
0.112384
0.107392
0.111968
0.112064
0.107040
0.106976
0.112640
0.113024
0.110528
0.107648
0.112640
0.106848
0.110848
0.109024
0.108192
0.107488
0.107904
0.109312
0.106624
0.107488
0.106560
0.107200
0.109632
0.107872
0.112992
0.107008
0.112480
0.107040
0.107200
0.111296
0.107456
0.109088
0.112928
0.107648
0.106784
0.107232
0.110432
0.112224
0.107456
0.112544
0.108640
0.113120
0.110176
0.107392
0.107680
0.106976
0.109152
0.112640
0.113664
0.115648
0.107808
0.107936
0.108896
0.107456
0.113056
0.112576
0.111968
0.107744
0.111040
0.109856
0.112832
0.108160
0.110304
0.107584
0.112800
0.110592
0.107008
0.110688
0.106464
0.112352
0.107616
0.107584
0.112544
0.107456
0.113056
0.111936
0.107136
0.106976
0.107360
0.112544
0.112256
0.107360
0.116416
0.110816
0.111168
0.106976
0.107264
0.107456
0.107168
0.112128
0.111168
0.107328
0.111936
0.111456
0.111968
0.107200
0.107104
0.113088
0.106752
0.113024
0.107520
0.107392
0.111136
0.107552
0.107168
0.108832
0.107840
0.106784
0.113120
0.106880
0.111200
0.107264
0.106944
0.112896
0.107104
0.112128
0.106912
0.107808
0.107168
0.109824
0.107104
0.113536
0.107552
0.106528
0.116576
0.112352
0.112608
0.112160
0.107776
0.109888
0.110240
0.108256
0.107552
0.108320
0.113536
0.113920
0.108448
0.113440
0.113632
0.107328
0.115616
0.109856
0.112352
0.107328
0.107456
0.112576
0.111616
0.112192
0.106816
0.107328
0.114432
0.111968
0.112256
0.108032
0.108480
0.109408
0.112000
0.111520
0.108064
0.107616
0.109888
0.107264
0.106816
0.107328
0.106368
0.112288
0.109728
0.112576
0.107584
0.107264
0.111072
0.106400
0.107264
0.109888
0.107680
0.111104
0.107648
0.110496
0.111616
0.107008
0.106240
0.112160
0.107328
0.110944
0.107840
0.107168
0.112576
0.106464
0.107136
0.110368
0.107424
0.112064
0.107488
0.108352
0.110496
0.107808
0.106496
0.112768
0.110176
0.112544
0.107072
0.114240
0.109408
0.111072
0.112032
0.111104
0.112768
0.107680
0.112864
0.108736
0.107328
0.112416
0.111680
0.110304
0.107584
0.107680
0.112864
0.113472
0.112032
0.111744
0.112160
0.109888
0.110976
0.109760
0.112352
0.111424
0.112096
0.113056
0.112928
0.112416
0.111488
0.112864
0.112416
0.107584
0.108032
0.111840
0.112192
0.111776
0.107424
0.107712
0.110720
0.112288
0.112768
0.107264
0.111872
0.107552
0.107200
0.111936
0.107424
0.112704
0.113440
0.111488
0.107424
0.106976
0.112768
0.111840
0.112736
0.106976
0.108640
0.112384
0.111648
0.112416
0.107456
0.107584
0.112864
0.107104
0.113184
0.107552
0.110464
0.111008
0.107424
0.107296
0.112704
0.112192
0.112608
0.110496
0.112800
0.107296
0.107616
0.112768
0.107264
0.107104
0.112672
0.111968
0.107712
0.106400
0.112992
0.107264
0.112160
0.107936
0.110080
0.108896
0.111232
0.113216
0.113120
0.118496
0.113792
0.110240
0.112832
0.107584
0.110752
0.111520
0.110336
0.112288
0.107168
0.108128
0.112416
0.109952
0.112384
0.108000
0.107584
0.112832
0.107552
0.111680
0.112576
0.108928
0.120032
0.110496
0.113056
0.106912
0.111104
0.106944
0.111712
0.112608
0.106304
0.111328
0.113216
0.114368
0.113280
0.112480
0.113056
0.106496
0.112704
0.110784
0.113536
0.107968
0.108640
0.106912
0.106496
0.107584
0.111904
0.107968
0.112992
0.108384
0.110400
0.112288
0.107296
0.111584
0.110144
0.115072
0.113536
0.107680
0.111840
0.107520
0.110624
0.113248
0.109280
0.109920
0.114688
0.110752
0.112896
0.112736
0.107968
0.110400
0.110144
0.106496
0.113088
0.107936
0.111296
0.112704
0.107200
0.113504
0.106624
0.111968
0.113504
0.108544
0.111968
0.108160
0.112768
0.108192
0.112512
0.111872
0.110880
0.118048
0.107648
0.112160
0.110560
0.109888
0.111392
0.107328
0.111904
0.110848
0.108416
0.112480
0.107328
0.111936
0.111648
0.106688
0.112288
0.106848
0.111072
0.113056
0.111328
0.111904
0.106144
0.111616
0.112672
0.112000
0.112544
0.107712
0.112608
0.106560
0.110400
0.112000
0.107648
0.112352
0.112576
0.112352
0.112736
0.107424
0.111552
0.107648
0.112672
0.112032
0.110176
0.112160
0.108128
0.112128
0.106976
0.109472
0.112448
0.107328
0.110464
0.107008
0.109472
0.113024
0.106240
0.111936
0.108320
0.111552
0.112576
0.107424
0.108960
0.111744
0.107488
0.109824
0.107680
0.111744
0.111168
0.109632
0.110528
0.112704
0.106848
0.113024
0.109440
0.112640
0.107328
0.117376
0.113696
0.107520
0.113376
0.109824
0.112576
0.112352
0.111648
0.110592
0.112480
0.114912
0.110944
0.112384
0.107520
0.113024
0.109920
0.109856
0.107552
0.111552
0.113152
0.106624
0.111072
0.106880
0.111104
0.112832
0.109664
0.112576
0.106752
0.111776
0.112736
0.109856
0.112224
0.106880
0.107648
0.111168
0.107136
0.106880
0.112928
0.108736
0.112480
0.107040
0.111680
0.112672
0.106496
0.107456
0.113952
0.111904
0.112576
0.107680
0.107712
0.106880
0.107296
0.111648
0.108128
0.107360
0.112992
0.108896
0.112384
0.107584
0.110880
0.110976
0.111744
0.112832
0.110016
0.112096
0.107392
0.110176
0.112224
0.106048
0.108288
0.114304
0.112576
0.112096
0.109248
0.112608
0.106144
0.112032
0.112224
0.107808
0.108544
0.112768
0.112768
0.111424
0.113152
0.106496
0.107744
0.107584
0.113024
0.113600
0.111552
0.111136
0.112352
0.111872
0.112736
0.107392
0.108064
0.112832
0.113120
0.106720
0.107392
0.106048
0.112704
0.112576
0.112032
0.107520
0.106560
0.112544
0.111328
0.111232
0.112512
0.107296
0.121312
0.107680
0.112512
0.111712
0.112256
0.112224
0.108256
0.111872
0.112320
0.111168
0.107680
0.110528
0.110208
0.106912
0.110464
0.107392
0.112192
0.112544
0.111680
0.111808
0.107584
0.106720
0.112512
0.109888
0.112416
0.107168
0.107072
0.113120
0.110784
0.112640
0.112768
0.110976
0.106912
0.107136
0.113536
0.112736
0.111680
0.106624
0.107424
0.111936
0.107360
0.107200
0.112000
0.115360
0.112000
0.107456
0.108160
0.112576
0.107584
0.110016
0.107200
0.109856
0.112800
0.106304
0.107168
0.112448
0.107104
0.107520
0.126784
0.113504
0.112608
0.112704
0.108224
0.107744
0.108448
0.107488
0.108544
0.116992
0.117408
0.106912
0.112576
0.112032
0.108192
0.107776
0.106624
0.112448
0.107584
0.113504
0.112736
0.107776
0.107968
0.107264
0.111392
0.111776
0.108096
0.112736
0.108064
0.112320
0.112064
0.107840
0.111936
0.107264
0.109248
0.108128
0.107616
0.112512
0.112672
0.107488
0.107456
0.111360
0.112192
0.111456
0.108128
0.107264
0.107200
0.112992
0.107264
0.112512
0.110784
0.107552
0.112480
0.107552
0.107200
0.107040
0.110848
0.109984
0.107936
0.106592
0.116000
0.110720
0.107712
0.107040
0.106912
0.107552
0.106560
0.107008
0.107264
0.107808
0.107584
0.107264
0.107232
0.106784
0.107424
0.106272
0.112288
0.115136
0.112160
0.108608
0.114496
0.108768
0.111616
0.107776
0.107392
0.107968
0.110144
0.109280
0.108224
0.112576
0.110944
0.112480
0.108320
0.107968
0.112864
0.107296
0.111264
0.112704
0.107232
0.112768
0.107456
0.110336
0.109984
0.114688
0.109568
0.106336
0.107104
0.106912
0.107680
0.107328
0.109728
0.107584
0.110464
0.112224
0.106368
0.112384
0.107360
0.107488
0.107136
0.107040
0.108256
0.107008
0.107072
0.106624
0.110176
0.107360
0.112544
0.112064
0.114848
0.107808
0.106464
0.112512
0.112480
0.112928
0.107424
0.109920
0.113280
0.108256
0.112480
0.106240
0.108032
0.110080
0.110784
0.112704
0.111584
0.109952
0.112256
0.106976
0.112832
0.107232
0.107008
0.111808
0.108000
0.108512
0.112192
0.106240
0.112320
0.107008
0.107616
0.112608
0.106592
0.110464
0.112032
0.107648
0.107712
0.107200
0.107776
0.112320
0.107392
0.124992
0.108096
0.113056
0.108128
0.113088
0.108352
0.119744
0.107360
0.112608
0.107200
0.129696
0.107648
0.110336
0.112480
0.107136
0.113184
0.106592
0.109920
0.111744
0.111072
0.113216
0.107936
0.110528
0.111936
0.108128
0.111776
0.107456
0.107936
0.112256
0.107264
0.107744
0.113024
0.109216
0.112384
0.106816
0.109888
0.109600
0.107584
0.112128
0.108416
0.109184
0.111648
0.110368
0.111552
0.111360
0.109760
0.112288
0.107520
0.111360
0.107232
0.106176
0.112768
0.107456
0.112608
0.107200
0.106912
0.113056
0.106560
0.109600
0.112512
0.107520
0.112832
0.107072
0.112448
0.107008
0.107264
0.112320
0.110208
0.109984
0.111584
0.107680
0.112128
0.107648
0.111328
0.109888
0.107104
0.112960
0.112768
0.111744
0.108800
0.106816
0.112224
0.110464
0.108032
0.110880
0.108064
0.112544
0.107488
0.113344
0.107040
0.108896
0.112736
0.110272
0.112224
0.107552
0.111040
0.106656
0.107488
0.111328
0.109888
0.108064
0.112576
0.107584
0.111872
0.112832
0.109184
0.113120
0.107360
0.112608
0.112672
0.107712
0.113216
0.110592
0.112320
0.106496
0.112416
0.110272
0.109248
0.112608
0.109184
0.107424
0.112032
0.107616
0.112512
0.107328
0.107168
0.112160
0.108448
0.109856
0.107904
0.106624
0.112704
0.107424
0.109888
0.112064
0.107296
0.112832
0.106784
0.107264
0.112704
0.107264
0.111680
0.106944
0.107424
0.111968
0.107936
0.109376
0.112448
0.106976
0.112352
0.112512
0.109440
0.112544
0.106976
0.112736
0.107680
0.107040
0.111968
0.107168
0.111232
0.111552
0.107456
0.112288
0.107424
0.112512
0.107456
0.110880
0.111776
0.107904
0.112800
0.108544
0.113344
0.108224
0.112768
0.108256
0.113632
0.112704
0.113280
0.106720
0.112928
0.107584
0.109056
0.112064
0.106816
0.112736
0.111072
0.116288
0.113216
0.110592
0.112672
0.110528
0.113024
0.106880
0.112512
0.111840
0.110752
0.112800
0.107168
0.112256
0.106592
0.107424
0.110976
0.107072
0.108192
0.113088
0.107328
0.112480
0.112672
0.109120
0.107104
0.124096
0.118976
0.108480
0.110720
0.107360
0.111136
0.112960
0.107008
0.108992
0.107488
0.112320
0.112928
0.109408
0.107680
0.108512
0.110112
0.111840
0.107200
0.112608
0.108192
0.112704
0.106560
0.109440
0.110176
0.107264
0.112960
0.107072
0.107872
0.113504
0.110240
0.106560
0.110016
0.106272
0.112992
0.112224
0.108192
0.111232
0.106592
0.112864
0.110112
0.108352
0.112288
0.110848
0.108224
0.108512
0.112928
0.112256
0.112352
0.107712
0.108096
0.112704
0.107360
0.112768
0.108704
0.110624
0.111360
0.107104
0.112288
0.107392
0.111040
0.110144
0.107872
0.111552
0.112000
0.110624
0.112320
0.106976
0.112448
0.110528
0.111680
0.108224
0.106656
0.111936
0.112640
0.111200
0.111072
0.106944
0.112736
0.111808
0.112032
0.109472
0.107296
0.112096
0.112288
0.112288
0.111200
0.107904
0.110016
0.111936
0.111712
0.112000
0.107008
0.111808
0.107328
0.110272
0.107872
0.111104
0.108032
0.111904
0.112480
0.111936
0.109280
0.108000
0.113472
0.112000
0.112000
0.112256
0.107456
0.109920
0.112288
0.111328
0.110752
0.106656
0.112288
0.111904
0.112032
0.107648
0.107072
0.112160
0.111648
0.112480
0.112448
0.107104
0.110432
0.111584
0.114368
0.113728
0.121248
0.111168
0.109632
0.112640
0.107808
0.108704
0.111200
0.112672
0.123136
0.119904
0.108032
0.107552
0.107488
0.111456
0.112544
0.111296
0.111456
0.107168
0.109568
0.109728
0.107584
0.111072
0.106976
0.112640
0.106784
0.114048
0.112192
0.107520
0.112128
0.111520
0.107552
0.111264
0.109952
0.111616
0.113056
0.107392
0.111616
0.109600
0.111488
0.112384
0.106304
0.109632
0.112896
0.116096
0.107968
0.106976
0.112352
0.106560
0.110112
0.110688
0.107680
0.113120
0.107616
0.112480
0.111680
0.111840
0.106592
0.110624
0.112320
0.119616
0.114912
0.108800
0.112352
0.111680
0.112864
0.110528
0.111072
0.112992
0.107904
0.106944
0.107104
0.108288
0.106752
0.111904
0.113152
0.113504
0.108800
0.112928
0.112704
0.112864
0.108032
0.110848
0.113536
0.107872
0.110144
0.108192
0.110496
0.112928
0.111072
0.111520
0.108320
0.112864
0.119904
0.113024
0.108736
0.112256
0.112576
0.106464
0.110720
0.107424
0.111648
0.112384
0.109184
0.107712
0.106464
0.107008
0.111136
0.107616
0.111872
0.112704
0.112864
0.110976
0.110624
0.111616
0.112512
0.112480
0.109792
0.107776
0.112480
0.112992
0.111776
0.111296
0.113024
0.111648
0.110560
0.112864
0.112512
0.111872
0.107200
0.108064
0.107392
0.107168
0.107264
0.107136
0.109472
0.111872
0.111104
0.111456
0.112480
0.112704
0.112352
0.112288
0.111424
0.107104
0.107648
0.106464
0.112736
0.111872
0.111808
0.111968
0.110432
0.113312
0.112224
0.111424
0.111488
0.112160
0.107488
0.107328
0.109888
0.110656
0.108736
0.110560
0.107616
0.109728
0.111520
0.112160
0.111232
0.113504
0.113024
0.108704
0.113312
0.108096
0.111680
0.108416
0.108416
0.110784
0.108128
0.111968
0.107392
0.107744
0.110976
0.107232
0.111040
0.111680
0.106688
0.112288
0.108256
0.110880
0.111712
0.109952
0.112256
0.111136
0.112224
0.109216
0.107648
0.112288
0.111808
0.110080
0.111520
0.108448
0.111424
0.110048
0.111808
0.112352
0.112832
0.112256
0.111680
0.111136
0.107552
0.111424
0.111936
0.107456
0.111296
0.107456
0.111776
0.112128
0.109696
0.110176
0.107520
0.112992
0.111040
0.109696
0.112672
0.110304
0.107328
0.106240
0.107616
0.107840
0.107584
0.110336
0.111616
0.107520
0.111680
0.108000
0.110048
0.118112
0.115328
0.118592
0.117184
0.107904
0.112192
0.110560
0.109504
0.109408
0.113280
0.107232
0.107872
0.114240
0.112640
0.106880
0.108160
0.107680
0.114496
0.113440
0.107872
0.107264
0.108544
0.111712
0.112800
0.111808
0.113920
0.108576
0.110784
0.108064
0.106624
0.112192
0.107360
0.111296
0.119168
0.109984
0.108352
0.106304
0.111392
0.107488
0.112608
0.107488
0.112576
0.108352
0.108192
0.107680
0.106656
0.107552
0.112096
0.107264
0.107584
0.109152
0.113312
0.111584
0.107232
0.107040
0.107552
0.106944
0.107552
0.107104
0.108096
0.109984
0.109088
0.116320
0.115584
0.112512
0.111232
0.115520
0.112320
0.115808
0.111136
0.115936
0.112064
0.114304
0.110304
0.113728
0.112064
0.116480
0.109472
0.110048
0.111392
0.116992
0.110176
0.116224
0.114688
0.110816
0.111104
0.116256
0.111456
0.114976
0.110944
0.109920
0.110656
0.111136
0.109568
0.115744
0.111232
0.115904
0.110336
0.111328
0.121088
0.111648
0.111616
0.111200
0.119008
0.111456
0.111904
0.111552
0.125376
0.115264
0.115744
0.116192
0.111680
0.110432
0.114208
0.116896
0.115616
0.110816
0.116352
0.114944
0.116960
0.110464
0.116000
0.109984
0.116704
0.112736
0.110144
0.110560
0.114752
0.111296
0.114240
0.110976
0.117504
0.110304
0.115776
0.109568
0.116512
0.110880
0.115328
0.110336
0.120704
0.111616
0.109536
0.110272
0.116224
0.111648
0.116480
0.111616
0.115008
0.111968
0.112224
0.110240
0.111424
0.109920
0.115744
0.110528
0.133088
0.115008
0.106912
0.112480
0.112736
0.107392
0.107936
0.108864
0.112320
0.110752
0.108544
0.108416
0.107904
0.107296
0.110656
0.112192
0.109536
0.108672
0.109152
0.111168
0.115200
0.108928
0.108608
0.113024
0.107744
0.113440
0.108992
0.113408
0.108160
0.107648
0.108128
0.111616
0.112384
0.112160
0.107840
0.108992
0.110656
0.113056
0.112192
0.107200
0.112128
0.106880
0.113760
0.107744
0.107936
0.112288
0.107840
0.107456
0.106944
0.112928
0.120832
0.114432
0.113440
0.112064
0.112288
0.106976
0.107936
0.106432
0.107264
0.109120
0.108576
0.107040
0.110176
0.109728
0.111872
0.107712
0.110624
0.116064
0.113376
0.112352
0.107488
0.108704
0.107552
0.108192
0.112416
0.106624
0.113568
0.110560
0.107456
0.107072
0.110240
0.112192
0.111232
0.107584
0.120512
0.108704
0.112864
0.107232
0.107456
0.111904
0.111360
0.111712
0.111360
0.114944
0.108160
0.111552
0.111616
0.108032
0.111392
0.107488
0.111168
0.113344
0.108640
0.111040
0.107840
0.110848
0.112128
0.107104
0.108448
0.108096
0.113216
0.112640
0.107904
0.113216
0.107648
0.108000
0.107872
0.110368
0.114400
0.108416
0.109824
0.109728
0.107968
0.106400
0.107360
0.109536
0.111360
0.113024
0.112000
0.106912
0.109920
0.107456
0.111552
0.112960
0.116064
0.110816
0.107680
0.112064
0.107360
0.106912
0.112736
0.107392
0.112320
0.112960
0.107264
0.112672
0.106432
0.112288
0.112320
0.107520
0.107104
0.107680
0.108192
0.108192
0.110912
0.110016
0.113440
0.107488
0.110624
0.110848
0.107456
0.113184
0.106592
0.111296
0.110592
0.112288
0.110432
0.107200
0.107936
0.110304
0.108000
0.111904
0.107584
0.107456
0.107232
0.107200
0.111584
0.109632
0.111360
0.112544
0.107680
0.107168
0.107392
0.107136
0.108032
0.112864
0.117920
0.106816
0.107616
0.113696
0.107872
0.110496
0.110208
0.107776
0.108192
0.108032
0.107904
0.112256
0.107680
0.112096
0.107936
0.106720
0.110016
0.107264
0.112704
0.106880
0.107008
0.112512
0.107200
0.109920
0.112192
0.107552
0.110272
0.107904
0.107296
0.112128
0.107648
0.111264
0.108064
0.106912
0.112992
0.107520
0.111008
0.113600
0.106784
0.112224
0.106720
0.111904
0.113216
0.108128
0.112576
0.106944
0.111232
0.111968
0.107712
0.111264
0.108352
0.107360
0.112320
0.106464
0.111776
0.107648
0.106368
0.112672
0.107200
0.110880
0.107456
0.107136
0.112832
0.106400
0.112128
0.111136
0.107200
0.107808
0.111264
0.107392
0.111936
0.107712
0.106816
0.111136
0.107392
0.119232
0.108096
0.107264
0.110336
0.106272
0.112768
0.106720
0.112320
0.112384
0.107936
0.107616
0.111712
0.107872
0.111424
0.107104
0.110176
0.108576
0.112160
0.112000
0.110560
0.112480
0.110944
0.112608
0.109120
0.113152
0.107456
0.112736
0.112032
0.107680
0.109184
0.107040
0.107328
0.112288
0.107392
0.112096
0.108704
0.106944
0.111200
0.106720
0.112576
0.110400
0.107136
0.111840
0.107424
0.112576
0.106432
0.107584
0.112960
0.107232
0.112416
0.111776
0.108224
0.111584
0.107040
0.111552
0.112736
0.106784
0.111488
0.107712
0.106816
0.113024
0.106592
0.112864
0.107392
0.109888
0.112896
0.107136
0.111520
0.106976
0.112032
0.111456
0.107424
0.112192
0.110560
0.107456
0.112128
0.107744
0.110720
0.112224
0.107200
0.112608
0.107744
0.108704
0.111392
0.106368
0.113120
0.106624
0.110912
0.112352
0.107680
0.107136
0.110048
0.107424
0.111680
0.108224
0.113440
0.112704
0.113024
0.111808
0.113312
0.112448
0.107168
0.106848
0.110944
0.112128
0.112064
0.107456
0.108032
0.111456
0.106592
0.107776
0.107872
0.112192
0.112032
0.108896
0.107360
0.111488
0.109632
0.106304
0.108096
0.112448
0.112096
0.111936
0.112288
0.112320
0.111392
0.107392
0.112928
0.107904
0.110656
0.110912
0.107296
0.110240
0.112512
0.106944
0.124064
0.117440
0.113216
0.114080
0.111776
0.112096
0.111520
0.107296
0.109120
0.112544
0.112768
0.112544
0.107904
0.111776
0.107712
0.111296
0.112608
0.107936
0.107456
0.111968
0.106656
0.109504
0.106816
0.112160
0.112192
0.113920
0.107488
0.107232
0.113056
0.111328
0.107008
0.108480
0.107392
0.111936
0.108288
0.107424
0.111680
0.107840
0.106144
0.107680
0.112160
0.108896
0.113184
0.107968
0.111008
0.106656
0.112800
0.106432
0.107296
0.116704
0.112832
0.113952
0.112032
0.112864
0.111424
0.108576
0.112256
0.108128
0.117440
0.113056
0.112032
0.111648
0.106912
0.106464
0.112000
0.112832
0.107296
0.115424
0.112640
0.111840
0.111456
0.107136
0.111552
0.107328
0.112896
0.111136
0.112896
0.107040
0.107104
0.110880
0.112384
0.112160
0.112320
0.107232
0.109184
0.112480
0.111104
0.112480
0.107680
0.110208
0.109952
0.112064
0.112640
0.112192
0.113024
0.106592
0.111392
0.112736
0.112064
0.112160
0.111872
0.108192
0.106752
0.110848
0.107232
0.107072
0.110368
0.112224
0.107808
0.113088
0.107936
0.112384
0.115744
0.113376
0.112064
0.112000
0.112000
0.112832
0.112288
0.107520
0.107552
0.107168
0.113920
0.112000
0.113632
0.109248
0.108448
0.107072
0.110784
0.108128
0.107552
0.112960
0.111552
0.110592
0.113600
0.108480
0.107680
0.112224
0.111136
0.113856
0.111552
0.107168
0.107520
0.108992
0.108288
0.111744
0.110432
0.112416
0.111808
0.107488
0.110944
0.111136
0.113088
0.111136
0.112768
0.107680
0.107520
0.111872
0.107840
0.106592
0.111552
0.112864
0.107648
0.109120
0.114176
0.111488
0.112320
0.109792
0.107968
0.107680
0.110528
0.107168
0.110240
0.111648
0.112288
0.111296
0.107616
0.114528
0.107776
0.112192
0.106976
0.107520
0.111904
0.107712
0.108192
0.108192
0.112736
0.112000
0.107456
0.106880
0.107328
0.106688
0.107360
0.112512
0.108064
0.111776
0.109408
0.107552
0.106752
0.109824
0.111264
0.107968
0.107872
0.107648
0.111136
0.109856
0.109408
0.109792
0.112672
0.110272
0.109632
0.107584
0.107456
0.112864
0.109536
0.107072
0.111392
0.111072
0.113120
0.111168
0.113856
0.107008
0.108000
0.112640
0.108448
0.112896
0.108608
0.108384
0.107104
0.109376
0.106560
0.110336
0.107552
0.112768
0.110624
0.106976
0.113664
0.107328
0.113120
0.106240
0.112864
0.110240
0.110080
0.107680
0.111584
0.113408
0.109824
0.112352
0.107424
0.110656
0.112320
0.109184
0.107456
0.107264
0.107648
0.106816
0.111808
0.112544
0.112192
0.109824
0.107328
0.110944
0.108928
0.107040
0.107296
0.107424
0.107200
0.107168
0.112320
0.111712
0.110432
0.112224
0.107520
0.112160
0.107712
0.108960
0.112160
0.107168
0.109664
0.107712
0.110112
0.110496
0.107168
0.110016
0.113696
0.106432
0.107424
0.112000
0.107872
0.112800
0.109504
0.113024
0.111904
0.112128
0.112352
0.112352
0.112608
0.111008
0.108224
0.111136
0.110240
0.111552
0.107264
0.111520
0.112832
0.109056
0.112544
0.107904
0.110016
0.108224
0.106720
0.112512
0.108000
0.112448
0.112480
0.113120
0.112448
0.107072
0.112832
0.111424
0.111424
0.107776
0.110944
0.112352
0.107104
0.112608
0.107072
0.107168
0.112416
0.114208
0.115072
0.112512
0.107424
0.109152
0.107200
0.106560
0.112832
0.112032
0.107584
0.112128
0.106752
0.124960
0.106624
0.111872
0.111808
0.120736
0.108096
0.107072
0.112576
0.109024
0.109984
0.111840
0.107424
0.112416
0.107840
0.112576
0.107040
0.107168
0.113088
0.112864
0.109376
0.121024
0.109600
0.108256
0.107552
0.107008
0.109984
0.111008
0.107808
0.106848
0.107744
0.108480
0.106752
0.107456
0.110080
0.107136
0.113440
0.113472
0.108672
0.113472
0.107872
0.107072
0.110272
0.107136
0.108992
0.109088
0.118944
0.107200
0.107456
0.107040
0.109088
0.107264
0.112768
0.107456
0.113312
0.109568
0.113536
0.111968
0.107072
0.106464
0.107456
0.107232
0.112288
0.107232
0.112544
0.113312
0.106656
0.109664
0.111072
0.112000
0.107424
0.107040
0.111968
0.107200
0.112768
0.111648
0.111520
0.112480
0.107328
0.109536
0.116096
0.108480
0.113216
0.109664
0.112992
0.112768
0.111072
0.107808
0.107968
0.113920
0.113376
0.112000
0.107968
0.112512
0.107648
0.107232
0.112416
0.109184
0.112192
0.107264
0.110688
0.110752
0.107296
0.107488
0.112128
0.111552
0.122656
0.110432
0.112640
0.108960
0.113728
0.108480
0.111200
0.111072
0.108480
0.115264
0.114656
0.110944
0.114656
0.108960
0.108096
0.117568
0.109792
0.107136
0.111552
0.110176
0.113472
0.108512
0.107136
0.107776
0.106336
0.110496
0.112512
0.112448
0.107648
0.123456
0.107712
0.106336
0.110016
0.107584
0.113376
0.107392
0.112000
0.112192
0.107040
0.107296
0.106400
0.107200
0.115712
0.112864
0.107264
0.111904
0.107872
0.111840
0.110464
0.109088
0.108480
0.107360
0.107424
0.112256
0.109184
0.107264
0.106560
0.107264
0.114560
0.112736
0.112128
0.107520
0.107488
0.110336
0.112928
0.106304
0.112896
0.113088
0.107424
0.112448
0.111648
0.108768
0.112096
0.106688
0.112128
0.107712
0.107744
0.112064
0.107904
0.109472
0.107712
0.106464
0.107424
0.106880
0.112992
0.112192
0.106464
0.107744
0.111712
0.107168
0.112864
0.107232
0.108384
0.112736
0.107360
0.111424
0.110560
0.110720
0.121632
0.109472
0.111680
0.112192
0.112448
0.107712
0.112032
0.113088
0.112704
0.118752
0.117088
0.109632
0.113312
0.106752
0.116288
0.109440
0.110304
0.112736
0.108736
0.113056
0.107296
0.121600
0.109632
0.112864
0.107168
0.108320
0.112192
0.107680
0.107808
0.111936
0.109920
0.111200
0.110592
0.107040
0.112800
0.107232
0.111776
0.107520
0.107808
0.112224
0.108608
0.112448
0.107584
0.110944
0.108672
0.107264
0.112960
0.106464
0.112608
0.110656
0.111328
0.112192
0.107072
0.114304
0.107136
0.110080
0.107232
0.107392
0.112704
0.109792
0.107456
0.112224
0.108576
0.106496
0.112320
0.107392
0.112000
0.110560
0.107424
0.116064
0.106784
0.112384
0.110592
0.111264
0.112352
0.106976
0.112768
0.106624
0.107968
0.112192
0.107360
0.112224
0.108512
0.107776
0.109952
0.107616
0.112704
0.107680
0.112544
0.107488
0.112800
0.112544
0.108640
0.111904
0.113056
0.106976
0.112704
0.107360
0.111968
0.110848
0.109280
0.112768
0.109632
0.117568
0.112672
0.117120
0.112160
0.115040
0.107776
0.111776
0.112544
0.107968
0.112704
0.107328
0.112288
0.111776
0.107520
0.112192
0.106336
0.118880
0.107776
0.114240
0.110400
0.112064
0.110208
0.112480
0.112448
0.109504
0.112992
0.107520
0.107392
0.112288
0.106752
0.112544
0.106272
0.109760
0.117152
0.108736
0.107168
0.106848
0.107456
0.111776
0.107456
0.111104
0.110496
0.107712
0.112352
0.111424
0.111136
0.112640
0.109952
0.107744
0.107008
0.107968
0.112704
0.107424
0.112640
0.111936
0.107232
0.111680
0.107584
0.121376
0.111168
0.107488
0.107168
0.107648
0.111808
0.107616
0.113856
0.109024
0.113984
0.111712
0.107968
0.112992
0.108608
0.113152
0.107904
0.107968
0.117344
0.107648
0.112192
0.107648
0.106816
0.110912
0.107360
0.111936
0.112480
0.109216
0.112576
0.106848
0.112640
0.109504
0.107968
0.112288
0.107104
0.108896
0.112512
0.107680
0.111328
0.112480
0.112608
0.107392
0.107808
0.106656
0.108032
0.111712
0.107840
0.108128
0.110464
0.107328
0.112672
0.107360
0.111296
0.111968
0.106336
0.112384
0.112256
0.108256
0.112672
0.107008
0.112640
0.109920
0.108992
0.106592
0.107232
0.110112
0.111488
0.106720
0.111456
0.112768
0.109632
0.111008
0.107232
0.112128
0.110304
0.106976
0.111136
0.111744
0.112768
0.106752
0.112544
0.107424
0.106944
0.112192
0.109472
0.112288
0.112928
0.107904
0.112576
0.110816
0.113184
0.112576
0.112896
0.111680
0.108832
0.112224
0.107456
0.112544
0.113568
0.112832
0.111744
0.107520
0.119456
0.108000
0.112544
0.107456
0.110592
0.111968
0.107296
0.111840
0.107616
0.107072
0.113120
0.107648
0.110976
0.107008
0.106592
0.112832
0.106336
0.109632
0.113248
0.107360
0.111936
0.106976
0.107936
0.112064
0.108160
0.111264
0.107872
0.107520
0.111936
0.107232
0.106848
0.107552
0.111904
0.112640
0.107968
0.112672
0.107136
0.107552
0.109216
0.106816
0.107712
0.108832
0.108064
0.113056
0.112672
0.107296
0.112512
0.119616
0.106560
0.107456
0.107328
0.110752
0.107584
0.112608
0.113088
0.111680
0.112160
0.106048
0.112352
0.107328
0.119552
0.107744
0.106304
0.113152
0.107008
0.112800
0.112480
0.106880
0.113312
0.107264
0.112448
0.109120
0.107200
0.111072
0.107424
0.113728
0.108160
0.116896
0.108256
0.112000
0.106656
0.108192
0.113728
0.107840
0.112864
0.107872
0.112640
0.106816
0.113184
0.111136
0.107552
0.112160
0.107200
0.107456
0.110720
0.107488
0.111264
0.107584
0.107072
0.112320
0.109600
0.112384
0.107968
0.107168
0.112224
0.106592
0.107488
0.112288
0.110176
0.111648
0.107072
0.107648
0.112224
0.106976
0.112160
0.107200
0.107712
0.112480
0.107776
0.111072
0.107200
0.107232
0.112576
0.106848
0.107008
0.112512
0.106592
0.112832
0.109792
0.107360
0.112064
0.107808
0.107136
0.107072
0.107488
0.111872
0.110496
0.114688
0.107360
0.108384
0.114048
0.108960
0.111168
0.107616
0.110272
0.113088
0.107040
0.112288
0.107648
0.107168
0.113344
0.106752
0.115712
0.108192
0.107840
0.112448
0.108160
0.111552
0.106944
0.108224
0.111872
0.107520
0.113152
0.107648
0.108096
0.113728
0.108416
0.112128
0.107744
0.106912
0.113472
0.107232
0.112736
0.107328
0.106752
0.112512
0.106848
0.119136
0.108320
0.107584
0.112992
0.106944
0.112160
0.109824
0.107072
0.111488
0.107936
0.108064
0.112544
0.107136
0.111744
0.107520
0.106336
0.113312
0.114848
0.113248
0.107200
0.108480
0.113024
0.106432
0.114112
0.106272
0.107776
0.108864
0.118688
0.112832
0.107072
0.112736
0.109568
0.107008
0.112352
0.108576
0.112800
0.107072
0.108064
0.111744
0.108256
0.112128
0.107328
0.106976
0.112768
0.107872
0.107264
0.112064
0.106464
0.112448
0.110848
0.107872
0.115520
0.109760
0.113664
0.107008
0.107552
0.111296
0.107328
0.112576
0.110432
0.107488
0.113024
0.107648
0.109952
0.107744
0.108128
0.113696
0.108288
0.109280
0.108608
0.111872
0.107776
0.109312
0.109088
0.107424
0.113184
0.107584
0.116256
0.107680
0.106368
0.112832
0.127744
0.107872
0.107328
0.112640
0.108160
0.107296
0.114048
0.106304
0.109376
0.107424
0.107552
0.120672
0.107488
0.111456
0.109952
0.107552
0.112544
0.107808
0.112160
0.107648
0.123040
0.107232
0.107328
0.111968
0.107552
0.107328
0.112064
0.107296
0.106528
0.108064
0.106560
0.112480
0.107616
0.112704
0.108000
0.107040
0.112320
0.107136
0.110752
0.106784
0.107552
0.112320
0.110656
0.107264
0.112096
0.107552
0.107072
0.108032
0.107680
0.112704
0.110368
0.107168
0.112736
0.106464
0.113472
0.107392
0.107936
0.111456
0.110400
0.107456
0.111776
0.107776
0.106112
0.113760
0.107840
0.112448
0.107904
0.107040
0.113792
0.107168
0.113472
0.106880
0.116512
0.108640
0.113088
0.111296
0.108320
0.112928
0.106144
0.112544
0.110880
0.107584
0.112544
0.106912
0.110752
0.117824
0.107296
0.111744
0.107744
0.111584
0.110528
0.107168
0.110304
0.107040
0.112224
0.107328
0.119552
0.108736
0.125920
0.107712
0.113152
0.106848
0.107392
0.112160
0.108256
0.115232
0.109184
0.107424
0.112288
0.114208
0.107520
0.107680
0.113184
0.108032
0.107744
0.107616
0.107712
0.112000
0.107136
0.111264
0.110400
0.115232
0.108064
0.106848
0.128864
0.107808
0.111328
0.108128
0.107392
0.113856
0.107840
0.113760
0.108256
0.107232
0.113472
0.107392
0.113216
0.107744
0.111776
0.109088
0.107232
0.112480
0.107168
0.107936
0.113472
0.107968
0.112832
0.108384
0.114560
0.107072
0.108288
0.112448
0.108384
0.113888
0.109792
0.113344
0.108096
0.113216
0.110720
0.108544
0.113600
0.107968
0.112768
0.108352
0.108256
0.112448
0.108032
0.112064
0.107744
0.107392
0.112320
0.107552
0.108128
0.107936
0.106592
0.111872
0.108448
0.107520
0.112992
0.107552
0.113248
0.106656
0.107168
0.111712
0.107392
0.106944
0.107136
0.107488
0.112128
0.107584
0.107264
0.112768
0.107392
0.112640
0.107712
0.107392
0.112640
0.106912
0.112096
0.109760
0.107328
0.112256
0.107200
0.112768
0.107200
0.107584
0.112576
0.107488
0.107264
0.112320
0.107584
0.112032
0.107360
0.106816
0.112832
0.106752
0.108096
0.112384
0.107136
0.111264
0.110080
0.107392
0.112192
0.108864
0.108288
0.113408
0.112704
0.111360
0.108352
0.111616
0.107840
0.110976
0.109056
0.111456
0.117632
0.111808
0.108160
0.108096
0.109856
0.108704
0.112288
0.113024
0.108608
0.118400
0.117248
0.127296
0.108544
0.112224
0.108224
0.112672
0.108064
0.106944
0.112416
0.107616
0.106784
0.112128
0.107808
0.112384
0.107712
0.107744
0.112640
0.106848
0.107168
0.111680
0.107936
0.112864
0.107200
0.110688
0.107104
0.107584
0.110144
0.110368
0.107488
0.119392
0.107584
0.112544
0.107808
0.106848
0.112768
0.106496
0.110656
0.108160
0.108896
0.112672
0.106752
0.112672
0.106688
0.108064
0.112224
0.113568
0.111616
0.107840
0.107776
0.111488
0.107328
0.107296
0.112800
0.107264
0.112032
0.107744
0.106720
0.112320
0.106464
0.107424
0.112704
0.107744
0.112672
0.108064
0.107616
0.111744
0.107488
0.111104
0.107616
0.107296
0.112544
0.107840
0.107296
0.112704
0.109600
0.107328
0.110560
0.107456
0.113664
0.108032
0.118304
0.107616
0.113056
0.107168
0.113760
0.108384
0.108000
0.112704
0.106912
0.107456
0.112064
0.107072
0.112352
0.117056
0.112896
0.107008
0.108096
0.112032
0.107360
0.111936
0.107616
0.106912
0.112736
0.107360
0.110816
0.107936
0.106464
0.111968
0.107264
0.107552
0.107648
0.106944
0.112128
0.110304
0.108064
0.110816
0.107488
0.107296
0.113024
0.107168
0.111712
0.107584
0.109440
0.112672
0.107680
0.112480
0.112928
0.107136
0.107360
0.111968
0.108096
0.107008
0.112832
0.107040
0.112096
0.107040
0.106688
0.112544
0.109184
0.111968
0.107456
0.107136
0.112640
0.108864
0.110208
0.110752
0.107328
0.111776
0.107584
0.107392
0.112032
0.106944
0.110592
0.111552
0.106592
0.113184
0.108192
0.111392
0.112640
0.107776
0.112384
0.106688
0.110624
0.112320
0.108512
0.112480
0.107680
0.106912
0.107424
0.108160
0.111040
0.107712
0.108032
0.112768
0.107296
0.112128
0.107328
0.106848
0.112384
0.106304
0.107776
0.113152
0.107392
0.111680
0.110400
0.110144
0.111712
0.107264
0.112896
0.108192
0.107712
0.111936
0.107328
0.110336
0.111968
0.106592
0.112416
0.107328
0.112512
0.107424
0.106688
0.112640
0.106496
0.107744
0.112320
0.107808
0.112768
0.107424
0.107424
0.111488
0.107360
0.111040
0.114208
0.114208
0.108032
0.107808
0.110144
0.108032
0.109888
0.107552
0.107104
0.112032
0.107296
0.108896
0.113248
0.107392
0.110784
0.111552
0.107520
0.112544
0.107584
0.111712
0.110880
0.107328
0.111776
0.112000
0.107168
0.110848
0.107616
0.112064
0.111296
0.107168
0.112224
0.108672
0.114656
0.110240
0.111072
0.112992
0.111776
0.112864
0.107392
0.113088
0.109440
0.114624
0.107840
0.107744
0.114464
0.112416
0.107776
0.111840
0.107488
0.107232
0.112512
0.107104
0.106752
0.110976
0.107840
0.112992
0.115328
0.110880
0.111968
0.107168
0.112416
0.113120
0.113024
0.106560
0.107552
0.111904
0.110336
0.111904
0.111168
0.107584
0.112576
0.112384
0.107104
0.107648
0.107456
0.110944
0.112320
0.106464
0.112160
0.106912
0.111168
0.112032
0.112640
0.112480
0.111456
0.113024
0.106528
0.110112
0.112608
0.109856
0.112544
0.107104
0.112160
0.111328
0.111904
0.112128
0.108064
0.108128
0.112576
0.110624
0.111680
0.107136
0.111232
0.114336
0.112480
0.107712
0.107712
0.111424
0.112480
0.111936
0.113216
0.107168
0.110592
0.107584
0.112352
0.112000
0.107104
0.112416
0.107296
0.113152
0.112992
0.113056
0.114464
0.116448
0.109824
0.112064
0.107808
0.110304
0.111776
0.107776
0.112704
0.113152
0.110496
0.111840
0.106592
0.107072
0.112384
0.111072
0.113088
0.107488
0.112896
0.112128
0.112576
0.111456
0.108032
0.107808
0.112928
0.112000
0.111168
0.107648
0.111616
0.112480
0.112128
0.122816
0.113248
0.112096
0.112000
0.110848
0.107168
0.111264
0.107680
0.111712
0.111168
0.112064
0.112000
0.107424
0.111552
0.109856
0.109760
0.112608
0.112672
0.112992
0.107520
0.112448
0.111616
0.106400
0.107552
0.106944
0.112352
0.111680
0.106848
0.107264
0.111456
0.110112
0.112064
0.107008
0.112160
0.112896
0.107808
0.111904
0.110464
0.108704
0.107648
0.107360
0.110976
0.115904
0.112640
0.112544
0.110816
0.112576
0.111040
0.109888
0.108320
0.112416
0.108608
0.114528
0.115680
0.108224
0.113792
0.111712
0.113280
0.113344
0.111680
0.107872
0.106496
0.107008
0.107776
0.110112
0.107296
0.122112
0.113440
0.116000
0.107552
0.106368
0.111264
0.106944
0.111264
0.112576
0.106752
0.112992
0.111744
0.112704
0.112384
0.107616
0.109920
0.107360
0.112224
0.112320
0.112736
0.111616
0.107680
0.107008
0.110496
0.109696
0.111872
0.107136
0.111904
0.107456
0.111456
0.107744
0.107872
0.112640
0.107776
0.106688
0.112736
0.106944
0.112608
0.107200
0.107296
0.112160
0.111968
0.112032
0.111360
0.107520
0.110656
0.107296
0.112064
0.112352
0.108960
0.116032
0.108832
0.112096
0.110592
0.111264
0.113248
0.107456
0.111744
0.107648
0.111744
0.115232
0.117728
0.108032
0.112160
0.113184
0.108160
0.107040
0.107904
0.107264
0.113504
0.107264
0.112448
0.111296
0.113312
0.111296
0.106112
0.111936
0.107744
0.112768
0.107392
0.107040
0.112800
0.106560
0.112544
0.111648
0.116032
0.114912
0.107648
0.110016
0.109312
0.111584
0.109440
0.107328
0.108064
0.112800
0.108672
0.111904
0.107936
0.111360
0.110400
0.111392
0.107552
0.107680
0.112544
0.107776
0.106688
0.112064
0.109728
0.112352
0.111680
0.107072
0.112928
0.107872
0.112864
0.110464
0.107648
0.111808
0.107456
0.112448
0.108032
0.113120
0.106912
0.107776
0.111776
0.110688
0.110304
0.112064
0.107104
0.119776
0.108640
0.112320
0.107968
0.106400
0.107200
0.107136
0.107808
0.112800
0.107360
0.112832
0.110752
0.107392
0.112160
0.109984
0.111744
0.111840
0.107904
0.112096
0.109760
0.112512
0.111008
0.106848
0.113440
0.108064
0.114016
0.108544
0.111584
0.107968
0.108128
0.113376
0.110304
0.112288
0.108448
0.108928
0.112320
0.106464
0.112576
0.110784
0.106944
0.112448
0.110464
0.112416
0.111392
0.107360
0.111840
0.108032
0.114688
0.110240
0.113248
0.110560
0.112896
0.106752
0.107584
0.111616
0.107232
0.107232
0.112608
0.115200
0.112992
0.110816
0.111072
0.107328
0.108896
0.112320
0.107392
0.107392
0.112896
0.107136
0.112160
0.107072
0.107296
0.112704
0.108512
0.112544
0.107392
0.108128
0.112160
0.107648
0.111840
0.107520
0.107232
0.112224
0.106848
0.106976
0.113408
0.106368
0.112384
0.106976
0.107680
0.113536
0.107520
0.112480
0.107456
0.106848
0.110464
0.107168
0.107808
0.112960
0.110688
0.112352
0.111328
0.107168
0.113632
0.108672
0.112416
0.109056
0.106880
0.112800
0.110944
0.113184
0.106304
0.108352
0.112544
0.108864
0.112480
0.106336
0.107456
0.111328
0.108160
0.112544
0.107616
0.109888
0.112576
0.109984
0.111680
0.107712
0.106560
0.112160
0.110560
0.112416
0.107296
0.106400
0.111232
0.112224
0.112416
0.107424
0.107680
0.112416
0.109344
0.112384
0.106720
0.107488
0.111808
0.111232
0.107296
0.112704
0.107456
0.111712
0.112736
0.106720
0.118560
0.110080
0.113312
0.107456
0.110848
0.107648
0.106688
0.112384
0.106368
0.107840
0.112768
0.112384
0.107200
0.111712
0.112800
0.106688
0.112064
0.107808
0.112896
0.112384
0.107648
0.112416
0.107200
0.112384
0.106720
0.107840
0.112352
0.107744
0.112096
0.106816
0.110944
0.111424
0.106816
0.107456
0.113280
0.107584
0.111776
0.107488
0.109248
0.111968
0.106240
0.125920
0.108416
0.111424
0.108096
0.110400
0.113088
0.107488
0.111968
0.108000
0.108544
0.112800
0.107456
0.112864
0.117056
0.112128
0.106752
0.112128
0.119744
0.110400
0.111904
0.109728
0.112800
0.106624
0.111776
0.111328
0.107840
0.113568
0.109472
0.112480
0.106592
0.109856
0.111360
0.107328
0.112704
0.109792
0.112736
0.107200
0.110464
0.112128
0.107744
0.110880
0.111456
0.109696
0.112640
0.107648
0.107648
0.110624
0.111264
0.111872
0.109504
0.112128
0.107296
0.119008
0.107776
0.106784
0.110336
0.110656
0.110048
0.106944
0.109824
0.110656
0.107264
0.107488
0.111680
0.110528
0.112640
0.107616
0.106976
0.118144
0.107968
0.111424
0.107232
0.107712
0.113152
0.109184
0.113856
0.107328
0.107584
0.113248
0.113152
0.113632
0.108224
0.113376
0.108000
0.110752
0.118752
0.108320
0.112416
0.107200
0.112576
0.108064
0.107392
0.112992
0.106880
0.113248
0.106880
0.107936
0.112320
0.107264
0.111392
0.106784
0.109376
0.106976
0.107648
0.107456
0.112672
0.107584
0.111904
0.107232
0.108960
0.112064
0.107168
0.107616
0.112704
0.107136
0.112352
0.111200
0.109952
0.111232
0.107872
0.113056
0.110752
0.110464
0.112512
0.107264
0.111872
0.107264
0.108672
0.112416
0.110816
0.112448
0.107456
0.111936
0.110624
0.106560
0.112128
0.107296
0.112928
0.107584
0.107520
0.112832
0.107104
0.112160
0.106720
0.107648
0.116000
0.107296
0.112864
0.111424
0.110368
0.111616
0.107488
0.112512
0.113312
0.109184
0.112320
0.107136
0.112192
0.112416
0.106176
0.112128
0.108064
0.112512
0.112448
0.106368
0.112640
0.106560
0.112704
0.109088
0.113632
0.108416
0.111328
0.113376
0.111456
0.113536
0.107264
0.113280
0.107712
0.109088
0.111936
0.106688
0.119840
0.107616
0.112480
0.107808
0.112896
0.111456
0.110656
0.108192
0.107264
0.127712
0.106976
0.121920
0.108096
0.112704
0.112480
0.106784
0.108064
0.106304
0.107808
0.107168
0.107712
0.107552
0.108064
0.107456
0.111648
0.111072
0.106464
0.112128
0.107232
0.112128
0.119488
0.111552
0.112256
0.108800
0.112096
0.108192
0.112064
0.112096
0.112672
0.110976
0.107392
0.112576
0.110080
0.111904
0.107712
0.111328
0.106912
0.111008
0.112544
0.111456
0.109664
0.112000
0.107392
0.111840
0.107360
0.107776
0.112512
0.108288
0.110464
0.107840
0.107360
0.113120
0.107872
0.107232
0.108192
0.110944
0.112864
0.112160
0.110208
0.112256
0.107328
0.112768
0.112960
0.113696
0.112192
0.111648
0.112896
0.108256
0.112544
0.110592
0.112416
0.107200
0.107712
0.112416
0.107904
0.112448
0.111296
0.112288
0.106880
0.111392
0.111776
0.109312
0.107680
0.112320
0.107296
0.111904
0.112512
0.106272
0.112672
0.107456
0.112448
0.112544
0.107392
0.112320
0.109824
0.112128
0.109824
0.112320
0.107648
0.106912
0.107360
0.106528
0.107488
0.111552
0.111936
0.108064
0.112000
0.107136
0.112192
0.112096
0.106848
0.112320
0.109792
0.111328
0.108160
0.107520
0.112640
0.107072
0.107520
0.111424
0.107136
0.112160
0.108096
0.112128
0.111776
0.108320
0.110464
0.107680
0.106592
0.112576
0.108128
0.112960
0.112544
0.106592
0.113088
0.106592
0.112832
0.107232
0.110400
0.107968
0.110400
0.112064
0.106752
0.106976
0.112224
0.108576
0.108544
0.110816
0.107840
0.109312
0.108736
0.107360
0.113344
0.107680
0.113952
0.107616
0.118560
0.108160
0.107680
0.112320
0.106528
0.112576
0.107296
0.110624
0.108480
0.111392
0.107456
0.106240
0.113216
0.111008
0.112864
0.108608
0.108896
0.112384
0.106688
0.107008
0.120832
0.112544
0.111136
0.111552
0.113120
0.106848
0.110592
0.109952
0.111040
0.112544
0.107520
0.112320
0.112096
0.112608
0.111872
0.107200
0.106560
0.107296
0.107424
0.110976
0.107520
0.107136
0.111616
0.109024
0.112416
0.112288
0.112768
0.110176
0.119808
0.110112
0.112800
0.112800
0.106368
0.110208
0.107712
0.108448
0.106944
0.107552
0.113536
0.106624
0.113088
0.112736
0.107904
0.109600
0.110592
0.116960
0.107456
0.107456
0.106208
0.110880
0.113024
0.112960
0.107104
0.110592
0.111744
0.111424
0.112288
0.106912
0.111392
0.107040
0.112448
0.111968
0.107488
0.107808
0.108672
0.107360
0.111040
0.110272
0.112640
0.111488
0.113024
0.110176
0.112160
0.107424
0.107584
0.110752
0.109536
0.112832
0.112096
0.107904
0.106784
0.107264
0.107552
0.109824
0.110336
0.107520
0.112640
0.116256
0.113088
0.110976
0.112288
0.107680
0.107072
0.110528
0.110144
0.112704
0.112256
0.107456
0.107296
0.107040
0.107360
0.107008
0.107584
0.106496
0.107648
0.107936
0.107776
0.112160
0.107392
0.107008
0.111872
0.107296
0.109184
0.110880
0.110944
0.112128
0.112544
0.107136
0.112576
0.106528
0.107744
0.112736
0.108064
0.107168
0.111744
0.107232
0.106848
0.106848
0.107648
0.109280
0.111872
0.113120
0.114112
0.113888
0.109632
0.107808
0.112864
0.107840
0.113376
0.112448
0.107072
0.112448
0.107616
0.109376
0.111264
0.107232
0.107648
0.117152
0.110176
0.112160
0.112128
0.111392
0.107040
0.107488
0.107840
0.108128
0.112448
0.107680
0.107008
0.109856
0.106400
0.107648
0.109664
0.114144
0.113184
0.106912
0.107712
0.109536
0.108064
0.107072
0.110240
0.107808
0.112768
0.110880
0.106528
0.111840
0.106112
0.107712
0.107072
0.107008
0.106752
0.117632
0.107840
0.112032
0.107648
0.107424
0.107776
0.108736
0.107008
0.107488
0.107648
0.112608
0.106592
0.107456
0.107840
0.107392
0.106976
0.109920
0.116960
0.108352
0.109856
0.107680
0.108128
0.118944
0.119072
0.108032
0.107680
0.107712
0.106240
0.107936
0.108384
0.112672
0.106912
0.112704
0.114176
0.111840
0.109920
0.107968
0.108192
0.109376
0.110432
0.107392
0.106656
0.112768
0.108512
0.107840
0.112672
0.107744
0.107776
0.106656
0.108256
0.112480
0.107360
0.106912
0.111008
0.107968
0.111968
0.109312
0.106688
0.113056
0.107296
0.110720
0.111360
0.107136
0.109408
0.106944
0.112736
0.107040
0.107456
0.112608
0.110784
0.109856
0.109248
0.107072
0.112288
0.110848
0.106336
0.113696
0.108768
0.113024
0.110912
0.106752
0.113376
0.106368
0.111200
0.107968
0.107904
0.112448
0.106976
0.110848
0.106752
0.107104
0.111104
0.109856
0.128000
0.107360
0.107040
0.108960
0.107808
0.111776
0.110752
0.107392
0.113440
0.107808
0.112064
0.107424
0.107104
0.112608
0.106240
0.111872
0.107776
0.108160
0.112352
0.108480
0.107456
0.111488
0.106816
0.112672
0.114080
0.108192
0.112224
0.107936
0.112864
0.109056
0.107648
0.107840
0.107776
0.113376
0.107648
0.106368
0.110848
0.106880
0.111872
0.107072
0.107360
0.112160
0.111072
0.108128
0.106816
0.107680
0.106528
0.107200
0.111616
0.112480
0.112384
0.112128
0.107456
0.106176
0.112448
0.112480
0.112960
0.112672
0.107744
0.111136
0.107136
0.112032
0.107936
0.107232
0.112256
0.107712
0.107264
0.115424
0.108000
0.111584
0.112032
0.107040
0.113248
0.112576
0.112384
0.112224
0.110144
0.107520
0.111168
0.110496
0.107648
0.112576
0.107072
0.107264
0.110752
0.108128
0.115712
0.110144
0.113312
0.107456
0.107360
0.112032
0.107328
0.112448
0.106784
0.112352
0.112128
0.107648
0.112448
0.107008
0.112736
0.107808
0.107712
0.113472
0.108864
0.111680
0.112864
0.108192
0.112832
0.108320
0.111584
0.107872
0.107136
0.111808
0.107200
0.111648
0.107904
0.106240
0.112384
0.107360
0.112640
0.111104
0.109280
0.111936
0.107424
0.112032
0.112320
0.109216
0.112320
0.107648
0.111712
0.110400
0.107520
0.111168
0.107744
0.107776
0.112608
0.107648
0.112384
0.107360
0.107040
0.112480
0.106688
0.112320
0.112640
0.107456
0.112224
0.106720
0.110368
0.111520
0.110528
0.113792
0.107648
0.112000
0.107456
0.107040
0.112320
0.107520
0.109504
0.112320
0.107904
0.113184
0.106976
0.106080
0.112896
0.106432
0.111776
0.106944
0.108000
0.110816
0.107264
0.107360
0.111808
0.107136
0.110912
0.107648
0.107520
0.111008
0.107424
0.111520
0.107680
0.106080
0.112000
0.111392
0.109888
0.113248
0.107776
0.112480
0.111072
0.112832
0.105984
0.107520
0.113728
0.107968
0.108768
0.107680
0.108576
0.112384
0.108096
0.112928
0.108416
0.107840
0.107904
0.107680
0.111968
0.107072
0.106912
0.112640
0.107776
0.111872
0.107296
0.109376
0.107712
0.106272
0.112096
0.106976
0.107872
0.112608
0.106912
0.112480
0.110720
0.107392
0.111392
0.107296
0.110112
0.107744
0.107136
0.110432
0.111200
0.107328
0.111040
0.107072
0.112224
0.107136
0.107168
0.112576
0.107008
0.112032
0.106368
0.107232
0.107360
0.111104
0.107168
0.111616
0.114720
0.111680
0.107296
0.107232
0.112352
0.107264
0.107424
0.112832
0.106848
0.110464
0.111904
0.107456
0.112192
0.106624
0.111072
0.111264
0.107360
0.111808
0.109984
0.110208
0.107616
0.107168
0.112736
0.107904
0.112736
0.109184
0.112800
0.110592
0.109952
0.114112
0.106944
0.107264
0.112352
0.106624
0.113696
0.109312
0.108480
0.110400
0.107200
0.112640
0.107296
0.107104
0.111808
0.107840
0.110112
0.112928
0.109344
0.111808
0.107808
0.109504
0.112576
0.108160
0.113408
0.107616
0.109952
0.113120
0.106528
0.112608
0.106464
0.109984
0.116576
0.107584
0.111648
0.106976
0.110080
0.106784
0.107392
0.112128
0.108128
0.112672
0.107392
0.107712
0.111744
0.107104
0.108896
0.112544
0.112256
0.114176
0.107648
0.109344
0.113088
0.106528
0.112000
0.107168
0.108032
0.112960
0.107776
0.110592
0.112320
0.108096
0.111456
0.107232
0.108736
0.112800
0.109952
0.111360
0.107584
0.106624
0.112224
0.107200
0.111072
0.107744
0.110784
0.113408
0.106752
0.112608
0.106432
0.112384
0.108192
0.107136
0.113024
0.106624
0.112672
0.111264
0.109792
0.112704
0.107456
0.111136
0.113568
0.121472
0.107744
0.108160
0.112192
0.108544
0.113504
0.108064
0.113280
0.112480
0.108672
0.111584
0.108192
0.109920
0.113024
0.107104
0.111712
0.112160
0.114400
0.109248
0.107520
0.112896
0.110336
0.112832
0.107296
0.110944
0.112960
0.106816
0.111616
0.107328
0.112512
0.106880
0.110336
0.113280
0.107104
0.112928
0.106368
0.107488
0.110336
0.112448
0.110336
0.111008
0.107808
0.119616
0.107040
0.112032
0.112416
0.107520
0.107392
0.107104
0.106720
0.110208
0.106688
0.107136
0.111200
0.107392
0.110144
0.110016
0.107616
0.106496
0.112352
0.112224
0.112576
0.110752
0.112896
0.107488
0.111424
0.107104
0.109344
0.112384
0.108000
0.112352
0.107808
0.106944
0.110016
0.110464
0.113184
0.111296
0.112672
0.112128
0.107296
0.107456
0.107424
0.107360
0.106656
0.108480
0.112128
0.112416
0.109632
0.107264
0.107744
0.106304
0.109920
0.107776
0.112896
0.112704
0.107040
0.107552
0.106784
0.109984
0.106368
0.107456
0.113056
0.107680
0.107104
0.109312
0.107552
0.108160
0.107136
0.107168
0.115936
0.110816
0.112256
0.107840
0.106528
0.112640
0.111680
0.107840
0.107264
0.107296
0.107456
0.106848
0.109024
0.108256
0.112416
0.107456
0.112640
0.113440
0.116448
0.107552
0.108224
0.110912
0.110784
0.112544
0.112288
0.107488
0.107488
0.107392
0.108256
0.110880
0.112480
0.106944
0.112064
0.112000
0.115712
0.111232
0.111904
0.107776
0.109952
0.107552
0.110784
0.112512
0.106912
0.112256
0.107872
0.109984
0.107456
0.107168
0.113344
0.107680
0.110208
0.107936
0.107264
0.111008
0.111744
0.107232
0.110592
0.107008
0.115712
0.112736
0.113536
0.111936
0.108832
0.110592
0.108416
0.108512
0.113376
0.110880
0.107552
0.107680
0.112512
0.107744
0.110464
0.107328
0.110432
0.107456
0.108576
0.107232
0.112160
0.111296
0.109728
0.108256
0.110400
0.112096
0.107008
0.111040
0.106752
0.111200
0.107904
0.107616
0.112128
0.106720
0.110912
0.107136
0.108128
0.112864
0.112608
0.112448
0.107296
0.107392
0.112416
0.112544
0.112096
0.107840
0.107392
0.112416
0.112160
0.112224
0.112128
0.111488
0.108416
0.107808
0.112800
0.111904
0.107456
0.110272
0.110720
0.112832
0.111488
0.116160
0.112320
0.107232
0.110304
0.110176
0.112544
0.106560
0.107264
0.107712
0.113024
0.112192
0.107232
0.106816
0.107712
0.113728
0.111648
0.113152
0.112544
0.107968
0.107616
0.111968
0.112672
0.112032
0.108000
0.107744
0.115008
0.111488
0.110560
0.107968
0.112576
0.107808
0.106560
0.112608
0.112800
0.110880
0.107232
0.112160
0.107904
0.106656
0.112160
0.117632
0.114016
0.110464
0.107232
0.111680
0.106752
0.112736
0.106528
0.107200
0.112544
0.107616
0.107456
0.106688
0.108128
0.106624
0.112352
0.107520
0.112416
0.111648
0.112736
0.111136
0.106976
0.107712
0.109056
0.108256
0.110848
0.107872
0.108672
0.107616
0.107776
0.107200
0.107392
0.107136
0.107744
0.107680
0.108032
0.107648
0.111872
0.112064
0.108672
0.110048
0.107392
0.110784
0.112256
0.112128
0.108352
0.109408
0.107136
0.112448
0.112736
0.107360
0.114368
0.111712
0.110624
0.113760
0.108064
0.107488
0.107200
0.107488
0.111040
0.121760
0.110560
0.106944
0.112512
0.107232
0.107872
0.108544
0.113088
0.113856
0.112576
0.108352
0.106432
0.111424
0.113088
0.109984
0.107456
0.107040
0.108576
0.109632
0.106944
0.112224
0.113600
0.109600
0.107520
0.112704
0.107616
0.112864
0.111392
0.108512
0.113888
0.112352
0.112000
0.110240
0.107840
0.109600
0.112352
0.112448
0.111488
0.111584
0.107104
0.111136
0.106688
0.107616
0.106624
0.107424
0.112320
0.112128
0.111520
0.111456
0.110016
0.106400
0.112704
0.110240
0.112512
0.111392
0.110432
0.107776
0.112416
0.113024
0.111008
0.111072
0.112704
0.111200
0.111968
0.111840
0.112768
0.110496
0.108608
0.112800
0.110240
0.108960
0.107232
0.111936
0.111584
0.112416
0.111776
0.111840
0.109472
0.112480
0.110912
0.110976
0.110368
0.112160
0.111840
0.116992
0.110560
0.108704
0.110880
0.112928
0.110048
0.110688
0.108800
0.108000
0.118080
0.113376
0.112992
0.111872
0.111360
0.109216
0.107680
0.107072
0.113056
0.110432
0.112576
0.107360
0.111392
0.112224
0.111168
0.112192
0.108448
0.112864
0.107232
0.110752
0.108000
0.109984
0.107456
0.112160
0.107456
0.111584
0.107744
0.110400
0.106688
0.110016
0.111744
0.107072
0.112192
0.110944
0.107584
0.110496
0.111424
0.106496
0.110848
0.107328
0.112992
0.110304
0.107744
0.109792
0.106816
0.112032
0.109408
0.107328
0.112704
0.107136
0.112224
0.111936
0.108128
0.111488
0.110816
0.111744
0.112960
0.106976
0.112320
0.112128
0.112288
0.112768
0.111520
0.107040
0.107200
0.111872
0.112320
0.107232
0.110880
0.110080
0.107392
0.112096
0.112448
0.112000
0.107264
0.217952
0.113888
0.109664
0.106432
0.109984
0.112544
0.119616
0.112896
0.112064
0.113792
0.107744
0.110336
0.112256
0.113664
0.112512
0.107648
0.111296
0.109024
0.107744
0.110272
0.113280
0.111776
0.124192
0.107584
0.114784
0.113600
0.107232
0.107680
0.109952
0.113216
0.110656
0.108064
0.107648
0.107808
0.112384
0.111776
0.110048
0.107776
0.107936
0.112224
0.110368
0.111520
0.110464
0.107232
0.107936
0.108032
0.107872
0.127648
0.113216
0.118912
0.110496
0.109856
0.107648
0.113152
0.112288
0.112672
0.110688
0.112992
0.107936
0.108032
0.112224
0.112480
0.112160
0.110624
0.107872
0.112352
0.112576
0.112608
0.114592
0.113856
0.112832
0.112384
0.111328
0.111520
0.110944
0.110208
0.111136
0.111520
0.112384
0.109920
0.111712
0.107104
0.109984
0.112800
0.112192
0.112608
0.112384
0.112320
0.112480
0.113504
0.106816
0.111584
0.112960
0.112832
0.112224
0.112416
0.110432
0.107328
0.112448
0.111840
0.111936
0.111584
0.111104
0.111296
0.106624
0.110336
0.112736
0.114304
0.114080
0.108512
0.112608
0.108000
0.112544
0.111936
0.112064
0.110240
0.111840
0.112768
0.111392
0.112288
0.108384
0.107712
0.107136
0.112448
0.119200
0.113312
0.112064
0.111616
0.112096
0.111584
0.108160
0.106240
0.112736
0.110880
0.111840
0.107008
0.112064
0.112544
0.110656
0.110336
0.107840
0.113504
0.111968
0.111648
0.112096
0.107296
0.107136
0.111712
0.107200
0.115232
0.108224
0.109184
0.111360
0.112096
0.107136
0.110688
0.112032
0.112896
0.111520
0.110688
0.107296
0.106624
0.107040
0.111040
0.107392
0.111776
0.112512
0.112384
0.106944
0.107456
0.111776
0.107264
0.109376
0.114720
0.112416
0.113440
0.108128
0.112064
0.113248
0.112320
0.113184
0.112960
0.111328
0.111040
0.106880
0.112960
0.111392
0.113056
0.112544
0.113056
0.110016
0.108000
0.108416
0.112000
0.107360
0.109344
0.108448
0.112128
0.110144
0.107488
0.106848
0.113088
0.106688
0.109568
0.107040
0.112928
0.107488
0.108544
0.108096
0.115456
0.109760
0.106912
0.107232
0.107200
0.112512
0.111936
0.110176
0.108064
0.106816
0.106880
0.107168
0.108160
0.108000
0.107168
0.107296
0.107776
0.108096
0.108000
0.112256
0.112032
0.112640
0.112320
0.106784
0.109728
0.111616
0.112864
0.112576
0.108224
0.107456
0.112512
0.112352
0.111872
0.109056
0.110720
0.107104
0.108160
0.107712
0.108032
0.111936
0.114528
0.115168
0.122880
0.114016
0.113600
0.108352
0.112224
0.107840
0.107008
0.107680
0.107744
0.112704
0.114112
0.111264
0.113056
0.112640
0.107488
0.111712
0.107776
0.108544
0.110496
0.107488
0.106848
0.107232
0.106848
0.108448
0.106848
0.107776
0.107680
0.107712
0.107552
0.106304
0.107584
0.106656
0.107424
0.107392
0.108000
0.107648
0.106816
0.107584
0.107040
0.107008
0.106368
0.107552
0.107712
0.107584
0.109504
0.106720
0.112896
0.109888
0.106592
0.106944
0.107424
0.108032
0.107584
0.107168
0.112128
0.112672
0.106624
0.107168
0.107296
0.107520
0.107840
0.108448
0.115808
0.115232
0.116576
0.111360
0.115520
0.181664
0.122400
0.118240
0.116704
0.112256
0.115328
0.163392
0.117408
0.111808
0.112128
0.107040
0.110880
0.106560
0.111200
0.112256
0.112704
0.112672
0.111232
0.111168
0.110464
0.112448
0.106336
0.109024
0.108576
0.109056
0.113248
0.108096
0.108672
0.109984
0.108160
0.107552
0.112992
0.124096
0.108384
0.111712
0.107296
0.109504
0.110080
0.110624
0.113536
0.107552
0.115072
0.107488
0.107648
0.106880
0.109408
0.112224
0.110592
0.109760
0.113728
0.111968
0.112128
0.126336
0.106624
0.112704
0.113120
0.107968
0.112128
0.111744
0.108288
0.112128
0.107456
0.110688
0.112736
0.110080
0.121504
0.108416
0.107328
0.107392
0.111904
0.112160
0.112128
0.109760
0.107424
0.112704
0.111968
0.111168
0.107360
0.107008
0.113216
0.111776
0.112192
0.109344
0.107072
0.112192
0.111392
0.112480
0.107328
0.112064
0.107232
0.106336
0.109568
0.110944
0.112448
0.110592
0.112384
0.111328
0.109152
0.107840
0.110976
0.113472
0.110272
0.112672
0.107904
0.108416
0.110336
0.111520
0.113696
0.114304
0.107264
0.111840
0.112512
0.111520
0.107296
0.112352
0.109376
0.110272
0.107200
0.107872
0.107488
0.110272
0.111072
0.111232
0.110848
0.115200
0.112512
0.108096
0.110656
0.112384
0.180928
0.117440
0.113472
0.113120
0.108064
0.107328
0.112416
0.112480
0.111872
0.107104
0.107744
0.111968
0.108128
0.112128
0.112576
0.112192
0.111008
0.107488
0.112576
0.112672
0.109408
0.107968
0.111136
0.108928
0.107904
0.111904
0.110176
0.106752
0.112448
0.112544
0.112992
0.112032
0.111520
0.108864
0.106752
0.112224
0.112320
0.118688
0.112640
0.111584
0.109824
0.106624
0.112192
0.111552
0.116704
0.111168
0.108256
0.107008
0.111936
0.111680
0.109568
0.109664
0.111136
0.116704
0.107904
0.112384
0.111680
0.111840
0.107456
0.111968
0.112960
0.113696
0.116608
0.111488
0.110464
0.113056
0.112960
0.111008
0.113120
0.112800
0.113440
0.107680
0.107360
0.111936
0.111904
0.112064
0.109152
0.107264
0.113440
0.112576
0.112032
0.107488
0.106624
0.112864
0.106688
0.110592
0.112704
0.113088
0.108384
0.106880
0.110816
0.111552
0.107136
0.111328
0.109408
0.115808
0.112992
0.112160
0.107456
0.107520
0.111680
0.107168
0.110784
0.114240
0.110208
0.111968
0.112320
0.111232
0.112256
0.112640
0.107552
0.106976
0.112704
0.111264
0.111648
0.107584
0.110304
0.112736
0.109952
0.109536
0.107392
0.106944
0.113344
0.106752
0.110208
0.112000
0.113056
0.112384
0.107584
0.108256
0.112000
0.112288
0.111360
0.110848
0.113280
0.107456
0.108064
0.112064
0.109216
0.111840
0.106976
0.110016
0.113088
0.108320
0.107200
0.117280
0.111072
0.108288
0.107680
0.107328
0.108192
0.111264
0.110912
0.110688
0.113696
0.107168
0.110304
0.109632
0.110848
0.112480
0.107296
0.108096
0.107808
0.114144
0.112384
0.107040
0.107520
0.112512
0.107136
0.106496
0.110688
0.109632
0.112352
0.107040
0.110752
0.111552
0.112320
0.112960
0.106400
0.111520
0.106528
0.107136
0.112544
0.107744
0.107616
0.111296
0.108064
0.109248
0.107904
0.107328
0.112576
0.108608
0.107040
0.109568
0.107264
0.107584
0.109152
0.108032
0.113056
0.107232
0.109312
0.111552
0.107616
0.109344
0.110368
0.108192
0.112864
0.107680
0.106880
0.111136
0.106624
0.112416
0.106720
0.115360
0.110496
0.106976
0.112320
0.109120
0.108128
0.111904
0.106944
0.110240
0.111520
0.111360
0.110816
0.107200
0.106880
0.107520
0.108736
0.124992
0.108832
0.113216
0.108032
0.112320
0.107872
0.109696
0.110464
0.109408
0.120000
0.126016
0.108992
0.111136
0.111552
0.107552
0.110048
0.107584
0.106976
0.113152
0.108512
0.111392
0.107712
0.107072
0.112256
0.107232
0.108640
0.113312
0.110176
0.112384
0.108896
0.107136
0.111648
0.107264
0.110912
0.112064
0.108096
0.112448
0.107776
0.107264
0.106912
0.107680
0.107840
0.107072
0.111168
0.107904
0.111296
0.110048
0.106400
0.107040
0.110720
0.112320
0.109632
0.112096
0.107968
0.110400
0.107104
0.107232
0.110912
0.107296
0.106912
0.113888
0.107520
0.110720
0.111936
0.107616
0.112480
0.107456
0.110912
0.106784
0.110304
0.110272
0.107136
0.108928
0.116768
0.108448
0.112320
0.107872
0.107520
0.112320
0.109664
0.112800
0.108288
0.107328
0.110304
0.106784
0.127616
0.111712
0.107680
0.111328
0.113056
0.108064
0.112544
0.107744
0.111552
0.111648
0.107328
0.112192
0.107808
0.112192
0.109312
0.106464
0.112768
0.107744
0.111264
0.110944
0.109760
0.112064
0.106944
0.107520
0.111936
0.107040
0.110592
0.112896
0.107360
0.112384
0.106880
0.109728
0.112480
0.106592
0.112672
0.107648
0.107776
0.112416
0.111776
0.107136
0.111648
0.107072
0.111520
0.113504
0.113152
0.109600
0.110624
0.111200
0.107552
0.111872
0.108896
0.114240
0.110464
0.111040
0.110880
0.107872
0.112448
0.107520
0.106336
0.110272
0.107616
0.112768
0.107712
0.106624
0.113024
0.106560
0.106880
0.112128
0.112128
0.112640
0.107040
0.107296
0.111808
0.111424
0.110848
0.107648
0.107904
0.112576
0.106912
0.106560
0.108000
0.106752
0.110272
0.107968
0.109056
0.111360
0.107840
0.107872
0.111520
0.108288
0.107936
0.109824
0.113024
0.125984
0.112672
0.107232
0.112640
0.106528
0.107360
0.112960
0.108416
0.118080
0.113152
0.113152
0.110400
0.107840
0.106496
0.112480
0.112800
0.107392
0.110912
0.112224
0.108128
0.106464
0.112160
0.107936
0.112608
0.108032
0.107264
0.113568
0.106784
0.112096
0.107200
0.107040
0.112224
0.112288
0.113376
0.107232
0.108032
0.112256
0.111584
0.112864
0.110848
0.112512
0.127616
0.116576
0.111200
0.112864
0.110656
0.112416
0.107392
0.109664
0.112608
0.117568
0.112992
0.106656
0.107616
0.112576
0.113120
0.113408
0.107808
0.111840
0.107136
0.107680
0.110368
0.112384
0.110432
0.112928
0.110560
0.112768
0.109024
0.111552
0.112992
0.112512
0.108096
0.107904
0.112160
0.111392
0.114240
0.108768
0.107872
0.109696
0.107328
0.111520
0.112448
0.110048
0.114592
0.107648
0.110688
0.107648
0.112832
0.111456
0.107456
0.112864
0.114624
0.117504
0.106464
0.111456
0.111104
0.107456
0.112224
0.111136
0.113152
0.111840
0.111744
0.107104
0.107584
0.112096
0.110144
0.107456
0.111808
0.113952
0.112224
0.107712
0.107328
0.112608
0.112608
0.111616
0.107616
0.106624
0.112096
0.111200
0.113152
0.113984
0.114784
0.113024
0.111680
0.110752
0.110656
0.111264
0.107520
0.112384
0.112032
0.109312
0.111648
0.106432
0.116352
0.108480
0.110912
0.108768
0.107488
0.112832
0.112448
0.110336
0.106560
0.111104
0.113120
0.112384
0.110240
0.106720
0.107936
0.107136
0.124544
0.113888
0.112672
0.107648
0.109568
0.111008
0.108256
0.108576
0.112576
0.108064
0.111392
0.115712
0.112128
0.106880
0.110112
0.107040
0.110560
0.112544
0.111168
0.113664
0.107584
0.119808
0.106944
0.107552
0.111168
0.112160
0.112832
0.109216
0.107104
0.111776
0.110368
0.109760
0.107392
0.107616
0.107552
0.111264
0.111136
0.112256
0.106528
0.107680
0.106272
0.107456
0.108320
0.112384
0.107232
0.106464
0.110496
0.106208
0.108608
0.107200
0.107744
0.111680
0.108416
0.112512
0.106912
0.107712
0.108128
0.107392
0.107392
0.110624
0.110304
0.111488
0.106976
0.106528
0.111424
0.110336
0.112640
0.106880
0.109056
0.110720
0.107136
0.113472
0.111424
0.107328
0.111680
0.108128
0.112544
0.110784
0.109696
0.115168
0.111776
0.114624
0.108192
0.112640
0.110464
0.113920
0.107904
0.113120
0.111072
0.110720
0.112512
0.108256
0.112128
0.109824
0.113248
0.110016
0.107520
0.112608
0.107296
0.112288
0.110176
0.110048
0.112352
0.108544
0.111776
0.107424
0.107168
0.112576
0.107008
0.111744
0.110976
0.107200
0.112128
0.107232
0.107552
0.111840
0.110912
0.112736
0.106496
0.107712
0.112416
0.109216
0.111648
0.107840
0.107040
0.111584
0.111552
0.111744
0.107648
0.107648
0.113056
0.110592
0.111904
0.107648
0.108448
0.109696
0.106944
0.108192
0.112896
0.110496
0.112576
0.109888
0.107584
0.111680
0.108224
0.112480
0.107424
0.107552
0.112608
0.111264
0.111712
0.107424
0.106208
0.112768
0.108320
0.109600
0.112416
0.106784
0.111424
0.107744
0.112064
0.109568
0.109600
0.111936
0.106912
0.107488
0.112416
0.110336
0.109728
0.111296
0.114016
0.107744
0.107744
0.112320
0.108896
0.110336
0.111200
0.118784
0.111264
0.107680
0.112896
0.109216
0.112672
0.107296
0.106272
0.112736
0.110912
0.108256
0.109536
0.112320
0.111296
0.106400
0.113088
0.110752
0.112704
0.117664
0.112800
0.107456
0.106784
0.112512
0.108064
0.112160
0.107360
0.108064
0.112768
0.111104
0.111296
0.109376
0.107104
0.112512
0.107872
0.112864
0.109536
0.107904
0.112672
0.107520
0.106400
0.113088
0.109568
0.112704
0.107808
0.107360
0.113184
0.110144
0.112096
0.107648
0.107456
0.112704
0.107776
0.112896
0.106624
0.107744
0.111840
0.110944
0.111264
0.107584
0.106976
0.111968
0.113472
0.106944
0.107648
0.112128
0.110912
0.113312
0.107008
0.108192
0.112160
0.110272
0.111488
0.110432
0.108128
0.113664
0.110752
0.112160
0.109216
0.106624
0.112640
0.107168
0.112960
0.107392
0.106912
0.112448
0.107456
0.107680
0.110944
0.109216
0.112448
0.107520
0.113024
0.109664
0.112832
0.106848
0.107584
0.112256
0.110848
0.112640
0.106784
0.112512
0.110144
0.119776
0.110048
0.107264
0.112768
0.109120
0.107392
0.111008
0.109664
0.111904
0.107904
0.107456
0.111872
0.109760
0.112192
0.110432
0.107392
0.118176
0.107296
0.111808
0.107968
0.107584
0.112352
0.106304
0.107200
0.111552
0.107904
0.120992
0.110976
0.112576
0.107360
0.107104
0.111616
0.107616
0.106880
0.113472
0.107776
0.111520
0.106912
0.111264
0.107648
0.106720
0.112320
0.110912
0.112544
0.107520
0.107104
0.112480
0.106720
0.107008
0.111712
0.111392
0.112576
0.107264
0.106944
0.111552
0.107712
0.106496
0.112864
0.108224
0.114208
0.111584
0.111904
0.107936
0.113024
0.112704
0.109600
0.112256
0.110784
0.110400
0.110368
0.106496
0.112864
0.106752
0.112000
0.110336
0.107552
0.110400
0.111648
0.107936
0.112000
0.110432
0.106400
0.112352
0.110080
0.112576
0.111456
0.106496
0.112544
0.106688
0.106976
0.112224
0.108256
0.113248
0.110592
0.107328
0.111232
0.112896
0.106208
0.109600
0.107904
0.111104
0.108128
0.106688
0.112480
0.106240
0.107072
0.112864
0.107520
0.108384
0.112704
0.107872
0.111776
0.107616
0.106944
0.112384
0.107648
0.112608
0.110240
0.111936
0.110944
0.111392
0.112800
0.107552
0.113600
0.111200
0.112064
0.107680
0.106976
0.112032
0.106496
0.107488
0.111904
0.107296
0.112288
0.106528
0.110752
0.111104
0.107456
0.111232
0.107584
0.108192
0.107424
0.107776
0.107456
0.113472
0.107744
0.111264
0.107168
0.107776
0.112960
0.109952
0.117632
0.107104
0.107104
0.107872
0.107616
0.112288
0.106944
0.107328
0.112576
0.111456
0.106784
0.107872
0.107840
0.112416
0.112288
0.111616
0.107808
0.107072
0.112576
0.107008
0.111808
0.107456
0.107392
0.112512
0.106688
0.129728
0.107552
0.110848
0.122528
0.112096
0.107680
0.107104
0.111936
0.111552
0.107488
0.108064
0.110400
0.112608
0.106784
0.110208
0.110720
0.107424
0.107168
0.108128
0.107616
0.110784
0.107456
0.111808
0.108032
0.106144
0.112320
0.111232
0.108128
0.110304
0.107136
0.112288
0.106880
0.112000
0.110080
0.107296
0.113344
0.112864
0.112416
0.106816
0.107488
0.111616
0.110240
0.112448
0.108000
0.107840
0.112032
0.107808
0.106944
0.112736
0.112512
0.113504
0.115456
0.113024
0.107776
0.107968
0.112960
0.107744
0.112320
0.112224
0.114336
0.111104
0.112640
0.111168
0.112192
0.107296
0.106592
0.116928
0.111264
0.113504
0.112864
0.110848
0.108480
0.111328
0.110464
0.112608
0.113728
0.112736
0.113440
0.112704
0.112064
0.107168
0.111584
0.112832
0.111968
0.114528
0.111008
0.110528
0.110848
0.111776
0.112704
0.112000
0.111488
0.107200
0.107840
0.113408
0.110624
0.112640
0.111552
0.112064
0.107360
0.110656
0.113536
0.110176
0.107424
0.106784
0.111392
0.112288
0.107744
0.106944
0.112320
0.110848
0.111040
0.107328
0.106368
0.110912
0.112544
0.112384
0.107296
0.107296
0.113280
0.106432
0.112672
0.107232
0.107424
0.117024
0.111776
0.129920
0.107712
0.110528
0.106816
0.111392
0.108032
0.107264
0.111136
0.109312
0.111840
0.109056
0.111552
0.107040
0.107840
0.107872
0.111744
0.107008
0.110048
0.112640
0.111584
0.112800
0.107392
0.107200
0.110752
0.111584
0.112640
0.106848
0.107040
0.112224
0.108000
0.107392
0.109568
0.111264
0.111680
0.113280
0.111744
0.112544
0.107488
0.110560
0.112256
0.110688
0.113344
0.111712
0.107840
0.107360
0.112448
0.112640
0.111712
0.112608
0.107072
0.110848
0.113504
0.112896
0.112416
0.110848
0.111296
0.107776
0.112352
0.108928
0.107584
0.107968
0.112320
0.111840
0.112000
0.107296
0.111712
0.109024
0.109088
0.120224
0.119808
0.112864
0.112992
0.111808
0.108576
0.112576
0.112928
0.113440
0.111552
0.107936
0.111104
0.112480
0.113344
0.112672
0.106752
0.108544
0.110112
0.108480
0.112160
0.112160
0.113664
0.119968
0.114816
0.152448
0.113216
0.108576
0.107488
0.111936
0.113728
0.113568
0.110048
0.107968
0.108000
0.111584
0.114528
0.110688
0.107680
0.106496
0.111936
0.107840
0.113632
0.107648
0.109088
0.112832
0.111584
0.111936
0.106176
0.111200
0.107744
0.112224
0.112032
0.111904
0.107616
0.108896
0.111872
0.110816
0.116832
0.112032
0.107072
0.112704
0.106848
0.112288
0.109632
0.111936
0.112768
0.107808
0.107520
0.111136
0.107712
0.106464
0.108640
0.107072
0.107648
0.116416
0.112768
0.107744
0.107232
0.107104
0.108352
0.107264
0.107392
0.107552
0.107904
0.106624
0.113120
0.107072
0.110688
0.110048
0.110464
0.110176
0.115232
0.107680
0.109696
0.107328
0.111424
0.107200
0.112352
0.112736
0.112640
0.108448
0.107872
0.106240
0.107360
0.107040
0.113440
0.110208
0.112896
0.107872
0.107424
0.112864
0.110176
0.112480
0.110208
0.112512
0.109664
0.106880
0.113344
0.106272
0.107040
0.107840
0.107808
0.107552
0.107392
0.109760
0.107456
0.110176
0.106400
0.108896
0.109952
0.112320
0.111168
0.106464
0.112672
0.112576
0.116992
0.107872
0.107328
0.111488
0.106720
0.111008
0.112128
0.113344
0.109472
0.107616
0.112224
0.107680
0.112416
0.106304
0.107264
0.110272
0.119808
0.112928
0.107904
0.107712
0.107136
0.107008
0.111552
0.112704
0.109696
0.113088
0.107488
0.108160
0.107296
0.106464
0.110400
0.110560
0.107136
0.107488
0.109280
0.107040
0.107328
0.107552
0.106880
0.107616
0.106080
0.112960
0.111328
0.112416
0.111168
0.107072
0.107616
0.106592
0.107264
0.109440
0.107904
0.112448
0.111904
0.107392
0.106880
0.107488
0.119264
0.111872
0.108512
0.112864
0.113472
0.106816
0.107968
0.107744
0.108224
0.112480
0.114368
0.114880
0.115328
0.112992
0.112096
0.107744
0.106976
0.107712
0.107776
0.107872
0.111424
0.108928
0.108192
0.109376
0.112384
0.112224
0.107616
0.108128
0.107744
0.112800
0.110112
0.107648
0.106304
0.107136
0.107680
0.108064
0.112256
0.112032
0.112480
0.106400
0.107552
0.107264
0.107872
0.107296
0.107936
0.107584
0.106816
0.107712
0.106784
0.107520
0.109664
0.107616
0.106944
0.110688
0.112928
0.111520
0.107296
0.107328
0.107712
0.107296
0.106976
0.109152
0.112384
0.107136
0.106816
0.112480
0.107520
0.107168
0.107328
0.109952
0.113280
0.107008
0.107424
0.107584
0.113216
0.112064
0.107488
0.107552
0.107872
0.107776
0.107680
0.116512
0.108160
0.108512
0.108128
0.107200
0.107936
0.111680
0.107808
0.107104
0.110528
0.111968
0.108288
0.112448
0.109664
0.107648
0.106848
0.107392
0.107392
0.107520
0.107488
0.111808
0.111072
0.106144
0.107872
0.110816
0.113120
0.112160
0.107808
0.107040
0.106624
0.107616
0.112224
0.107840
0.111936
0.107360
0.107520
0.106240
0.107744
0.106496
0.106848
0.107712
0.108384
0.107680
0.107328
0.107296
0.107200
0.107680
0.106720
0.107904
0.107808
0.107360
0.107104
0.106624
0.107200
0.106688
0.107296
0.106912
0.108704
0.108160
0.112672
0.109568
0.106656
0.108096
0.106432
0.107488
0.109696
0.107648
0.107488
0.106304
0.108192
0.106400
0.106816
0.107008
0.112768
0.112896
0.107712
0.110272
0.110528
0.112640
0.110048
0.106976
0.111168
0.107296
0.107648
0.107072
0.110464
0.111104
0.112256
0.107200
0.109888
0.108000
0.111104
0.109120
0.111744
0.111808
0.106624
0.112672
0.109184
0.107808
0.109920
0.116320
0.107616
0.106528
0.110144
0.107424
0.113312
0.110240
0.111936
0.108544
0.107520
0.107552
0.106432
0.107488
0.112896
0.106944
0.112480
0.109920
0.113024
0.110016
0.106912
0.107328
0.110272
0.107040
0.112480
0.110336
0.112256
0.112768
0.106592
0.112576
0.109952
0.109952
0.112224
0.106272
0.113152
0.109568
0.112288
0.110304
0.112320
0.107328
0.107840
0.110368
0.112160
0.112768
0.106656
0.110304
0.113056
0.109760
0.109408
0.111360
0.110944
0.112064
0.112544
0.112160
0.112576
0.107136
0.112512
0.109120
0.112288
0.113312
0.109600
0.107040
0.107616
0.112032
0.107008
0.107200
0.111616
0.111392
0.112224
0.110848
0.110208
0.112640
0.106944
0.112608
0.106816
0.107296
0.110752
0.108864
0.112576
0.112672
0.111968
0.107072
0.107776
0.111488
0.107744
0.107488
0.112128
0.110752
0.111936
0.110304
0.106816
0.112160
0.111872
0.112576
0.110912
0.112320
0.112544
0.106208
0.113184
0.111552
0.111872
0.112896
0.113440
0.107456
0.106880
0.112480
0.112160
0.111776
0.109568
0.107104
0.112608
0.110112
0.112320
0.109568
0.107424
0.108224
0.110304
0.110016
0.107936
0.107936
0.112672
0.107488
0.109504
0.107232
0.106240
0.108832
0.107232
0.113696
0.112928
0.109088
0.110368
0.110496
0.107040
0.112000
0.107552
0.109664
0.110944
0.107328
0.111712
0.112544
0.109216
0.111936
0.107200
0.109952
0.112928
0.106752
0.110816
0.106400
0.112064
0.107008
0.111552
0.112096
0.113184
0.107904
0.112256
0.112480
0.110848
0.107680
0.123712
0.108352
0.113376
0.111584
0.112512
0.111872
0.107712
0.108384
0.108864
0.112832
0.114912
0.112800
0.110496
0.107360
0.111840
0.107360
0.107936
0.107520
0.111392
0.113664
0.108768
0.110016
0.110816
0.107584
0.110976
0.107360
0.110144
0.107200
0.109184
0.112672
0.106208
0.109664
0.111744
0.106944
0.112320
0.107424
0.108576
0.106720
0.106944
0.107424
0.110848
0.107168
0.112416
0.108288
0.106912
0.113248
0.106848
0.111264
0.111776
0.109728
0.112640
0.111392
0.112224
0.112288
0.107360
0.110848
0.107584
0.109792
0.110208
0.107168
0.112320
0.110400
0.111872
0.108032
0.111584
0.112576
0.111296
0.106560
0.107776
0.106592
0.108064
0.112256
0.113088
0.106976
0.107744
0.112640
0.110848
0.112512
0.119040
0.113152
0.112192
0.112448
0.107680
0.109216
0.113600
0.108832
0.111840
0.119136
0.113472
0.112576
0.106976
0.107840
0.109920
0.112736
0.106240
0.110432
0.112864
0.112416
0.107296
0.106560
0.110688
0.111072
0.111904
0.110816
0.107712
0.107680
0.112128
0.112960
0.112224
0.107360
1102.542047
