0.579360
0.568960
0.568768
0.567680
0.565824
0.567456
0.568512
0.569376
0.567456
0.572672
0.566496
0.569792
0.566880
0.570144
0.571584
0.571968
0.567136
0.569088
0.567872
2.151776
0.577920
0.575936
0.570400
0.570080
0.566720
0.569600
0.566784
0.567264
0.569024
0.567648
0.569056
0.574464
0.566784
0.566240
0.566912
0.566944
0.568896
0.566368
0.567488
0.566944
0.568640
0.568288
0.567456
0.570816
0.566336
0.566656
0.568224
0.568000
0.567296
0.597088
0.573312
0.574912
0.569888
0.568032
0.568256
0.568352
0.568800
0.569664
0.569856
0.570336
0.570752
0.568416
0.571200
0.570880
0.568800
0.569152
0.569920
0.570880
0.567744
0.569856
0.568896
0.568096
0.566560
0.566336
0.566400
0.566912
0.567392
0.569248
0.568128
0.570176
0.570400
0.567424
0.566784
0.567904
0.566592
0.568480
0.566752
0.730848
0.561344
0.559904
0.560512
0.558944
0.560512
0.559360
0.560288
0.560000
0.559328
0.560704
0.560736
0.561440
0.560000
0.559904
0.560096
0.560224
0.562976
0.559072
0.559360
0.560864
0.559936
0.559008
0.560576
0.561216
0.560608
0.561184
0.560416
0.559712
0.559488
0.560320
0.561856
0.561760
0.561536
0.560224
0.561760
0.559008
0.559840
0.558240
0.559744
0.560928
0.559904
0.559488
0.569280
0.559840
0.560736
0.560448
0.561280
0.559936
0.561120
0.560352
0.561600
0.559776
0.559168
0.562688
0.563392
0.561728
0.559392
0.567744
0.564640
0.560832
0.558816
0.565248
0.562368
0.561376
0.559584
0.560928
0.560416
0.560128
0.559520
0.559008
0.559488
0.559168
0.561280
0.559392
0.560864
0.560096
0.558208
0.560960
0.559104
0.561440
0.561088
0.562624
0.579584
0.560576
0.560928
0.561248
0.561024
0.561440
0.559680
0.560064
0.573280
0.569632
0.560192
0.562240
0.560256
0.561248
0.561728
0.561760
0.564032
0.562112
0.561472
0.565216
0.561120
0.560928
0.561600
0.560352
0.560896
0.561024
0.561664
0.562112
0.562752
0.561632
0.561920
0.560640
0.563744
0.560896
0.561696
0.558688
0.561568
0.560448
0.561792
0.561760
0.561056
0.561152
0.560288
0.576128
0.565984
0.560320
0.559552
0.560800
0.559968
0.560672
0.559936
0.557952
0.560544
0.559168
0.561344
2.124160
0.563296
0.561312
0.567936
0.570944
0.565920
0.564544
0.558944
0.548032
0.519872
0.536032
0.517888
0.516960
0.517152
0.515456
0.516832
0.516384
0.514944
0.514752
0.513984
0.514144
0.514432
0.514112
0.514720
0.514752
0.513856
0.514784
0.514368
0.514208
0.516896
0.515200
0.516384
0.515392
0.515424
0.515104
0.516192
0.515104
0.515264
0.515040
0.516416
0.515104
0.515808
0.515168
0.515872
0.514080
0.515520
0.513984
0.517568
0.514496
0.518912
0.516544
0.513920
0.514752
0.516640
0.516288
0.519424
0.516000
0.516704
0.514784
0.516768
0.515008
0.516096
0.515072
0.514464
0.515904
0.513664
0.515200
0.515040
0.514816
0.517600
0.514368
0.515232
0.515040
0.517440
0.514336
0.516544
0.514912
0.516224
0.515296
0.516960
0.514784
0.517728
0.515360
0.516224
0.514240
0.515360
0.517152
0.519296
0.517088
0.516480
0.514272
0.515424
0.514304
0.516256
0.514304
0.514880
0.519680
0.525664
0.529472
0.531200
0.533632
0.529664
0.530976
0.523296
0.524320
0.540832
0.524448
0.530848
0.570016
0.530240
0.525984
0.526272
0.526976
0.516832
0.522560
0.523424
0.520288
0.518688
0.545984
0.524480
0.523488
0.525536
0.523296
0.523392
0.521440
0.518368
0.519648
0.518528
0.517984
0.518880
0.527840
0.520480
0.518400
0.518368
0.518112
0.518208
0.518656
0.518208
0.519456
0.517440
0.516928
0.517440
0.517920
0.518016
0.518528
0.517760
0.517696
0.516512
0.515968
0.516608
0.516096
0.517888
0.517472
0.518368
0.517760
0.518240
0.517376
0.517760
0.517056
0.518816
0.517632
0.517856
0.517696
0.520800
0.517696
0.518912
0.519072
0.518528
0.518976
0.517536
0.517344
0.517824
0.517600
0.523040
0.518208
0.516864
0.516288
0.517792
0.518464
0.529312
0.518464
0.517664
0.519040
0.520512
0.516160
0.517472
0.513472
0.516768
0.514784
0.516320
0.514688
0.515392
0.514624
0.516512
0.515104
0.518528
0.512352
0.509472
0.509216
0.508448
0.510592
0.510432
0.509504
0.509792
0.506976
0.508256
0.508096
0.509280
0.508960
0.510016
0.509632
0.508768
0.509760
0.510048
0.509600
0.509376
0.507712
0.509920
0.508320
0.510816
0.508000
0.511552
0.509440
0.510848
0.508672
0.509184
0.509888
0.509856
0.509792
0.511648
0.509664
0.509600
0.509856
0.510016
0.508992
0.512416
0.510656
0.509824
0.509184
0.508992
0.510400
0.508256
0.508992
0.508928
0.509632
0.510592
0.510240
0.510240
0.510048
0.509440
0.513920
0.509408
0.509984
0.509216
0.510848
0.508640
0.508192
0.507744
0.509536
0.510624
0.508352
0.509408
0.509024
0.508672
0.509216
0.508256
0.508416
0.509504
0.509152
0.509024
0.507904
0.507936
0.508544
0.509152
0.510528
0.508448
0.508544
0.509440
0.510880
0.509248
0.508640
0.509184
0.507552
0.509088
0.513088
0.512160
0.508384
0.508864
0.509280
0.507968
0.510080
0.507968
0.508608
0.510080
0.509664
0.509152
0.509952
0.510240
0.509440
0.509088
0.510240
0.509440
0.510560
0.509248
0.510784
0.509248
0.509504
0.507744
0.511648
0.510400
0.512384
0.510784
0.510400
0.510624
0.507552
0.508608
0.508640
0.509632
0.509280
0.512032
0.512544
0.512704
0.512032
0.513120
0.519232
0.510272
0.509792
0.509824
0.509728
0.513568
0.517984
0.516352
0.511424
0.512640
0.511776
0.518144
0.512544
0.513376
0.512192
0.513824
0.512704
0.511104
0.511232
0.511872
0.513504
0.511456
0.510272
0.510272
0.509216
0.511136
0.513504
0.511616
0.510560
0.511328
0.511552
0.510496
0.510848
0.510304
0.512384
0.513888
0.510752
0.513664
0.511456
0.511936
0.511744
0.511328
0.511936
0.513568
0.511840
0.511776
0.512064
0.509920
0.515392
0.512672
0.512000
0.511584
0.509984
0.512320
0.511808
0.511840
0.510912
0.512032
0.512960
0.512768
0.510528
0.512640
0.511712
0.513920
0.513472
0.513696
0.512768
0.512384
0.512384
0.512576
0.511552
0.512192
0.510752
0.513184
0.511456
0.512320
0.512736
0.512640
0.511744
0.512128
0.510816
0.511424
0.511616
0.512736
0.511040
0.511904
0.511168
0.514240
0.509184
0.513472
0.511328
0.515104
0.510496
0.511584
0.511232
0.511968
0.511456
0.511136
0.510368
0.511552
0.510784
0.512544
0.510688
0.513024
0.512128
0.512544
0.511808
0.512512
0.512032
0.511232
0.512640
0.510848
0.512544
0.513440
0.512960
0.515648
0.514976
0.514368
0.513248
0.514016
0.510240
0.513344
0.511328
0.512448
0.511616
0.510816
0.513600
0.511776
0.512608
0.516320
0.517472
0.513760
0.513696
0.513984
0.511424
0.512160
0.511424
0.512224
0.510784
0.512096
0.513376
0.526016
0.515040
0.512256
0.513120
0.514240
0.513280
0.510848
0.512192
0.511712
0.511328
0.512416
0.513184
0.515104
0.516896
0.511840
0.513536
0.511584
0.516608
0.512064
0.513312
0.512416
0.512544
0.513024
0.514816
0.511808
0.511520
0.511136
0.509984
0.511072
0.511072
0.513440
0.511072
0.512288
0.512768
0.510944
0.512256
0.512416
0.511904
0.514144
0.511968
0.511936
0.511200
0.511616
0.510656
0.511296
0.511904
0.513216
0.526368
0.511552
0.512224
0.511488
0.512032
0.511424
0.514080
0.512096
0.511648
0.512608
0.511296
0.509152
0.509728
0.512000
0.513088
0.510400
0.510016
0.509152
0.510464
0.510912
0.508640
0.509344
0.509632
0.511264
0.508640
0.516512
0.507808
0.509088
0.509152
0.509824
0.509248
0.510912
0.508832
0.508800
0.508672
0.507904
0.509792
0.507968
0.509984
0.510336
0.509280
0.509120
0.508384
0.509440
0.509504
0.508096
0.508544
0.509632
0.509536
0.508928
0.508352
0.507360
0.508672
0.513216
0.508064
0.508800
0.510432
0.509696
0.508896
0.509472
0.509888
0.510048
0.510048
0.509952
0.509504
0.507968
0.510752
0.511520
0.513440
0.510272
0.511200
0.510432
0.509280
0.509952
0.509568
0.509856
0.509856
0.509984
0.508960
0.509088
0.510976
0.507648
0.509600
0.507712
0.509536
0.510720
0.509984
0.508768
0.510400
0.510144
0.513504
0.509920
0.507680
0.509344
0.508352
0.511008
0.509056
0.507776
0.509632
0.508832
0.509792
0.509696
0.509344
0.511424
0.508896
0.508704
0.508864
0.518560
0.509056
0.511296
0.509408
0.508480
0.509216
0.508352
0.509248
0.507648
0.507872
0.508608
0.508480
0.510528
0.509280
0.509216
0.508192
0.509728
0.507680
0.510496
0.509632
0.509984
0.509920
0.508768
0.508928
0.509376
0.510080
0.509696
0.508416
0.510496
0.508544
0.509184
0.508384
0.509696
0.507872
0.509504
0.508832
0.508608
0.509504
0.509568
0.511232
0.509920
0.510080
0.510656
0.508832
0.509280
0.510336
0.509504
0.509024
0.509824
0.509600
0.510240
0.512448
0.512704
0.509120
0.508928
0.509440
0.508064
0.508032
0.508736
0.509760
0.508928
0.509280
0.507712
0.508992
0.508672
0.507616
0.509312
0.508256
0.509728
0.508896
0.508704
0.509312
0.508288
0.509152
0.508352
0.510208
0.508448
0.522112
0.511744
0.508768
0.509632
0.508480
0.510144
0.509504
0.508064
0.509792
0.509632
0.509920
0.509024
0.509920
0.508768
0.508480
0.509568
0.522816
0.512288
0.509216
0.509088
0.511424
0.514080
0.510496
0.509088
0.508512
0.509216
0.511680
0.507552
0.510496
0.509408
0.509760
0.510048
0.508864
0.512864
0.509504
0.510528
0.508672
0.509088
0.507840
0.509600
0.509696
0.509792
0.509600
0.508736
0.509184
0.509760
0.512832
0.509664
0.508832
0.509696
0.508096
0.509504
0.507936
0.509440
0.508928
0.508640
0.508960
0.508832
0.509888
0.508032
0.509120
0.513824
0.510112
0.509472
0.508544
0.508224
0.509728
0.508608
0.508960
0.509536
0.508320
0.509056
0.508576
0.510528
0.508704
0.510432
0.513024
0.510880
0.511488
527.996128
