0.588608
0.568928
0.573440
0.566432
0.574880
0.568256
0.571904
0.568352
0.572544
0.567296
0.570752
0.566752
0.569952
0.566752
0.569792
0.567936
0.566144
0.568064
0.567168
0.567840
0.565632
0.571520
0.568288
0.569056
0.567232
0.587584
0.578880
0.575456
0.578144
0.573568
0.568800
0.572256
0.567168
0.568320
0.567584
0.567968
0.567776
0.567328
0.566368
0.566048
0.567936
0.569856
0.570944
0.568896
0.569920
0.567936
0.568000
0.567456
0.567168
0.566112
0.567424
0.567296
0.567488
0.569856
0.565952
0.568096
0.567744
0.568672
0.566048
0.566720
0.569088
0.565504
0.568288
0.566432
0.572192
0.566496
0.570208
0.567968
0.566144
0.567168
0.569696
0.566208
0.572000
0.568608
0.568032
0.567872
0.566624
0.570496
0.576352
0.576640
0.576256
0.570240
0.570848
0.569408
0.569728
0.566912
0.570432
0.566976
0.572768
0.564128
0.563040
0.561024
0.561088
0.559360
0.564480
0.561632
0.562208
0.563872
0.562688
0.559680
0.558880
0.558560
0.561056
0.562688
0.559936
0.561568
0.558912
0.559104
0.560384
0.560128
0.566592
0.560832
0.562048
0.562112
0.562528
0.560064
0.559072
0.559936
0.560800
0.560864
0.559232
0.561344
0.560224
0.560224
0.558688
0.573888
0.560256
0.560032
0.558752
0.560928
0.560352
0.560544
0.565792
0.560960
0.562656
0.560320
0.567808
0.571712
0.572480
0.572928
0.578752
0.563360
0.559744
0.560928
0.561632
0.559552
0.565792
0.566848
0.562112
0.562208
0.561632
0.563168
0.564960
0.564096
0.560672
0.560736
0.559520
0.560128
0.562464
0.560544
0.562112
0.560448
0.558528
0.559648
0.559104
0.561184
0.560416
0.560832
0.559680
0.558560
0.559232
0.559712
0.560704
0.558432
0.560896
0.560096
0.560224
0.559392
0.562656
0.561568
0.559072
0.561312
0.559968
0.561600
0.560512
0.560032
0.585184
0.569536
0.562592
0.560000
0.562528
0.570336
0.564000
0.562816
0.562176
0.560576
0.563200
0.561792
0.560864
0.560448
0.561632
0.559872
0.568352
0.565728
0.562112
0.561312
0.560576
0.561952
0.561024
0.561376
0.560672
0.566976
0.560448
0.560096
0.559968
0.559840
0.561088
0.560704
0.560448
0.559616
0.558944
0.560992
0.559776
0.560448
0.559872
0.559904
0.560480
0.560256
0.559424
0.566048
0.560512
0.559392
0.560224
0.558816
0.566816
0.568064
0.567168
0.564448
0.561344
0.559072
0.560224
0.561632
0.560704
0.559072
0.558304
0.559520
0.559904
0.560000
0.559200
0.560000
0.566336
0.560224
0.559968
0.560896
0.560032
0.562560
0.562816
0.561184
0.560160
0.560320
0.560864
0.559680
0.559808
0.559168
0.560992
0.561408
0.560000
0.559808
0.559072
0.560256
0.561440
0.561600
0.560192
0.559680
0.558912
0.559840
0.559424
0.558656
0.561664
0.560608
0.559904
0.560288
0.558784
0.559232
0.560352
0.559584
0.560864
0.558624
0.563424
0.560416
0.559808
0.560576
0.559840
0.559168
0.560128
0.560224
0.560160
0.560480
0.559872
0.558144
0.560096
0.560960
0.560096
0.559040
0.560480
0.559136
0.560896
0.560928
0.567168
0.558432
0.562368
0.559680
0.559712
0.561120
0.559680
0.559136
0.558944
0.560704
0.560192
0.559648
0.560096
0.560032
0.562592
0.562368
0.561376
0.559616
0.561600
0.562144
0.568352
3.355232
0.529408
0.633792
0.529632
0.528864
0.529472
0.527360
0.543456
0.527392
0.519360
0.518848
0.521280
0.521344
0.520576
0.520800
0.522304
0.523456
0.522880
0.523488
0.524608
0.518848
0.516544
0.515712
0.514496
0.517152
0.514656
0.517056
0.513696
0.521184
0.516704
0.515936
0.516096
0.516096
0.521344
0.513568
0.514880
0.515616
0.515392
0.515712
0.515584
0.517376
0.516832
0.515648
0.513216
0.515392
0.515552
0.515840
0.514880
0.513472
0.515872
0.515456
0.515936
0.514048
0.515872
0.520576
0.516640
0.515520
0.516448
0.515136
0.514656
0.515296
0.515456
0.516288
0.515968
0.516768
0.516640
0.529312
0.515808
0.514848
0.516256
0.514976
0.514368
0.514816
0.514272
0.517088
0.513888
0.515072
0.513536
0.515424
0.514272
0.514432
0.515264
0.514304
0.515168
0.514752
0.515232
0.514624
0.516352
0.515456
0.517344
0.514688
0.515808
0.514560
0.516288
0.513792
0.514912
0.514112
0.513760
0.515040
0.514240
0.514176
0.515648
0.516192
0.517024
0.516768
0.515968
0.516288
0.516000
0.515456
0.515712
0.514720
0.515008
0.515744
0.517056
0.518752
0.516768
0.516512
0.515584
0.515904
0.514624
0.517280
0.514784
0.517184
0.515040
0.518368
0.515168
0.517216
0.515712
0.514336
0.514272
0.516896
0.515840
0.516608
0.515328
0.515904
0.515296
0.518112
0.515424
0.518048
0.515712
0.519296
0.525216
0.550400
0.524288
0.524096
0.520672
0.521984
0.521504
0.522464
0.525056
0.525248
0.524576
0.525184
0.524032
0.520032
0.528384
0.526624
0.524512
0.524896
0.524736
0.527456
0.526432
0.518144
0.516352
0.517696
0.519616
0.516992
0.516640
0.516064
0.517792
0.515648
0.515616
0.515328
0.516448
0.517792
0.517184
0.525664
0.524096
0.515904
0.518336
0.514688
0.515520
0.515392
0.515776
0.514848
0.514496
0.516640
0.515488
0.514560
0.515552
0.512992
0.509440
0.509216
0.514976
0.512448
0.515872
0.509984
0.510304
0.508992
0.510848
0.508480
0.510240
0.508608
0.510624
0.508960
0.510208
0.508608
0.511520
0.509504
0.511776
0.509600
0.510272
0.509120
0.509056
0.509120
0.509024
0.510112
0.508768
0.509856
0.507008
0.509152
0.510336
0.509056
0.510752
0.510176
0.510176
0.508384
0.510272
0.508640
0.511040
0.509792
0.511840
0.512192
0.508352
0.511584
0.508192
0.510048
0.508672
0.508928
0.510400
0.508960
0.510784
0.508192
0.511968
0.508096
0.509632
0.509568
0.510080
0.508928
0.510592
0.510048
0.509632
0.508128
0.512512
0.511840
0.509600
0.508928
0.508544
0.508544
0.509504
0.509184
0.509216
0.516192
0.508032
0.508352
0.508736
0.509280
0.507808
0.509120
0.509664
0.508896
0.512256
0.510240
0.508352
0.508928
0.509056
0.507328
0.511456
0.507968
0.511744
0.508384
0.511104
0.508320
0.509504
0.509120
0.512064
0.508672
0.509376
0.509344
0.511264
0.507872
0.513280
0.508192
0.511776
0.509184
0.510592
0.508384
0.511008
0.509504
0.509888
0.508160
0.509984
0.508992
0.511456
0.508896
0.511680
0.508768
0.511520
0.508000
0.511104
0.508480
0.511136
0.509056
0.513472
0.512992
0.511392
0.515744
0.513440
0.511360
0.520160
0.520512
0.513792
0.510592
0.512224
0.511552
0.511840
0.511360
0.512224
0.511392
0.510688
0.513248
0.510816
0.512640
0.511008
0.512416
0.510912
0.513088
0.510848
0.512320
0.511616
0.511424
0.511552
0.510752
0.514912
0.515072
0.513088
0.517088
0.512320
0.511872
0.513696
0.512576
0.518368
0.515008
0.513344
0.511264
0.512320
0.511008
0.512096
0.511424
0.513344
0.512576
0.512192
0.514752
0.514016
0.512832
0.512864
0.513536
0.510848
0.513952
0.515200
0.516032
0.512800
0.513184
0.512000
0.512608
0.512416
0.513248
0.511872
0.512416
0.512352
0.513568
0.511616
0.511008
0.511616
0.511808
0.511936
0.515520
0.512960
0.510464
0.512352
0.511456
0.510016
0.510688
0.511616
0.512608
0.510880
0.512448
0.511360
0.515424
0.513216
0.511104
0.511360
0.510432
0.511264
0.512896
0.510688
0.513536
0.511232
0.514400
0.511360
0.516000
0.512544
0.512256
0.511648
0.511264
0.511296
0.512448
0.513696
0.514368
0.536608
0.511872
0.511552
0.514752
0.514464
0.512736
0.511040
0.511136
0.511040
0.512736
0.510880
0.512192
0.511776
0.514912
0.512928
0.511104
0.510976
0.515136
0.510496
0.510752
0.513376
0.510208
0.511136
0.511968
0.510464
0.512224
0.511520
0.511808
0.511744
0.512992
0.512416
0.511936
0.511392
0.513120
0.511872
0.512896
0.511392
0.519904
0.510848
0.512832
0.510784
0.518688
0.512224
0.511840
0.510912
0.512320
0.511040
0.510880
0.511040
0.511328
0.511648
0.512800
0.511520
0.511104
0.521952
0.512064
0.512064
0.511584
0.512736
0.510848
0.511040
0.512960
0.512192
0.510784
0.513664
0.511168
0.512640
0.510912
0.513248
0.512320
0.511360
0.512224
0.511968
0.510048
0.511296
0.511104
0.512256
0.510944
0.512448
0.515200
0.511008
0.510176
0.512320
0.509952
0.512224
0.512032
0.513568
0.511808
0.511808
0.512352
0.513088
0.512672
0.514560
0.509760
0.508704
0.508640
0.509344
0.509152
0.511264
0.510336
0.509408
0.509664
0.510560
0.521888
0.508192
0.509312
0.509024
0.509056
0.509824
0.511840
0.510688
0.510336
0.509312
0.511456
0.509024
0.509984
0.509152
0.510112
0.510016
0.510560
0.509856
0.509248
0.510048
0.510400
0.508288
0.511712
0.508896
0.511264
0.508480
0.511264
0.509248
0.509824
0.509760
0.508736
0.509088
0.511904
0.508864
0.510752
0.509632
0.517152
0.510208
0.510048
0.511360
0.510144
0.509504
0.508608
0.509376
0.512288
0.508352
0.508768
0.508064
0.509056
0.508576
0.509120
0.520320
0.509248
0.512768
0.512480
0.511488
0.511520
0.513472
0.509024
0.519712
0.510848
0.515136
0.508800
0.508704
0.509536
0.507936
0.509184
0.509024
0.509312
0.509952
0.508416
0.509984
0.507648
0.510272
0.509952
0.511104
0.510208
0.509824
0.509568
0.509888
0.509760
0.509472
0.509792
0.509248
0.509248
0.509248
0.508992
0.508832
0.508384
0.514400
0.507616
0.509216
0.509312
0.509888
0.510752
0.512544
0.511232
0.507744
0.509888
0.508960
0.510432
0.509696
0.509280
0.508512
0.507584
0.508832
0.507552
0.508736
0.508576
0.508320
0.508704
0.508768
0.508832
0.508128
0.508384
0.508608
0.509440
0.511328
0.510656
0.509888
0.508032
0.508352
0.507936
0.509632
0.509472
0.509888
0.508352
0.508800
0.509312
0.508896
0.509152
0.509472
0.514848
0.519328
0.512896
0.510528
0.510752
0.510592
0.508672
0.510528
0.509664
0.510400
0.509408
0.510880
0.510848
0.509248
0.510272
0.509376
0.508832
532.636447
