0.520704
0.512384
0.512672
0.512064
0.510560
0.510112
0.509984
0.509856
0.512032
0.508480
0.511680
0.510112
0.510720
0.510240
0.508768
0.511136
0.510400
0.509952
0.509888
0.510656
0.509632
0.510144
0.513152
0.512544
0.514144
0.512192
0.513344
0.510240
0.512064
0.510720
0.512864
0.512160
0.510944
0.510176
0.512608
0.511776
0.510464
0.509888
0.513536
0.509600
0.516800
0.518656
0.514016
0.509408
0.511200
0.512128
0.510944
0.514272
0.510176
0.511264
0.510048
0.511168
0.510016
0.513088
0.513184
0.509696
0.511456
0.508832
0.512928
0.513024
0.512448
0.514368
0.514240
0.518592
0.514144
0.511296
0.511520
0.512608
0.513024
0.510048
0.511424
0.511936
0.512640
0.510560
0.510560
0.512416
0.511296
0.511264
0.509952
0.510112
0.509824
0.510176
0.510400
0.510176
0.510112
0.510656
0.510240
0.637184
0.530880
0.510400
0.511968
0.509760
0.511136
0.510368
0.510784
0.512736
0.512672
0.517600
0.513600
0.510592
0.513760
0.511808
0.513664
0.512384
0.513568
0.512256
0.509440
0.512896
0.512448
0.511648
0.509824
0.510400
0.511616
0.524320
0.511552
0.508832
0.510464
0.510464
0.518048
0.518112
0.516544
0.516416
0.518432
0.518880
0.516384
0.516768
0.514848
0.509952
0.510464
0.508448
0.510560
0.508960
0.509824
0.511456
0.511104
0.511776
0.509344
0.510560
0.510016
0.511808
0.511008
0.509856
0.513504
0.510656
0.510752
0.508160
0.511072
0.509952
0.519712
0.513600
0.510784
0.514208
0.513312
0.513088
0.511200
0.513920
0.512352
0.508672
0.512256
0.508704
0.512384
0.509696
0.509824
0.510432
0.512800
0.514528
0.514752
0.514816
0.528480
0.510688
0.517184
0.511744
0.509408
0.511072
0.510272
0.511712
0.509632
0.513824
0.510336
0.526880
0.510624
0.510176
0.510912
0.510368
0.511456
0.510752
0.512608
0.510976
0.527392
0.511392
0.510496
0.511552
0.510752
0.509920
0.511712
0.510048
0.513184
0.510592
0.511392
0.508544
0.511488
0.512608
0.510560
0.509728
0.512608
0.510656
0.509664
0.509504
0.510432
0.509920
0.510176
0.510976
0.510720
0.511776
0.510912
0.509824
0.510784
0.509120
0.513632
0.509440
0.509920
0.510624
0.512128
0.508128
0.511488
0.509248
0.510432
0.515808
0.509952
0.510496
0.508800
0.509824
0.509376
0.511456
0.509344
0.509184
0.517792
0.511456
0.510432
0.510048
0.508928
0.509664
0.509344
0.510528
0.509216
0.509856
0.509280
0.510464
0.508864
0.509600
0.509952
0.508800
0.511936
0.511680
0.513088
0.510880
0.511136
0.509152
0.510880
0.509440
0.509728
0.511776
0.510304
0.511648
0.516896
0.522752
0.517344
0.511264
0.511936
0.512672
0.510912
0.510144
0.509792
0.510912
0.512224
0.517984
0.509408
0.511904
0.508800
0.512032
0.508768
0.510816
0.508256
0.510336
0.508896
0.511840
0.509664
0.509664
0.510656
0.509376
0.510368
0.509504
0.526720
0.518176
0.521312
0.510272
0.509088
0.511424
0.509984
0.509984
0.509856
0.510144
0.510912
0.509280
0.509568
0.510464
0.510016
0.508064
0.509504
0.509568
0.509952
0.509088
0.509824
0.508544
0.509120
0.509472
0.510496
0.509280
0.510368
0.514848
0.509728
0.509056
0.508000
0.509760
0.509440
0.509600
0.511328
0.509312
0.511616
0.508480
0.512352
0.511008
0.509760
0.510336
0.508512
0.508576
0.511744
0.508352
0.511488
0.509792
0.511008
0.511328
0.509888
0.509824
0.509216
0.512064
0.509120
0.510432
0.510528
0.510432
0.508896
0.508896
0.509184
0.511424
0.510432
0.509024
0.509632
0.510048
0.508896
0.512640
0.518592
0.520992
0.520416
0.520096
0.518464
0.521792
0.522720
0.523072
0.521024
0.525952
0.522976
0.523808
0.527680
0.525952
0.524096
0.525312
0.523168
0.523680
0.520032
0.519808
0.529600
0.520832
0.519712
0.517088
0.515936
0.513920
0.516576
0.512064
0.512512
0.515328
0.512288
0.514688
0.516224
0.516448
0.519520
0.517728
0.514912
0.515200
0.526336
0.510816
0.513504
0.508896
0.511456
0.508384
0.510368
0.511744
0.509376
0.511200
0.510400
0.511776
0.508768
0.510848
0.508576
0.511456
0.508544
0.510688
0.509504
0.510016
0.509152
0.511008
0.508416
0.511136
0.508736
0.510944
0.509312
0.510976
0.508192
0.510880
0.510048
0.508928
0.508736
0.512608
0.509472
0.510208
0.509536
0.509312
0.509472
0.510400
0.509152
0.510560
0.509536
0.510304
0.509216
0.511040
0.514368
0.543264
0.520672
0.521344
0.511264
0.514368
0.512384
0.514080
0.515776
0.517408
0.517152
0.515264
0.515456
0.517184
0.516768
0.515776
0.515488
0.517792
0.521088
0.516704
0.513152
0.514720
0.512576
0.512384
0.514784
0.511776
0.512832
0.512384
0.512416
0.514656
0.512192
0.513600
0.510624
0.511552
0.512288
0.511200
0.513568
0.510272
0.513120
0.529600
0.515328
0.512800
0.514560
0.544576
0.517888
0.518496
0.516160
0.517376
0.516192
0.517664
0.515424
0.513952
0.514048
0.512576
0.510304
0.514048
0.513472
0.511552
0.513376
0.511776
0.512800
0.512288
0.512128
0.524704
0.512032
0.513824
0.512512
0.514368
0.513760
0.512832
0.511328
0.510912
0.512224
0.513632
0.510240
0.512128
0.512896
0.510880
0.513120
0.514816
0.512032
0.512928
0.512192
0.512704
0.515808
0.511872
0.513536
0.512224
0.511776
0.512800
0.511072
0.513280
0.508448
0.509760
0.507776
0.511072
0.507936
0.510112
0.509888
0.508320
0.508704
0.508256
0.508544
0.510720
0.509536
0.509824
0.508544
0.509696
0.523904
0.513952
0.509760
0.509120
0.510016
0.509632
0.509696
0.508672
0.510656
0.508864
0.511744
0.509504
0.509536
0.510144
0.509760
0.509920
0.508512
0.510304
0.508544
0.509152
0.508960
0.511040
0.509568
0.509216
0.510112
0.509728
0.508992
0.508640
0.510688
0.509344
0.508160
0.510400
0.509024
0.514464
0.508352
0.511584
0.509152
0.510528
0.509216
0.508544
0.509824
0.509472
0.510432
0.508928
0.508352
0.511584
0.512096
0.511232
0.509440
0.510400
0.508960
0.510112
0.510208
0.510464
0.509632
0.508288
0.509504
0.507744
0.509504
0.509280
0.510400
0.509152
0.510976
0.509120
0.509920
0.509312
0.510304
0.509632
0.509376
0.509280
0.509728
0.509440
0.510176
0.508032
0.509472
0.509024
0.509120
0.509024
0.508512
0.511232
0.509504
0.509984
0.507808
0.510944
0.510752
0.512192
0.513088
0.510272
0.508928
0.508320
0.509504
0.509664
0.511232
0.514464
0.510304
0.510496
0.508000
0.510112
0.509984
0.509472
0.509472
0.510496
0.508000
0.509984
0.509184
0.511392
0.516640
0.510784
0.507680
0.510176
0.508448
0.509600
0.508032
0.508992
0.509664
0.509760
0.508800
0.510944
0.510336
0.507744
0.509792
0.509120
0.508224
0.510592
0.510560
0.510656
0.510560
0.510880
0.508288
0.509824
0.508448
0.510912
0.509312
0.513056
0.509824
0.507200
0.511392
0.508256
0.508640
0.511360
0.509888
0.509248
0.509952
0.509984
0.509408
0.510144
0.508960
0.510144
0.510080
0.511104
0.512096
0.509728
0.510880
0.507456
0.510272
0.510560
0.509568
0.510336
0.509984
0.509728
0.511296
0.509344
0.510816
0.509824
0.513824
0.515872
0.517920
0.515712
0.515584
0.513344
0.511776
0.510784
0.509504
0.508896
0.510144
0.510816
0.508640
0.509152
0.512576
0.510944
0.510912
0.509856
0.511616
0.510688
0.512416
0.510016
0.510880
0.509728
0.510112
0.508992
0.510688
0.510080
0.510432
0.512512
0.512448
0.511488
0.510336
0.512192
0.510464
0.508000
0.509760
0.510528
0.512352
0.513312
0.510464
0.509280
0.509632
0.509120
0.516736
0.510080
0.509504
0.509504
0.508384
0.509888
0.510624
0.509696
0.513184
0.507584
0.519232
0.509568
0.508704
0.510272
0.509920
0.510272
0.508608
0.508640
0.511712
0.509888
0.510400
0.511136
0.508256
0.509312
0.509472
0.508768
0.511936
0.509888
0.509152
0.509728
0.510080
0.510624
0.509696
0.510432
0.508320
0.510336
0.509088
0.510496
0.508288
0.509248
0.509632
0.508640
0.508128
0.509568
0.508928
0.510112
0.509280
0.510048
0.508256
0.509664
0.508864
0.510432
0.507360
0.509600
0.507840
0.509760
0.509696
0.509216
0.508928
0.508544
0.508576
0.509792
0.512384
0.508960
0.508512
0.509536
0.507840
0.510720
0.511456
0.511584
0.510688
0.509920
0.510656
0.509600
0.509952
0.510528
0.510112
0.509760
0.508896
0.510240
0.510112
0.518016
0.512640
0.508800
0.510272
0.509088
0.509984
0.508256
0.509632
0.507360
0.508480
0.508576
0.509024
0.508960
0.509056
0.509184
0.509088
0.508832
0.507648
0.509728
0.508640
0.509696
0.509312
0.510400
0.509888
0.508608
0.509184
0.511456
0.509568
0.511520
0.509728
0.508896
0.507968
0.509984
0.510304
0.511072
0.511616
0.509824
0.510272
0.508480
0.511968
0.509920
0.510464
0.509344
0.510176
0.509760
0.512064
0.509120
0.510368
0.509376
0.509312
0.509056
0.512736
0.509184
0.508320
0.515584
0.508800
0.508800
0.508320
0.509280
0.509120
0.509312
0.508320
0.512672
0.508480
0.509440
0.508096
0.509728
0.513920
0.510592
0.508832
0.508480
0.509536
0.509984
0.510080
0.511456
0.508896
0.510944
0.509440
0.511392
0.509824
0.512608
0.512864
0.508992
0.510080
0.509440
0.509376
0.508480
0.509504
0.509408
0.510464
0.509536
0.509824
0.510112
0.510240
0.509504
0.508800
0.508096
0.511936
0.512224
0.512448
0.508320
0.510336
0.508160
0.509824
0.518784
0.511296
0.509920
0.511936
0.511264
0.509728
0.511456
0.509216
0.511104
0.510048
0.519008
0.511552
0.509824
0.510144
0.507712
0.508896
0.508608
0.509952
0.509824
0.510016
0.508832
0.509504
0.508928
0.509568
0.509728
0.511648
0.516960
0.521440
0.517376
0.513984
0.511360
0.509408
0.515808
0.509824
0.509056
0.511264
0.509568
0.510112
0.509472
0.510400
0.509664
0.508544
0.509408
0.510624
0.509856
0.509888
0.509856
0.510016
0.508128
0.510176
0.509088
0.509984
0.509664
0.510624
0.509248
511.575552
