0.519936
0.510528
0.509568
0.509664
0.508800
0.508512
0.509056
0.508928
0.509824
0.509408
0.509696
0.509280
0.509536
0.508704
0.508992
0.509152
0.509792
0.509568
0.508800
0.510144
0.516064
0.509472
0.509632
0.509216
0.509440
0.509632
0.511936
0.511040
0.512320
0.516800
0.509824
0.508416
0.511872
0.509440
0.511136
0.510816
0.510304
0.509408
0.509568
0.516288
0.517504
0.512768
0.510112
0.507712
0.509440
0.508672
0.509920
0.508576
0.508928
0.509344
0.508832
0.510016
0.508160
0.514240
0.509120
0.508832
0.509600
0.508896
0.509120
0.508704
0.511744
0.512704
0.510656
0.509376
0.509120
0.511104
0.511296
0.508512
0.508608
0.508512
0.509504
0.508672
0.508768
0.508768
0.509120
0.507552
0.508992
0.508576
0.509472
0.509152
0.510016
0.509920
0.509056
0.508832
0.507840
0.508352
0.509024
0.509664
0.510208
0.508128
0.511872
0.508544
0.508640
0.509664
0.509824
0.508736
0.508768
0.509664
0.510624
0.509024
0.508096
0.509440
0.509152
0.510880
0.530368
0.508416
0.512544
0.508768
0.508992
0.508672
0.509152
0.509792
0.509408
0.509376
0.509984
0.508832
0.507872
0.509696
0.508960
0.508896
0.509728
0.508768
0.510624
0.508704
0.510848
0.509920
0.510048
0.509664
0.510144
0.509504
0.508736
0.509408
0.509312
0.508256
0.509696
0.508768
0.511904
0.507552
0.511040
0.508768
0.511168
0.515648
0.517312
0.525664
0.516864
0.511104
0.512320
0.510880
0.510304
0.509920
0.510912
0.509888
0.511264
0.508704
0.510176
0.508352
0.519040
0.512160
0.510368
0.522144
0.510176
0.510080
0.508960
0.509280
0.509024
0.510688
0.512032
0.510176
0.509760
0.508896
0.510464
0.508544
0.507968
0.509888
0.509312
0.510080
0.509312
0.509760
0.508512
0.510464
0.508640
0.511072
0.510112
0.509952
0.509280
0.509600
0.508864
0.507648
0.508544
0.508992
0.510144
0.509664
0.509312
0.509600
0.510368
0.509632
0.507872
0.511584
0.514016
0.518080
0.516416
0.516512
0.518656
0.516064
0.514720
0.517824
0.510336
0.511840
0.509952
0.510272
0.509696
0.509376
0.507552
0.509728
0.509088
0.508032
0.508512
0.508224
0.509088
0.509984
0.511232
0.512608
0.510592
0.510816
0.509312
0.511392
0.508064
0.510496
0.508608
0.510784
0.508992
0.509824
0.512192
0.510752
0.513888
0.508672
0.509376
0.508320
0.509664
0.511040
0.509120
0.510176
0.509312
0.508384
0.508320
0.509248
0.510592
0.514816
0.508832
0.509024
0.509088
0.508416
0.509088
0.508704
0.509344
0.510976
0.510336
0.527968
0.509728
0.509984
0.509920
0.510144
0.509152
0.508320
0.508160
0.508256
0.510496
0.508000
0.511104
0.509728
0.509088
0.509312
0.509984
0.508672
0.515264
0.509568
0.513504
0.520096
0.517664
0.515904
0.512672
0.510624
0.511104
0.508928
0.511168
0.509952
0.511680
0.510592
0.510272
0.509888
0.509504
0.511776
0.511360
0.509504
0.511296
0.510048
0.509664
0.510752
0.510720
0.511136
0.510400
0.510208
0.510048
0.510176
0.510336
0.510976
0.508704
0.511104
0.508256
0.509984
0.508992
0.510208
0.508256
0.510432
0.508864
0.509280
0.509120
0.509568
0.510272
0.510272
0.508416
0.508416
0.509088
0.508832
0.507584
0.508832
0.511872
0.511296
0.509280
0.508320
0.508672
0.507808
0.511552
0.512416
0.513600
0.516672
0.517536
0.511488
0.509376
0.517792
0.508576
0.509984
0.511136
0.509600
0.510016
0.509120
0.509984
0.508128
0.509472
0.508512
0.509312
0.509472
0.509088
0.508384
0.508672
0.508960
0.508448
0.509536
0.509600
0.509664
0.509824
0.507584
0.510464
0.507712
0.508288
0.510944
0.511168
0.510368
0.510368
0.509056
0.509984
0.509216
0.508768
0.509664
0.510976
0.509888
0.508768
0.509760
0.509856
0.508416
0.512288
0.508800
0.510784
0.508800
0.510368
0.509536
0.508544
0.510944
0.508192
0.510528
0.509440
0.508064
0.509376
0.507840
0.510112
0.508416
0.509536
0.508928
0.510528
0.510880
0.507968
0.509440
0.507968
0.510336
0.509536
0.510464
0.509984
0.528416
0.509568
0.508992
0.508832
0.509312
0.510080
0.510912
0.515328
0.517760
0.517696
0.517952
0.516480
0.511616
0.508864
0.509824
0.510016
0.509504
0.509824
0.510240
0.516992
1.545184
0.523136
0.522144
0.525056
0.655744
0.524512
0.609760
0.525376
0.522944
0.521088
0.519552
0.520064
0.518976
0.518944
0.519136
0.518592
0.515648
0.516928
0.520736
0.517952
0.518272
0.511936
0.509920
0.509408
0.509856
0.509440
0.510432
0.509760
0.511136
0.511360
0.509344
0.510400
0.508256
0.509664
0.509472
0.509504
0.509824
0.509760
0.509376
0.508832
0.510784
0.508512
0.512064
0.510816
0.508576
0.509600
0.507968
0.510432
0.508800
0.508768
0.508896
0.508960
0.509408
0.508928
0.509152
0.507648
0.509088
0.509152
0.509792
0.510144
0.509184
0.521216
0.512608
0.512000
0.509504
0.509824
0.509376
0.510208
0.508992
0.509280
0.510816
0.509056
0.509952
0.508576
0.509760
0.507776
0.509952
0.508320
0.509152
0.509760
0.513824
0.509696
0.509344
0.509376
0.509504
0.508992
0.510496
0.508832
0.509120
0.507968
0.508896
0.509440
0.509632
0.509152
0.508288
0.511456
0.511872
0.513536
0.511488
0.509696
0.509280
0.511168
0.509408
0.508512
0.510208
0.508736
0.509696
0.509536
0.509376
0.508736
0.508832
0.509280
0.510208
0.509376
0.509120
0.509888
0.509024
0.508384
0.508832
0.508736
0.510560
0.511552
0.510976
0.525184
0.510016
0.510400
0.509376
0.510464
0.506912
0.509248
0.509280
0.509248
0.509376
0.509952
0.508928
0.508672
0.510464
0.509600
0.510816
0.509696
0.510048
0.509120
0.508352
0.509120
0.509472
0.509728
0.511488
0.510944
0.509568
0.509184
0.509504
0.508992
0.510400
2.352704
0.516928
0.513344
0.510304
0.509696
0.508544
0.510240
0.507776
0.511072
0.508672
0.509120
0.508736
0.508800
0.508320
0.511264
0.508960
0.508896
0.516384
0.509888
0.510368
0.509120
0.508064
0.510432
0.509216
0.508800
0.511744
0.509888
0.510080
0.509664
0.509504
0.507488
0.510144
0.507744
0.512672
0.510816
0.509664
0.508448
0.510976
0.509920
0.510880
0.508704
0.510240
0.510752
0.510784
0.508288
0.510304
0.508320
0.512640
0.508096
0.510304
0.514656
0.508416
0.509696
0.508352
0.509600
0.508992
0.511104
0.510272
0.510176
0.507776
0.509440
0.509184
0.508928
0.509440
0.507552
0.508576
0.510560
0.509312
0.507936
0.509312
0.508288
0.510944
0.508288
0.512864
0.509120
0.510656
0.508704
0.513088
0.518336
0.509888
0.510208
0.509344
0.509888
0.508096
0.509408
0.508320
0.509472
0.507200
0.509088
0.509248
0.509408
0.508768
0.509248
0.509024
0.508736
0.511616
0.509824
0.509952
0.508448
0.509184
0.508768
0.507840
0.509664
0.509120
0.510368
0.509536
0.508960
0.510560
0.509760
0.510464
0.508960
0.510240
0.508000
0.511936
0.510336
0.508928
0.509024
0.509760
0.509536
0.519264
0.510400
0.509632
0.509728
0.510560
0.510304
0.510112
0.509952
0.510560
0.510016
0.510272
0.516480
0.518720
0.520544
0.519936
0.519520
0.513184
0.513568
0.514432
0.517376
0.516896
0.518976
0.518592
0.520864
0.516992
0.514688
0.513952
0.513920
0.516192
0.525504
0.518752
0.516864
0.512128
0.510624
0.510816
0.510464
0.510016
0.510048
0.511008
0.510304
0.510784
0.510368
0.511424
0.510240
0.510080
0.510784
0.507424
0.511520
0.508480
0.513984
0.510592
0.512192
0.509792
0.510944
0.510336
0.510720
0.509152
0.509728
0.509600
0.509408
0.509728
0.511104
0.510208
0.510528
0.508256
0.509024
0.508960
0.508768
0.508064
0.510592
0.509632
0.510848
0.508512
0.509888
0.509504
0.510112
0.509216
0.510560
0.510816
0.516128
0.512992
0.509664
0.508992
0.510944
0.509024
0.510112
0.508608
0.508736
0.511200
0.508320
0.511968
0.512192
0.511712
0.517952
0.516576
0.516352
0.515808
0.515200
0.516160
0.515040
0.510656
0.510784
0.508192
0.509248
0.509376
0.513312
0.517440
0.513600
0.511200
0.509600
0.511040
0.510240
0.511008
0.509952
0.509952
0.508736
0.509440
0.510400
0.512448
0.512224
0.510848
0.510048
0.509600
0.511200
0.511072
0.514336
0.508448
0.511104
0.508800
0.511136
0.510336
0.511200
0.509344
0.509248
0.510400
0.509216
0.510144
0.507904
0.509792
0.521088
0.510176
0.508416
0.511680
0.509920
0.510592
0.508192
0.509888
0.509248
0.513184
0.509984
0.508096
0.508576
0.510464
0.509632
0.508736
0.510048
0.509888
0.509856
0.508672
0.508704
0.508384
0.508640
0.509056
0.509440
0.509248
0.510208
0.510112
0.508128
0.508992
0.519232
0.509856
0.508864
0.509504
0.508288
0.508032
0.510528
0.508064
0.509984
0.512800
0.510432
0.510048
0.509824
0.509728
0.509664
0.510400
0.509344
0.509536
0.510560
0.509408
0.511104
0.511232
0.510080
0.514784
0.508512
0.509632
0.509600
0.509088
0.509472
0.508896
0.508576
0.510496
0.509248
0.509536
0.510112
0.511936
0.509952
0.509984
0.510464
0.508320
0.510272
0.508544
0.509760
0.508800
0.509248
0.509664
0.510048
0.509344
0.507840
0.508608
0.508672
0.515008
0.509056
0.507744
0.509952
0.507520
0.509280
0.508992
0.510080
0.510080
0.508192
0.509728
0.509152
0.509312
0.507904
0.511008
0.509568
0.510432
0.509280
0.510016
0.509824
0.508352
0.511200
0.509728
0.510272
0.516672
0.509280
0.509504
0.514304
0.514880
0.509376
0.509472
0.509632
0.511392
0.510464
0.508768
0.510016
0.508480
0.509312
0.511168
0.510528
0.509248
0.509440
0.509632
0.509152
0.508288
0.508928
0.510848
0.509120
0.511552
0.509504
0.509312
0.510752
0.510336
0.509504
0.510784
0.510272
0.509856
0.509728
0.509952
0.508768
0.511040
0.511936
0.514080
0.511488
0.510688
0.509088
0.508800
0.508640
0.508544
0.510080
0.508384
0.510048
0.509984
0.508928
0.510080
0.508576
0.508096
0.507680
0.508544
0.508704
0.512032
513.689088
