0.521856
0.511328
0.509888
0.510784
0.515424
0.511072
0.510528
0.509664
0.511264
0.509568
0.509568
0.526432
0.511296
0.513152
0.510208
0.510016
0.508032
0.510912
0.508640
0.508864
0.509888
0.511616
0.511040
0.509600
0.512000
0.519328
0.515904
0.511776
0.509632
0.511328
0.509440
0.509920
0.507968
0.511552
0.507648
0.515488
0.518208
0.512928
0.510176
0.509472
0.519616
0.511648
0.511520
0.517312
0.514272
0.510656
0.511776
0.510880
0.512416
0.515008
0.523904
0.517280
0.513888
0.511072
0.510720
0.509280
0.509920
0.509184
0.510240
0.508736
0.510944
0.509632
0.510112
0.509248
0.509472
0.510080
0.509376
0.507968
0.508800
0.508672
0.510336
0.509120
0.510528
0.508224
0.509536
0.507680
0.509024
0.510336
0.508960
0.510816
0.508256
0.510720
0.507840
0.513472
0.509408
0.510560
0.509344
0.509984
0.521088
0.510048
0.512640
0.509312
0.508384
0.508160
0.508544
0.516640
0.513856
0.511872
0.510400
0.510208
0.509536
0.508672
0.510336
0.508960
0.509120
0.508192
0.508576
0.508192
0.509600
0.508992
0.509888
0.509984
0.508736
0.510496
0.509408
0.509536
0.510368
0.509824
0.510912
0.508512
0.509536
0.509568
0.509760
0.508992
0.508544
0.508704
0.508704
0.510304
0.510848
0.514272
0.515840
0.518912
0.518112
0.518912
0.516480
0.516160
0.514400
0.516160
0.530560
0.719712
0.534976
0.522496
0.527968
0.522752
0.520384
0.520832
0.519968
0.526848
0.522752
0.526432
0.535936
0.523744
0.523040
0.517280
0.512960
0.510176
0.510368
0.511360
0.509120
0.511840
0.509888
0.511328
0.509728
0.510016
0.511872
0.511904
0.525056
0.509248
0.512160
0.509120
0.510976
0.509088
0.512864
0.509984
0.509472
0.510368
0.508864
0.509024
0.509152
0.508832
0.508864
0.509472
0.509472
0.508672
0.509600
0.508544
0.509760
0.508160
0.510240
0.509568
0.509536
0.507456
0.515168
0.508416
0.509152
0.507936
0.509216
0.509824
0.508736
0.508512
0.508864
0.508736
0.510624
0.510848
0.509952
0.509248
0.508352
0.507968
0.508416
0.509632
0.509984
0.509504
0.509824
0.509888
0.510656
0.508928
0.509088
0.510144
0.509760
0.508832
0.622144
0.511744
0.510272
0.509792
0.508704
0.508288
0.509536
0.509760
0.508800
0.511296
0.510048
0.510368
0.510400
0.509536
0.510368
0.508320
0.509696
0.509184
0.508256
0.511744
0.512896
0.518976
0.520192
0.520576
0.513504
0.513024
0.515648
0.518592
0.514688
0.514240
0.514528
0.516320
0.514016
0.519296
0.514784
0.511552
0.509600
0.510016
0.509856
0.512128
0.509408
0.511552
0.511328
0.512576
0.510336
0.509472
0.510400
0.508480
0.510080
0.510432
0.509888
0.508608
0.508384
0.508960
0.507776
0.509088
0.507936
0.508576
0.508960
0.509728
0.509216
0.510208
0.508448
0.510464
0.509280
0.509536
0.509344
0.511456
0.508416
0.511968
0.508320
0.511424
0.509024
0.509792
0.509504
0.510464
0.508896
0.509280
0.509888
0.513664
0.508672
0.509376
0.508064
0.509184
0.507168
0.510048
0.507776
0.512000
0.509024
0.509280
0.509344
0.510016
0.509600
0.510208
0.508800
0.508448
0.510272
0.515488
0.510720
0.509824
0.508224
0.508832
0.508512
0.509536
0.509024
0.511104
0.509472
0.510240
0.509152
0.508736
0.508384
0.509056
0.508384
0.510240
0.508352
0.510656
0.510080
0.512992
0.511936
0.508640
0.509760
0.509600
0.509120
0.508576
0.513792
0.518144
0.518432
0.514912
0.514944
0.511008
0.508928
0.509504
0.509632
0.509920
0.508320
0.509024
0.509696
0.510272
0.510624
0.509376
0.508736
0.509312
0.509312
0.508576
0.508864
0.510400
0.509728
0.509536
0.507808
0.510464
0.509312
0.510432
0.510464
0.509376
0.509728
0.510048
0.509280
0.509568
0.509408
0.510176
0.509728
0.510528
0.510240
0.509792
0.508832
0.508256
0.507808
0.509152
0.509152
0.509376
0.509024
0.509152
0.508224
0.508928
0.509600
0.513792
0.510816
0.515968
0.509472
0.507680
0.508096
0.509248
0.508544
0.510400
0.510048
0.509312
0.510144
0.508512
0.508832
0.507712
0.508608
0.509696
0.507616
0.510592
0.508448
0.509280
0.507040
0.510656
0.508544
0.510336
0.516416
0.521088
0.515456
0.510400
0.523840
0.511328
0.510176
0.511072
0.509568
0.511008
0.509312
0.508896
0.514880
0.514848
0.513792
0.518400
0.517984
0.512928
0.514720
0.515584
0.514240
0.515968
0.516224
0.515488
0.516384
0.518944
0.516704
0.512608
0.510656
0.511072
0.508736
0.509152
0.509632
0.509984
0.509408
0.510816
0.510400
0.507424
0.510272
0.507904
0.509856
0.508992
0.509408
0.509280
0.509024
0.510272
0.507872
0.509344
0.509152
0.510944
0.509472
0.516992
0.510336
0.509088
0.523040
0.509632
0.518720
0.509184
0.508192
0.508832
0.508800
0.508672
0.508416
0.509440
0.509504
0.507456
0.509568
0.509152
0.509248
0.507936
0.508704
0.508576
0.508448
0.509056
0.509056
0.508352
0.507520
0.509568
0.514848
0.517984
0.515648
0.515200
0.517568
0.516736
0.520512
0.511456
0.509664
0.507840
0.510656
0.508768
0.509152
0.510624
0.508768
0.509952
0.508384
0.509120
0.508320
0.510432
0.510080
0.509792
0.536288
0.510432
0.509760
0.507744
0.508448
0.515520
0.513952
0.514880
0.513696
0.515072
0.517312
0.520896
0.520000
0.521568
0.521248
0.521472
0.522848
0.528640
0.539936
0.522656
0.522400
0.530304
0.540064
0.523808
0.523840
0.523584
0.520448
0.518272
0.518528
0.516768
0.517696
0.519104
0.519296
0.517568
0.517024
0.511424
0.516960
0.511104
0.513312
0.517376
0.517696
0.515104
0.518848
0.515264
0.512256
0.512256
0.512192
0.513088
0.512128
0.512000
0.525024
0.514592
0.513600
0.512992
0.512544
0.512160
0.511744
0.513728
0.510304
0.513632
0.509760
0.510336
0.511328
0.511552
0.511872
0.510528
0.524000
0.511648
0.511648
0.511872
0.512224
0.510592
0.511552
0.514528
0.511520
0.510624
0.510880
0.510848
0.512096
0.509856
0.514016
0.511616
0.514720
0.509568
0.510048
0.511712
0.512960
0.510816
0.513056
0.515136
0.510880
0.510880
0.511936
0.512288
0.513632
0.513472
0.510400
0.512000
0.514464
0.510208
0.511296
0.511200
0.513152
0.516768
0.511968
0.514368
0.514240
0.512960
0.509824
0.509312
0.509408
0.509472
0.508608
0.510720
0.509344
0.509184
0.508896
0.510112
0.509216
0.509056
0.513600
0.510080
0.508128
0.508608
0.511040
0.511456
0.510144
0.521056
0.508640
0.512608
0.512576
0.508960
0.510656
0.508672
0.510688
0.508768
0.510080
0.508704
0.509728
0.509312
0.512416
0.507904
0.509248
0.519328
0.510176
0.509088
0.519296
0.507104
0.508032
0.509728
0.508928
0.508672
0.508320
0.508928
0.508800
0.508320
0.512640
0.508704
0.509088
0.508192
0.508832
0.507552
0.509344
0.508288
0.523488
0.509376
0.509152
0.508608
0.507456
0.509440
0.507072
0.508096
0.508672
0.508480
0.510240
0.508672
0.509600
0.508640
0.510752
0.507392
0.509504
0.508736
0.511424
0.510784
0.509024
0.507488
0.510272
0.509504
0.510144
0.508640
0.511296
0.507904
0.511424
0.508032
0.511328
0.507968
0.509984
0.508768
0.510656
0.508896
0.507392
0.508992
0.509312
0.517312
0.512384
0.508704
0.509056
0.511360
0.516832
0.516576
0.523584
0.516000
0.517824
0.516192
0.514912
0.511168
0.507904
0.510176
0.508512
0.509120
0.523936
0.509984
0.510752
0.509600
0.515168
0.508096
0.509792
0.508352
0.509984
0.508768
0.508640
0.509888
0.509696
0.509600
0.511200
0.508288
0.510368
0.508896
0.511072
0.508384
0.509952
0.507008
0.509600
0.507456
0.507680
0.511360
0.511360
0.508608
0.508864
0.508288
0.511040
0.509408
0.511488
0.508320
0.511040
0.509824
0.510336
0.507648
0.510720
0.509152
0.512096
0.508992
0.512128
0.507680
0.510240
0.509376
0.508288
0.507168
0.509696
0.510176
0.510080
0.508864
0.510336
0.507872
0.508512
0.508864
0.507168
0.509664
0.509600
0.509472
0.508576
0.509312
0.508320
0.509056
0.508576
0.510496
0.509184
0.508864
0.509152
0.509056
0.508576
0.508480
0.508672
0.509120
0.508864
0.510400
0.509408
0.512544
0.510528
0.508992
0.509856
0.508960
0.509472
0.509376
0.509440
0.508096
0.509728
0.508384
0.508384
0.509120
0.508096
0.509216
0.508032
0.509632
0.507552
0.509792
0.507648
0.510720
0.508832
0.509728
0.507392
0.510336
0.509344
0.509728
0.508832
0.521152
0.511040
0.509600
0.508320
0.509696
0.507776
0.510560
0.509280
0.510400
0.509376
0.510304
0.521344
0.510784
0.516992
0.508384
0.510272
0.507808
0.509504
0.508224
0.508544
0.513408
0.510144
0.511328
0.509504
0.509056
0.509728
0.507968
0.508896
0.507392
0.508448
0.507968
0.509024
0.508672
0.511584
0.508064
0.509056
0.508128
0.517504
0.518400
0.514336
0.510272
0.508736
0.509344
0.508288
0.508928
0.509344
0.509600
0.509184
0.508832
0.510336
0.510016
0.507520
0.509344
0.507712
0.511424
0.509472
0.509504
0.508832
0.510272
0.508736
0.508864
0.508416
0.509536
0.514976
0.512800
0.511808
0.509856
0.509952
0.508672
0.508320
0.510176
0.512576
0.512640
0.517536
0.509984
0.509472
0.508416
0.510848
0.506976
0.510528
0.508480
0.509472
0.508992
0.509536
0.510720
0.509440
0.508832
0.511296
0.510848
0.510048
0.508576
0.509888
0.507488
0.509632
0.508992
0.509472
0.508640
0.508928
0.509792
0.509024
0.509056
0.508704
0.507680
0.509120
0.508288
0.508608
0.508768
0.508928
0.507648
0.509088
0.508992
0.510240
0.509984
0.511584
0.509376
0.508960
0.510240
0.509664
0.509536
0.509920
0.509984
0.510240
0.508704
0.508832
0.508224
0.511040
0.507968
0.512000
0.510208
0.510080
0.509088
0.508800
0.508640
0.510976
0.509536
0.510048
0.508352
0.510016
0.508320
0.509344
0.508832
0.511200
0.508448
0.511552
0.508800
0.510976
0.509632
0.510464
0.508960
0.509312
0.508352
0.508800
0.508480
0.509280
0.508576
511.493663
