0.520640
0.512224
0.512160
0.511328
0.510304
0.508992
0.509696
0.508736
0.509696
0.509568
0.508448
0.509056
0.508480
0.509984
0.509632
0.508960
0.508416
0.508800
0.508320
0.508288
0.509696
0.509024
0.509440
0.508000
0.509984
0.508704
0.509920
0.508320
0.509024
0.508224
0.509888
0.508192
0.507968
0.510336
0.509888
0.510048
0.509568
0.508640
0.509536
0.507392
0.528160
0.514080
0.510304
0.510144
0.509440
0.510464
0.510272
0.510496
0.515264
0.516480
0.518272
0.520512
0.516384
0.518240
0.514880
0.514272
0.509088
0.508160
0.508640
0.509376
0.509088
0.510080
0.516416
0.516512
0.510912
0.509856
0.508896
0.511520
0.516128
0.509280
0.511808
0.508320
0.510048
0.508320
0.513088
0.511040
0.510816
0.510400
0.510752
0.508800
0.508832
0.509088
0.509952
0.509408
0.509696
0.508224
0.509984
0.508256
0.509824
0.508704
0.509216
0.508320
0.510528
0.508320
0.509632
0.510048
0.511264
0.509120
0.515712
0.520416
0.518752
0.516384
0.512064
0.511648
0.510272
0.509088
0.517344
0.510656
0.524864
0.513120
0.510048
0.512256
0.509440
0.511680
0.509184
0.510784
0.509504
0.510912
0.510208
0.511520
0.509536
0.508736
0.509664
0.509952
0.510752
0.510336
0.510528
0.510688
0.510912
0.509728
0.512160
0.508736
0.509600
0.509184
0.510272
0.507936
0.509952
0.508640
0.510592
0.508672
0.510944
0.509344
0.511968
0.508480
0.510688
0.510464
0.511232
0.509344
0.510208
0.509824
0.509632
0.509216
0.510976
0.510144
0.510624
0.508384
0.509664
0.509440
0.513440
0.509152
0.509696
0.509248
0.510016
0.519744
0.509056
0.511104
0.508960
0.509568
0.509376
0.508832
0.509152
0.510976
0.512704
0.519424
0.521248
0.509120
0.509632
0.511104
0.509696
0.510240
0.508512
0.510496
0.509344
0.509280
0.510880
0.510912
0.510208
0.510272
0.509696
0.510304
0.509792
0.509344
0.509568
0.510272
0.508512
0.508704
0.509248
0.509504
0.509248
0.511360
0.512224
0.509536
0.510240
0.509664
0.510176
0.509344
0.510400
0.508768
0.508064
0.510080
0.508064
0.509376
0.508800
0.509248
0.508896
0.507552
0.509696
0.508064
0.509600
0.508256
0.509504
0.508544
0.509536
0.508736
0.509152
0.509120
0.508480
0.509184
0.508512
0.509120
0.509472
0.508672
0.509600
0.507712
0.510144
0.508032
0.512352
0.508416
0.509376
0.508768
0.507968
0.509376
0.508224
0.509056
0.509504
0.508896
0.509664
0.508416
0.509696
0.508000
0.513120
0.511136
0.510848
0.512480
0.512352
0.509792
0.509472
0.508512
0.508128
0.508800
0.509888
0.510080
0.529056
0.521376
0.509504
0.508320
0.507840
0.508224
0.508448
0.510592
0.510784
0.510080
0.507712
0.509152
0.507360
0.509120
0.509120
0.508864
0.507744
0.515232
0.525312
0.516960
0.515968
0.516352
0.513408
0.509664
0.510336
0.509856
0.509184
0.509664
0.509568
0.510080
0.509696
0.508288
0.528448
0.510208
0.513152
0.510144
0.509728
0.510656
0.509824
0.510624
0.508736
0.510080
0.508736
0.520512
0.508416
0.509824
0.510656
0.509760
0.514976
0.510368
0.510880
0.509600
0.509600
0.509120
0.510496
0.509216
0.509824
0.509728
0.509344
0.509344
0.508352
0.508960
0.509344
0.510304
0.509280
0.509568
0.509792
0.508160
0.519488
0.508128
0.508736
0.509536
0.508640
0.508640
0.509056
0.510080
0.509344
0.508864
0.509440
0.508928
0.510656
0.508800
0.514528
0.516768
0.518720
0.517568
0.514848
0.512800
0.512032
0.510976
0.508960
0.509408
0.509248
0.511488
0.511936
0.509920
0.510176
0.508512
0.513888
0.508512
0.509664
0.508768
0.508320
0.509056
0.510368
0.509248
0.508384
0.511168
0.509792
0.509216
0.510144
0.508960
0.509600
0.508992
0.508672
0.508128
0.508544
0.508864
0.508704
0.508736
0.509184
0.510176
0.509888
0.510688
0.508896
0.509120
0.508704
0.510496
0.509568
0.509504
0.510272
0.508864
0.510272
0.509760
0.509568
0.509408
0.510272
0.507776
0.510368
0.510048
0.510656
0.510368
0.508320
0.509216
0.510208
0.509504
0.509728
0.508064
0.516928
0.511072
0.510368
0.510016
0.510112
0.511168
0.508128
0.510496
0.508736
0.510912
0.522272
0.509536
0.508832
0.509824
0.510304
0.508192
0.508576
0.509664
0.509472
0.509056
0.507776
0.508992
0.509312
0.514688
0.516896
0.517504
0.516288
0.518048
0.517440
0.513920
0.512800
0.510400
0.510912
0.517440
0.509472
0.509376
0.512384
0.518272
0.519904
0.518464
0.520800
0.521440
0.520928
0.520288
0.524320
0.522432
0.522304
0.535680
0.524544
0.522624
0.524256
0.518048
0.521504
0.516192
0.509568
0.517248
0.513440
0.514048
0.528480
0.516864
0.516800
0.515296
0.520992
0.513824
0.510336
0.511200
0.510592
0.510560
0.510560
0.508960
0.509568
0.517920
0.510944
0.509952
0.510144
0.509632
0.510624
0.508992
0.509472
0.508224
0.509824
0.508256
0.509056
0.509344
0.509568
0.509600
0.508672
0.509408
0.510336
0.511872
0.509952
0.510208
0.509472
0.509312
0.509536
0.508480
0.509248
0.509632
0.509344
0.509984
0.509440
0.509056
0.508640
0.509664
0.508960
0.510912
0.509344
0.509312
0.509728
0.508640
0.509696
0.508256
0.510112
0.509664
0.508896
0.508864
0.509664
0.509632
0.508768
0.510880
0.509056
0.510048
0.510784
0.509600
0.509856
0.507616
0.512288
0.513600
0.518528
0.518848
0.512192
0.510656
0.515008
0.515104
0.516192
0.516800
0.516640
0.523232
0.516896
0.519488
0.512672
0.510176
0.510144
0.508320
0.508864
0.511552
0.516640
0.520960
0.518176
0.519008
0.516256
0.513632
0.514112
0.515104
0.517248
0.524640
0.522912
0.520064
0.521408
0.524064
0.516768
0.515680
0.515104
0.514432
0.515488
0.518944
0.519200
0.522144
0.517952
0.513472
0.511936
0.511168
0.511808
0.511904
0.514464
0.513568
0.512576
0.511360
0.516224
0.511520
0.510240
0.510336
0.509568
0.509280
0.509024
0.510112
0.510624
0.509856
0.509664
0.510240
0.512480
0.514816
0.512928
0.510784
0.511936
0.511296
0.509344
0.509984
0.509568
0.510016
0.508768
0.510624
0.509440
0.510144
0.511136
0.509248
0.511104
0.509056
0.509600
0.509600
0.512224
0.509536
0.511840
0.511040
0.509088
0.509440
0.508704
0.511456
0.510112
0.509760
0.510176
0.509280
0.510752
0.508608
0.510624
0.512288
0.510048
0.512064
0.509440
0.513216
0.513280
0.512352
0.509920
0.510720
0.510592
0.509984
0.511808
0.513664
0.517184
0.519424
0.518176
0.516000
0.525440
0.512192
0.510528
0.512064
0.510624
0.510400
0.510208
0.510496
0.510144
0.510976
0.511392
0.509984
0.509408
0.510304
0.510144
0.509632
0.509696
0.508928
0.510944
0.508608
0.508576
0.508320
0.509504
0.509248
0.512320
0.514784
0.513248
0.510944
0.510720
0.510112
0.512032
0.509664
0.510528
0.510112
0.508608
0.509696
0.516416
0.512448
0.508928
0.511680
0.510752
0.510912
0.509984
0.509280
0.509728
0.508832
0.511712
0.510752
0.510880
0.509952
0.509376
0.509696
0.510112
0.510688
0.509440
0.518080
0.516704
0.509376
0.509920
0.508128
0.509824
0.508288
0.510400
0.509376
0.509664
0.509632
0.509888
0.508544
0.508576
0.509952
0.509824
0.508416
0.510720
0.509600
0.510560
0.510944
0.511712
0.526752
0.513248
0.509248
0.509888
0.508832
0.508736
0.509184
0.508736
0.510144
0.507872
0.511008
0.511712
0.511296
0.509824
0.509440
0.509344
0.507776
0.509184
0.509504
0.510368
0.508416
0.508608
0.509184
0.508896
0.509152
0.508000
0.510080
0.508992
0.515232
0.519200
0.516000
0.518752
0.518624
0.510592
0.508672
0.510688
0.513280
0.509792
0.509248
0.508640
0.510336
0.511552
0.510368
0.509696
0.510592
0.511456
0.508768
0.510272
0.508512
0.510816
0.510336
0.509376
0.509344
0.509856
0.509472
0.509408
0.510336
0.508096
0.509344
0.518112
0.524096
0.536096
0.546784
0.520864
0.519200
0.518016
0.516832
0.517632
0.516960
0.516512
0.517184
0.515552
0.519072
0.518880
0.516256
0.515392
0.515616
0.518656
0.517728
0.519328
0.516288
0.514656
0.516512
0.519008
0.519904
0.520960
0.522432
0.522528
0.522496
0.520896
0.521984
0.527680
0.514688
0.510624
0.509312
0.510464
0.509440
0.509120
0.510912
0.508832
0.510272
0.509056
0.511200
0.511552
0.511840
0.510240
0.511104
0.509856
0.510112
0.515072
0.508512
0.508832
0.508768
0.510016
0.508960
0.509984
0.509856
0.510656
0.510080
0.508416
0.509120
0.508960
0.508896
0.511360
0.508480
0.509600
0.508512
0.512992
0.509664
0.508608
0.508160
0.509472
0.509024
0.510304
0.508864
0.509824
0.509760
0.510528
0.510816
0.512320
0.510688
0.511488
0.508224
0.509760
0.508896
0.508352
0.508640
0.510080
0.508512
0.508704
0.509280
0.508480
0.509792
0.507648
0.509792
0.510272
0.509568
0.508960
0.512608
0.509760
0.508768
0.510272
0.508960
0.509920
0.508736
0.510912
0.508928
0.508032
0.508960
0.508640
0.508736
0.509280
0.508864
0.509280
0.508736
0.509376
0.507648
0.510016
0.508000
0.510752
0.509152
0.509824
0.509632
0.509152
0.510720
0.509888
0.516352
0.514848
0.511424
0.511648
0.510464
0.514304
0.514816
0.519904
0.516160
0.511296
0.515136
0.512800
0.513920
0.515680
0.513696
0.515360
0.515712
0.516640
0.517856
0.512896
0.510432
0.510496
0.510816
0.509792
0.509088
0.508992
0.509600
0.512064
0.510176
0.508736
0.508864
0.509856
0.509952
0.508992
0.509376
0.508768
0.508928
0.509696
0.508768
0.511744
0.508544
0.509664
0.508576
0.510816
0.508640
0.509696
0.509984
0.508384
0.509120
0.510400
0.511200
0.510304
0.508192
0.509888
0.510912
0.510976
0.508704
0.511040
0.508928
0.509792
0.508448
0.509568
0.508928
0.508288
0.508544
0.509632
0.508960
0.509344
0.508544
0.509664
0.507808
0.510592
0.509120
0.509696
0.509952
0.510304
0.508192
0.510240
0.509376
0.510976
0.508512
0.509888
0.509440
0.510368
0.511264
511.368351
