0.520960
0.510752
0.509952
0.509728
0.509504
0.510112
0.508672
0.510880
0.508960
0.509184
0.509280
0.511008
0.509696
0.509728
0.508576
0.509568
0.508576
0.509344
0.510688
0.509504
0.507776
0.510240
0.507584
0.508416
0.508608
0.509600
0.508992
0.508704
0.508736
0.508928
0.508000
0.508544
0.510656
0.507744
0.509024
0.510016
0.509440
0.510528
0.508064
0.509600
0.510016
0.508800
0.509120
0.510336
0.509184
0.509952
0.509312
0.509024
0.509184
0.507584
0.512000
0.510688
0.509440
0.509920
0.508832
0.509312
0.509632
0.509312
0.510464
0.511424
0.508672
0.510528
0.512512
0.509984
0.508416
0.509120
0.509184
0.508576
0.509280
0.511744
0.509472
0.510528
0.508448
0.510656
0.508768
0.509632
0.508320
0.511584
0.509504
0.511104
0.508416
0.508960
0.516960
0.517376
0.515968
0.509664
0.510272
0.509024
0.512032
0.510560
0.513056
0.509248
0.509088
0.509344
0.509440
0.508608
0.510048
0.507968
0.510624
0.509856
0.510304
0.509632
0.510656
0.509632
0.508928
0.508512
0.509920
0.511328
0.512448
0.509824
0.510656
0.507936
0.509728
0.524128
0.511424
0.508960
0.515584
0.509696
0.509760
0.511104
0.508480
0.508352
0.508768
0.509600
0.510496
0.509856
0.510304
0.509600
0.510912
0.509184
0.509632
0.511104
0.509824
0.510080
0.508832
0.510336
0.512224
0.509376
0.509376
0.510016
0.509568
0.509408
0.510208
0.509504
0.509056
0.508416
0.509216
0.509984
0.509344
0.508800
0.508576
0.509856
0.508352
0.509216
0.508672
0.510432
0.509440
0.510176
0.510016
0.508832
0.509344
0.509824
0.514208
0.519552
0.517024
0.517920
0.512864
0.511168
0.509248
0.510048
0.509728
0.512736
0.508832
0.510432
0.509504
0.508480
0.509408
0.511968
0.510528
0.511680
0.510592
0.510496
0.509888
0.510528
0.509184
0.509504
0.510144
0.510560
0.566336
0.515552
0.517600
0.515712
0.517408
0.516992
0.517376
0.520192
0.522080
0.522592
0.524832
0.518080
0.520544
0.535840
0.517376
0.517376
0.519200
0.517088
0.517664
0.517280
0.518496
0.518752
0.515424
0.516640
0.514656
0.517504
0.519296
0.519168
0.514176
0.516320
0.521632
0.516736
0.516000
0.516704
0.515520
0.520704
0.513216
0.510336
0.509952
0.510496
0.510464
0.509120
0.510240
0.509760
0.508320
0.518368
0.519872
0.517152
0.522656
0.521920
0.522368
0.523232
0.527648
0.520992
0.520800
0.518880
0.514688
0.511072
0.511008
0.510944
0.509696
0.509760
0.510016
0.509376
0.509920
0.511072
0.510400
0.508192
0.516224
0.509888
0.510016
0.511008
0.509984
0.510304
0.509888
0.514880
0.507456
0.510304
0.508640
0.510784
0.508320
0.509984
0.508736
0.510752
0.511424
0.510912
0.510016
0.510176
0.511168
0.525440
0.510208
0.510592
0.508896
0.511520
0.509408
0.510496
0.510016
0.508896
0.510208
0.510624
0.508544
0.509568
0.510272
0.509152
0.509600
0.509600
0.508800
0.510848
0.509440
0.510368
0.509248
0.511072
0.510208
0.510368
0.508544
0.509920
0.508096
0.511424
0.510016
0.511776
0.514208
0.510336
0.508416
0.510880
0.507488
0.511872
0.508288
0.510112
0.511264
0.510592
0.510016
0.508800
0.509216
0.508640
0.510336
0.510784
0.509280
0.508832
0.509824
0.509024
0.509568
0.508928
0.510112
0.509568
0.509728
0.509216
0.510720
0.511200
0.511168
0.508864
0.510880
0.508576
0.510304
0.509344
0.510592
0.509248
0.510496
0.509504
0.511168
0.510016
0.510912
0.508928
0.509152
0.508288
0.510912
0.512320
0.515424
0.518304
0.519488
0.512288
0.515488
0.526784
0.513216
0.515072
0.515040
0.515264
0.516096
0.517664
0.516832
0.512544
0.511872
0.508736
0.512352
0.509696
0.511264
0.509600
0.513536
0.509600
0.510112
0.508896
0.509856
0.509120
0.509824
0.515232
0.508352
0.508448
0.509472
0.509024
0.509344
0.510912
0.509632
0.510048
0.510688
0.514784
0.507936
0.511776
0.510368
0.513792
0.516160
0.517664
0.520448
0.518592
0.514944
0.515104
0.515520
0.516928
0.519328
0.519808
0.520928
0.520000
0.516192
0.514688
0.515552
0.513248
0.514688
0.519168
0.520064
0.517088
0.513536
0.510400
0.515456
0.515584
0.516384
0.516672
0.515872
0.513760
0.510912
0.511616
0.510752
0.512192
0.509696
0.510272
0.509920
0.510368
0.511648
0.510048
0.510112
0.509824
0.509824
0.510336
0.509376
0.509536
0.509280
0.508800
0.511072
0.509280
0.509248
0.509024
0.511040
0.508832
0.512160
0.508064
0.510080
0.509760
0.512608
0.509504
0.510368
0.510016
0.509600
0.508960
0.509536
0.510144
0.509152
0.509824
0.509696
0.508736
0.511136
0.515328
0.521312
0.518176
0.524000
0.525024
0.521792
0.524192
0.520928
0.526752
0.520256
0.521248
0.523008
0.523584
0.516704
0.517152
0.514496
0.510240
0.517440
0.518784
0.514464
0.514848
0.516288
0.517088
0.515872
0.517952
0.519136
0.512480
0.510304
0.510720
0.509696
0.510048
0.508960
0.512992
0.511200
0.509056
0.509696
0.509088
0.509184
0.509408
0.508320
0.511168
0.512256
0.511072
0.520512
0.521280
0.509952
0.508224
0.508928
0.509248
0.509120
0.510368
0.510048
0.509408
0.508960
0.509760
0.509408
0.510080
0.509248
0.509664
0.509280
0.508832
0.509984
0.508384
0.510528
0.508320
0.520032
0.520384
0.515648
0.519296
0.515168
0.516160
0.519040
0.516768
0.514048
0.519488
0.518688
0.516960
0.518688
0.519872
0.517184
0.526624
0.518944
0.516640
0.520160
0.535104
0.515904
0.517248
0.513472
0.510144
0.511872
0.510144
0.516768
0.516480
0.515232
0.518112
0.513280
0.510112
0.511040
0.508992
0.511136
0.509088
0.510400
0.509792
0.509056
0.509632
0.511424
0.515648
0.517824
0.517824
0.519264
0.518432
0.516864
0.513952
0.512384
0.508896
0.510688
0.508352
0.510272
0.509088
0.510464
0.509856
0.510336
0.508864
0.516224
0.508960
0.510016
0.507552
0.512256
0.515200
0.509856
0.510400
0.508288
0.511584
0.508480
0.509536
0.508640
0.510432
0.508896
0.509696
0.508192
0.510432
0.508416
0.511168
0.509632
0.509408
0.508512
0.509728
0.508480
0.510112
0.508992
0.511072
0.508736
0.511424
0.510080
0.510656
0.526080
0.509184
0.511680
0.508672
0.511232
0.508096
0.511168
0.512416
0.511008
0.510016
0.511328
0.508704
0.510176
0.509152
0.510848
0.509440
0.510592
0.509120
0.518304
0.516288
0.509088
0.510304
0.509472
0.510880
0.510112
0.508576
0.509120
0.510528
0.507360
0.508736
0.508992
0.510880
0.508800
0.514080
0.511552
0.509344
0.511488
0.508864
0.514240
0.512000
0.510208
0.510688
0.510752
0.510528
0.515040
0.511200
0.509696
0.510656
0.509696
0.510496
0.508320
0.509376
0.508512
0.509344
0.509056
0.509568
0.508544
0.509632
0.507936
0.508832
0.508800
0.511040
0.508224
0.511008
0.508864
0.508352
0.509184
0.510240
0.509472
0.510688
0.511936
0.511296
0.508320
0.509504
0.509440
0.510368
0.508352
0.510496
0.512352
0.511552
0.510688
0.509792
0.512064
0.508768
0.513824
0.509344
0.512896
0.511648
0.509344
0.510880
0.509248
0.509280
0.509440
0.509472
0.510656
0.509088
0.509120
0.509056
0.510272
0.507616
0.509184
0.515456
0.514752
0.515360
0.515776
0.512256
0.510688
0.510496
0.508704
0.511488
0.509568
0.509120
0.511232
0.508608
0.512480
0.510112
0.511488
0.511232
0.511744
0.511008
0.511552
0.510880
0.509632
0.511552
0.507680
0.508448
0.509536
0.510208
0.509024
0.511936
0.508576
0.508480
0.508288
0.509184
0.509280
0.509088
0.508576
0.510336
0.507776
0.510400
0.508256
0.510944
0.508800
0.513216
0.508480
0.510848
0.509024
0.510208
0.509152
0.510368
0.509184
0.509120
0.509728
0.509248
0.507744
0.509408
0.508768
0.511232
0.508704
0.508928
0.509152
0.508800
0.508832
0.508800
0.518016
0.516384
0.514816
0.518336
0.519008
0.518176
0.518304
0.518208
0.516832
0.515968
0.516960
0.512352
0.510912
0.510144
0.510880
0.511872
0.510496
0.512032
0.510816
0.511264
0.509440
0.509920
0.509344
0.510080
0.509056
0.510848
0.509632
0.510144
0.509792
0.511104
0.509216
0.514112
0.514688
0.509792
0.511072
0.509248
0.509472
0.509888
0.516960
0.509664
0.510784
0.518144
0.526560
0.514432
0.511552
0.511584
0.512320
0.510368
0.514720
0.509760
0.512640
0.510080
0.510080
0.510560
0.509920
0.509760
0.508896
0.509632
0.512384
0.509472
0.510432
0.509536
0.509952
0.508992
0.509952
0.512448
0.510080
0.513248
0.512480
0.512768
0.510304
0.510464
0.509632
0.510400
0.511168
0.511808
0.512992
0.509152
0.511232
0.509760
0.509184
0.509504
0.512192
0.508928
0.510496
0.509856
0.509664
0.509632
0.509536
0.509824
0.517760
0.514560
0.511424
0.510560
0.511488
0.511936
0.511424
0.510976
0.510464
0.510720
0.511488
0.511104
0.513632
0.510144
0.509216
0.509248
0.509888
0.511040
0.511296
0.510016
0.537344
0.511008
0.513696
0.509664
0.511136
0.509440
0.509696
0.508960
0.509088
0.509920
0.510112
0.510016
0.508928
0.513248
0.512448
0.517120
0.514272
0.509600
0.509120
0.509888
0.509728
0.510048
0.507936
0.509600
0.516128
0.508448
0.507872
0.510048
0.509280
0.510592
0.514304
0.509216
0.511200
0.508640
0.516192
0.513472
0.512160
0.509952
0.510656
0.508640
0.509600
0.509728
0.508032
0.510816
0.509600
0.508960
0.509952
0.509344
0.509088
0.511328
0.508800
0.508352
0.509088
0.508160
0.509472
0.510176
0.508352
0.511936
0.507776
0.510656
0.508608
0.513344
0.519104
0.510880
0.509280
0.507904
0.509344
0.512256
0.508768
0.508960
0.509440
0.507808
0.508896
0.508448
0.508672
0.510208
0.510624
0.508832
0.508096
0.509344
0.509088
0.509376
0.510688
0.508736
0.508736
0.508576
0.510400
0.508800
0.510400
0.508960
0.510208
0.508928
0.510240
0.508960
0.511008
0.509440
0.512416
0.508384
0.511296
0.508160
0.511808
0.509280
0.510432
0.507968
0.510464
0.507712
511.639425
