0.523520
0.512192
0.510336
0.511360
0.509760
0.510112
0.511840
0.524672
0.512672
0.511168
0.510720
0.517824
0.514848
0.533216
0.512224
0.510176
0.509824
0.510208
0.509120
0.509120
0.509184
0.509472
0.509376
0.509856
0.510400
0.509568
0.511136
0.509248
0.510144
0.510144
0.508736
0.509728
0.512256
0.509792
0.510784
0.510400
0.511360
0.509984
0.510688
0.510304
0.511072
0.510944
0.510688
0.510368
0.509920
0.510432
0.510080
0.510304
0.511264
0.512160
0.514816
0.513376
0.513536
0.519168
0.519168
0.514272
0.513824
0.510560
0.509792
0.510336
0.509344
0.510080
0.510080
0.510240
0.510848
0.513632
0.511904
0.509984
0.511392
0.512896
0.512928
0.512320
0.511040
0.508160
0.510528
0.509824
0.509216
0.508640
0.513152
0.518080
0.513824
0.511168
0.510176
0.508768
0.509600
0.509792
0.509408
0.508640
0.509248
0.509920
0.511488
0.510944
0.507584
0.508384
0.509216
0.509984
0.509376
0.510240
0.510752
0.509664
0.510848
0.508832
0.510560
0.508000
0.508672
0.509632
0.510176
0.509120
0.508416
0.509376
0.508512
0.509696
0.508704
0.509632
0.509376
0.508896
0.509088
0.508128
0.509312
0.508448
0.508160
0.508064
0.508768
0.507872
0.507392
0.508928
0.508608
0.510272
0.508608
0.510464
0.510112
0.508576
0.511488
0.509184
0.509920
0.508736
0.513216
0.509504
0.509344
0.508960
0.510816
0.517024
0.519872
0.512992
0.509792
0.510496
0.511296
0.509280
0.509600
0.509792
0.510976
0.510048
0.509024
0.510464
0.509600
0.509120
0.509184
0.510144
0.508384
0.510016
0.509760
0.509408
0.509344
0.508960
0.508832
0.509504
0.510688
0.508544
0.508864
0.509568
0.510560
0.508928
0.507040
0.509312
0.508832
0.509216
0.508480
0.508992
0.509120
0.508512
0.508160
0.507936
0.509152
0.508128
0.510688
0.509920
0.513888
0.515296
0.518496
0.515648
0.517440
0.512544
0.509600
0.508864
0.509056
0.509312
0.509440
0.508800
0.509344
0.507808
0.509408
0.509472
0.508992
0.509344
0.509088
0.510592
0.511456
0.511680
0.510016
0.509856
0.508992
0.509824
0.510080
0.508512
0.509600
0.509888
0.510784
0.509152
0.508800
0.508640
0.507072
0.509504
0.508352
0.508544
0.508736
0.509216
0.509056
0.508448
0.509696
0.508704
0.508800
0.509216
0.509248
0.508960
0.508736
0.509248
0.507744
0.509408
0.509376
0.509696
0.509344
0.510016
0.509888
0.510240
0.510752
0.508256
0.509632
0.507808
0.508864
0.508064
0.508736
0.509600
0.508544
0.510208
0.507520
0.508768
0.507872
0.509312
0.508224
0.508704
0.509152
0.508064
0.508640
0.508288
0.510368
0.511776
0.508800
0.511264
0.510240
0.509088
0.508736
0.511488
0.512032
0.510560
0.508960
0.508768
0.508192
0.508544
0.508576
0.508448
0.509952
0.509984
0.508832
0.509792
0.510720
0.510464
0.508224
0.507872
0.508576
0.508512
0.509056
0.509216
0.509024
0.507872
0.509472
0.508672
0.509088
0.508640
0.508480
0.509216
0.509184
0.508416
0.507008
0.508512
0.508416
0.508960
0.509120
0.509696
0.509376
0.509376
0.509376
0.508800
0.509344
0.509760
0.511104
0.510528
0.508640
0.509184
0.508960
0.510208
0.508896
0.511264
0.509952
0.510176
0.508320
0.508608
0.509920
0.509408
0.510304
0.509824
0.511488
0.509344
0.509088
0.509248
0.508960
0.509696
0.508832
0.510176
0.509120
0.508352
0.508000
0.509280
0.509408
0.508064
0.508512
0.509248
0.511904
0.511616
0.514080
0.508448
0.508032
0.508416
0.508000
0.508864
0.510688
0.508256
0.508352
0.508352
0.510560
0.507584
0.509184
0.509536
0.512352
0.510080
0.508608
0.509216
0.508000
0.507776
0.509248
0.508576
0.509280
0.508544
0.508704
0.509024
0.509728
0.508000
0.508576
0.509536
0.508288
0.509408
0.509984
0.508864
0.509984
0.509056
0.509536
0.509152
0.509792
0.509568
0.511488
0.508864
0.510688
0.511072
0.511296
0.508832
0.509856
0.508960
0.509632
0.509248
0.509312
0.510464
0.511808
0.509856
0.512576
0.510848
0.510720
0.509728
0.510208
0.508864
0.509664
0.508672
0.509664
0.509344
0.508352
0.509952
0.508544
0.507872
0.508608
0.509824
0.513536
0.518976
0.518368
0.517152
0.513312
0.509536
0.512128
0.509920
0.511936
0.511712
0.509280
0.510816
0.508480
0.509152
0.509568
0.509888
0.510048
0.509440
0.510240
0.508448
0.510048
0.508672
0.509216
0.511168
0.509952
0.509536
0.509216
0.509280
0.508672
0.509952
0.510144
0.510560
0.508864
0.509824
0.508352
0.508192
0.508832
0.508480
0.508608
0.509920
0.509472
0.510432
0.508320
0.509920
0.507840
0.511104
0.508800
0.513728
0.519936
0.520096
0.517760
0.519296
0.521856
0.522464
0.522144
0.537024
0.523552
0.523392
0.527968
0.522080
0.523392
0.523200
0.522688
0.522080
0.519968
0.513920
0.511584
0.514368
0.518272
0.512800
0.515616
0.516096
0.512064
0.513664
0.517568
0.516288
0.518400
0.517280
0.513088
0.512384
0.509792
0.510112
0.509984
0.510048
0.509536
0.509248
0.509984
0.510720
0.509856
0.509344
0.508352
0.511200
0.515168
0.509248
0.508640
0.509568
0.508896
0.509984
0.510752
0.509376
0.509952
0.508256
0.510624
0.508896
0.510656
0.508768
0.509760
0.509376
0.508800
0.509312
0.508960
0.509056
0.508512
0.508544
0.509728
0.507936
0.510656
0.508224
0.509312
0.509120
0.510944
0.508544
0.511936
0.510016
0.509408
0.509248
0.509792
0.508640
0.509440
0.508320
0.509760
0.508960
0.509152
0.507904
0.509056
0.509152
0.509888
0.508928
0.509184
0.508480
0.508960
0.509024
0.509312
0.508864
0.510944
0.509120
0.510688
0.508768
0.510464
0.509312
0.511232
0.508992
0.509152
0.512672
0.516768
0.517888
0.515968
0.517152
0.515104
0.516992
0.510080
0.509856
0.510112
0.509600
0.509568
0.509600
0.509408
0.508672
0.510016
0.509536
0.507616
0.510880
0.515360
0.510080
0.510496
0.510304
0.508928
0.509664
0.509856
0.508864
0.511200
0.508576
0.509728
0.508448
0.509792
0.525184
0.508320
0.511360
0.508160
0.509472
0.509280
0.512960
0.509536
0.510112
0.508704
0.508704
0.509088
0.508992
0.510336
0.510144
0.509600
0.508608
0.508992
0.508992
0.509760
0.508768
0.509088
0.508576
0.510176
0.510816
0.509888
0.508448
0.510656
0.508352
0.509184
0.508576
0.508960
0.509376
0.508096
0.509536
0.508864
0.508256
0.509792
0.509888
0.510080
0.515328
0.509472
0.509696
0.509760
0.509024
0.508960
0.512608
0.509056
0.509984
0.508192
0.522176
0.509856
0.511328
0.509984
0.509888
0.508992
0.513408
0.511936
0.510976
0.510752
0.508864
0.509568
0.509952
0.509728
0.510240
0.510208
0.520544
0.514368
0.510752
0.510400
0.508512
0.509856
0.510496
0.508000
0.510912
0.509344
0.508672
0.508128
0.510944
0.508960
0.509792
0.507552
0.510080
0.508480
0.508480
0.509312
0.509888
0.509952
0.510048
0.509216
0.508576
0.509024
0.509344
0.508800
0.509088
0.510240
0.509920
0.508064
0.510176
0.507840
0.509920
0.510784
0.509440
0.510272
0.508960
0.509824
0.509056
0.510528
0.507552
0.510752
0.596576
0.523104
0.515360
0.511808
0.522336
0.512384
0.512480
0.510112
0.511872
0.510880
0.510912
0.509536
0.510112
0.511072
0.512064
0.510176
0.516896
0.515872
0.510496
0.510784
0.508416
0.510784
0.509696
0.512320
0.509824
0.511264
0.509152
0.510272
0.512064
0.511744
0.509056
0.508576
0.511456
0.510144
0.509696
0.508576
0.510496
0.508160
0.510112
0.507936
0.511360
0.509344
0.509728
0.512608
0.516768
0.521312
0.514624
0.512704
0.511136
0.510464
0.510752
0.510272
0.512192
0.511296
0.509376
0.510144
0.510016
0.510944
0.510016
0.509568
0.508960
0.511488
0.508608
0.509952
0.509792
0.510432
0.509856
0.508960
0.508992
0.511072
0.510880
0.512704
0.509952
0.511296
0.515136
0.519136
0.518336
0.519040
0.514016
0.511936
0.509952
0.508800
0.509792
0.508992
0.509536
0.508320
0.509120
0.508576
0.509056
0.509536
0.509056
0.509248
0.508576
0.509344
0.508192
0.509248
0.509728
0.508352
0.508896
0.508896
0.510464
0.514368
0.529504
0.512512
0.510848
0.510304
0.510240
0.510656
0.509824
0.511040
0.509184
0.509728
0.510272
0.510400
0.510784
0.510368
0.518496
0.516000
0.512928
0.511648
0.510880
0.510816
0.510496
0.510784
0.513728
0.537216
0.513600
0.513536
0.510304
0.511488
0.509568
0.511168
0.509952
0.510432
0.510368
0.510496
0.511744
0.510496
0.512032
0.513920
0.511520
0.510240
0.510048
0.511328
0.510176
0.510880
0.508672
0.510208
0.535456
0.509856
0.512384
0.509792
0.510144
0.510880
0.510720
0.509600
0.509280
0.513504
0.512192
0.511296
0.509664
0.510400
0.508896
0.510368
0.509760
0.509280
0.510656
0.509888
0.509248
0.510112
0.509248
0.509120
0.508736
0.522304
0.507808
0.510400
0.509344
0.510272
0.523008
0.510016
0.510048
0.510944
0.511552
0.509792
0.509312
0.512768
0.509984
0.510976
0.508192
0.510752
0.508960
0.510016
0.508992
0.510368
0.509088
0.510656
0.509952
0.510016
0.519776
0.510880
0.512000
0.510112
0.512032
0.510080
0.510368
0.509312
0.508992
0.509792
0.524736
0.510144
0.510720
0.510240
0.517632
0.516096
0.509952
0.510976
0.508896
0.509792
0.508960
0.509728
0.509248
0.510528
0.509696
0.514496
0.509824
0.508960
0.508704
0.510016
0.510528
0.509888
0.509792
0.509504
0.510848
0.510400
0.511488
0.510080
0.510176
0.510752
0.508256
0.508448
0.508672
0.510560
0.509792
0.512512
0.515360
0.511168
0.509792
0.510048
0.510720
0.508832
0.510880
0.508800
0.511008
0.509024
0.510144
0.508992
0.510880
0.508992
0.510400
0.508768
0.511360
0.511168
0.512832
0.513760
0.510400
0.510016
0.510528
0.510720
0.508160
0.510304
0.509088
0.511008
0.508960
0.512384
0.509472
0.509248
0.508928
0.508096
0.509216
0.510016
0.509280
0.510048
0.508992
0.509312
0.508352
0.509792
0.507872
0.510016
0.509248
0.509504
0.509152
0.509088
0.509280
0.509184
0.509664
0.510848
0.508128
0.510112
0.509504
0.511520
0.508832
0.510304
0.508896
0.509568
0.509248
0.510528
0.510496
0.508160
0.510528
0.508256
0.510528
0.508128
0.509120
0.508096
0.510112
0.508672
0.508416
0.509888
0.509312
0.510272
0.509344
0.510112
0.510944
0.508832
0.510720
0.507488
0.509984
0.509024
0.510144
0.509760
0.509184
0.508960
0.513408
0.512320
0.507744
0.508992
0.510336
0.509728
0.509504
0.508320
0.508480
0.509856
0.509792
0.508704
0.510464
0.509664
0.508736
0.508480
0.508672
0.510176
0.508384
0.509120
0.509216
0.509472
0.509632
0.508576
0.509888
0.508256
0.509824
0.509472
0.512736
0.509312
0.510080
0.508512
0.508800
0.509184
0.508896
0.508800
0.508192
0.510144
0.509088
0.508544
0.509888
0.508096
0.509472
0.508512
0.510176
0.509120
0.511296
0.509792
0.511136
0.508992
0.509216
0.509248
0.515456
0.510016
0.509056
0.508320
0.508896
0.509760
0.509792
0.510176
0.510176
0.509888
0.508672
0.511072
0.508160
0.510976
0.508512
0.509184
0.508928
0.510016
0.508384
0.508608
0.509024
0.507200
0.509440
0.508608
0.510048
0.510240
0.509280
0.508544
0.523936
0.530592
0.509856
0.511264
0.510112
0.510208
0.509696
0.510720
0.510016
0.511136
0.521824
0.509184
0.509056
0.511232
0.509056
0.510144
0.509664
0.511008
0.510560
0.510496
0.528832
0.524064
0.514144
0.508864
0.510048
0.511296
0.510304
0.511008
0.510208
0.513088
0.512608
0.513984
0.510528
0.510624
0.508256
0.511328
0.508256
0.510624
0.508256
0.508288
0.509152
0.509536
0.510752
0.516256
0.513088
0.516416
0.513344
0.509184
0.510688
0.511424
0.509120
0.510912
0.509888
0.509504
0.510464
0.507872
0.511072
0.510272
0.509056
0.509632
0.509216
0.508992
0.509856
0.509248
0.510400
0.511840
0.508736
0.510400
0.509088
0.511232
0.509408
0.510944
0.511936
0.510880
0.508640
0.510368
0.508608
0.510048
0.509696
0.510688
0.508736
0.510208
0.508608
0.510752
0.509984
0.509088
0.508736
0.508064
0.508320
0.509152
0.508608
0.509408
0.509376
0.510912
0.509568
0.509472
0.508448
0.510624
0.508256
0.511072
0.508288
0.509440
0.508800
0.508704
0.509120
0.510656
0.509376
0.508992
0.508576
0.508800
0.508672
0.508960
0.508768
0.512960
0.511968
0.509920
0.510784
0.509312
0.509472
0.508672
0.510432
0.508416
0.510112
0.509984
0.511744
0.510304
0.511168
0.510912
0.510752
0.510240
0.509408
0.509536
0.509632
0.509408
0.509056
0.509824
0.508512
0.508000
0.509664
0.508928
0.509696
0.508896
0.509248
0.508768
0.509664
0.509504
0.509472
0.509920
0.511104
0.512480
0.518176
0.509504
0.509696
0.507968
0.510720
0.509248
0.509568
0.509856
0.510144
0.510880
0.509504
0.510688
0.509824
0.509088
0.511680
0.509088
0.509888
0.508704
0.509760
0.510336
0.509216
0.508960
0.510912
0.508704
0.508672
0.509312
0.518464
0.510976
0.508896
0.510720
0.508800
0.511680
0.509728
0.510048
0.509568
0.509504
0.509696
0.509632
0.509184
0.509216
0.508128
0.510592
0.508800
0.510624
0.509568
0.510048
0.508992
0.510112
0.508384
0.509856
0.508768
0.509152
0.508896
0.509152
0.509312
0.514752
0.509344
0.510016
0.507936
0.509984
0.509664
0.511616
0.509568
0.509088
0.509984
0.509088
0.510336
0.510048
0.509408
0.510720
0.510848
0.509472
0.510272
0.509344
0.508864
0.509632
0.518368
0.509088
0.509728
0.507968
0.509568
0.507872
0.513920
0.508320
0.510752
0.510080
0.513760
0.514080
0.516832
0.512832
0.510080
0.509216
0.511712
0.510368
0.510208
0.510496
0.509632
0.507936
0.509792
0.508992
0.510144
0.508928
0.511360
0.508704
0.509440
0.508032
0.508448
0.511776
0.509632
0.509184
0.510944
0.509408
0.510432
0.509248
0.511104
0.509248
0.509728
0.508224
0.511424
0.509952
0.509504
0.509632
0.510016
0.509216
0.507872
0.509184
0.509664
0.509280
0.509920
0.508544
0.511072
0.508000
0.509920
0.510368
0.522720
0.510112
0.508288
0.509760
0.508448
0.511136
0.507744
0.509760
0.508960
0.509696
0.508768
0.510112
0.508128
0.509824
0.509888
0.511008
0.508832
0.510944
0.510912
0.509600
0.509280
0.510304
0.508224
0.517152
0.515744
0.518144
0.527936
0.519072
0.518912
0.520864
0.519392
0.520160
0.518656
0.517248
0.515520
0.517056
0.516256
0.523104
0.519168
0.519136
0.517568
0.525632
0.516192
0.516064
0.515168
0.517632
0.521792
0.521056
0.530368
0.513408
0.510848
0.510336
0.511744
0.510976
0.509984
0.510080
0.510176
0.510208
0.511040
0.510432
0.509280
0.509280
0.510624
0.510752
0.510048
0.513856
0.511648
0.510976
0.508896
0.511392
0.508864
0.511776
0.509472
0.510368
0.510272
0.510496
0.509728
0.509088
0.508384
0.508704
0.509728
0.510368
0.508864
0.509632
0.509312
0.509312
0.508224
0.508864
0.512288
0.508640
0.508128
0.508032
0.509440
0.508480
0.508896
0.508768
0.508992
0.510016
0.508800
0.509216
0.508320
0.510560
0.509088
0.511008
0.509184
0.510048
0.509408
0.509888
0.509024
0.510464
0.509152
0.509568
0.508352
0.511264
0.508704
0.511424
0.508864
0.510080
0.509856
0.509760
0.508416
0.508704
0.507968
0.509184
0.508768
0.507584
0.507712
0.509632
0.508608
0.510208
0.508704
0.509888
0.509120
0.509920
0.507968
0.511360
0.509312
0.510848
0.508576
0.510432
0.509088
0.509216
0.510144
0.512128
0.517984
0.515168
0.516096
0.515072
0.510848
0.511584
0.510016
0.512032
0.509536
0.512224
0.509248
0.508640
0.509280
0.510848
0.508064
0.509888
0.508640
0.511616
0.510688
0.511456
0.509216
0.510720
0.513312
0.509664
0.509184
0.510528
0.509408
0.509376
0.508960
0.509600
0.509120
0.512160
0.509728
0.510688
0.508960
0.510368
0.508064
0.510560
0.510368
0.510368
0.509984
0.510656
0.509344
0.509504
0.509504
0.509536
0.510720
0.511584
0.510304
0.510208
0.514208
0.509248
0.508096
0.510144
0.507456
0.509568
0.509664
0.509024
0.508320
0.508064
0.509984
0.508640
0.513312
0.509216
0.511264
0.510176
0.511744
0.509120
0.509312
0.508768
0.511264
0.511904
0.510912
0.509120
0.509312
0.508320
0.515776
0.508256
0.508160
0.508896
0.508864
0.508960
0.509184
0.509376
0.510048
0.509216
0.509696
0.511008
0.510272
0.508512
0.508608
0.508000
0.510496
0.508224
0.511072
0.508064
0.511424
0.508096
0.508544
0.509088
0.508544
0.509152
0.508608
0.508416
0.514880
0.511552
0.509664
0.510720
0.509120
0.511840
0.509408
0.511456
0.509632
0.511008
0.509920
0.509952
0.508096
0.511456
0.508384
0.509952
0.508992
0.510432
0.509024
0.512064
0.510368
0.509408
0.510176
0.509536
0.508896
0.509984
0.509024
0.512736
0.507936
0.508928
0.508064
0.510432
0.508640
0.509056
0.509856
0.507936
0.509152
0.508000
0.508768
0.509280
0.508704
0.509536
0.508384
0.509408
0.509088
0.508608
0.522528
0.510112
0.509920
0.509376
0.510944
0.508448
0.510592
0.514720
0.508032
0.509312
0.508864
0.509056
0.509920
0.508992
0.511008
0.518400
0.508416
0.508704
0.509056
0.509216
0.509088
0.507456
0.509504
0.508544
0.510560
0.508800
0.508768
0.508960
0.513664
0.508576
0.508256
0.508960
0.508480
0.508576
0.509472
0.515584
0.509344
0.510496
0.510304
0.509600
0.510784
0.511776
0.510272
0.514048
0.510304
0.510432
0.508160
0.513184
0.508512
0.509664
0.509728
0.509664
0.508768
0.511040
0.508992
0.511168
0.508608
0.511840
0.508064
0.510304
0.509600
0.510272
0.511232
0.510304
0.508064
0.508768
0.508096
0.509024
0.509120
0.509568
0.509536
0.508896
0.508384
0.508864
0.511744
0.510592
0.508160
0.509792
0.508672
0.510976
0.508416
0.509440
0.511168
0.510976
0.511360
0.508992
0.511360
0.508320
0.516832
0.508832
0.511936
0.508800
0.510080
0.509568
0.510880
0.509952
0.509824
0.508992
0.510816
0.509056
0.511520
0.507584
0.512384
0.508352
0.508736
0.508448
0.510496
0.508576
0.509632
0.508576
0.511424
0.509408
0.510048
0.508864
0.510368
0.513536
0.510752
0.510400
0.508960
0.508384
0.509152
0.509728
0.509344
0.513888
0.509408
0.511008
0.508128
0.511552
0.508064
0.511552
0.509760
0.510944
0.508864
0.510400
0.509248
0.511008
0.508704
0.512192
0.510720
0.509824
0.509024
0.509888
0.508288
0.509312
0.508448
0.509408
0.508768
0.508896
0.508640
0.510048
0.508832
0.509504
0.508960
0.511520
0.510432
0.510752
0.509280
0.511200
0.509376
0.509920
0.507616
0.508832
0.509024
0.512160
0.508960
0.509536
0.509280
0.507936
0.509280
0.510848
0.512448
0.509312
0.510624
0.509088
0.509216
0.511264
0.510624
0.508704
0.511808
0.511040
0.511296
0.507680
0.510112
0.507712
0.510208
0.509152
0.510080
0.509344
0.512608
0.509824
0.510016
0.508896
0.509888
0.509664
0.510464
0.509216
0.516224
0.508960
0.510272
0.509664
0.508704
0.509248
0.509024
0.511520
0.508736
0.511424
0.509024
0.511488
0.508000
0.510144
0.510272
0.509248
0.524160
0.507904
0.512224
0.508064
0.509408
0.508480
0.509600
0.508608
0.511072
0.508416
0.509920
0.512832
0.510560
0.509280
0.510944
0.509120
0.511936
0.509024
0.511136
0.508576
0.511904
0.508128
0.511328
0.511392
0.512800
0.509504
0.509504
0.509568
0.511488
0.508544
0.510144
0.510336
0.510080
0.507008
0.509504
0.508928
0.509344
0.508928
0.511104
0.509792
0.508448
0.510400
0.509248
0.510976
0.510144
0.511136
0.509856
0.510432
0.509184
0.510240
0.508544
0.511648
0.508352
0.510400
0.509248
0.510976
0.508544
0.510176
0.508928
0.512032
0.508096
0.510976
0.509792
0.511104
0.514528
0.515680
0.511936
0.509056
0.510784
0.508640
0.513152
0.509248
0.510816
0.510880
0.511744
0.509728
0.509568
0.509952
0.510912
0.509440
0.511104
0.509824
0.518464
0.510592
0.510144
0.512448
0.509600
0.509184
0.509472
0.509248
0.508640
0.509408
0.508704
0.511360
0.513792
0.512224
0.508224
0.509888
0.509568
0.509696
0.509024
0.509216
0.508576
0.510976
0.508416
0.509472
0.509088
0.509984
0.510240
0.516800
0.510592
0.509216
0.510080
0.508544
0.510176
0.509472
0.508640
0.510624
0.509888
0.510816
0.509216
0.509696
0.508640
0.509600
0.509216
0.509824
0.509888
0.509440
0.510464
0.509472
0.510528
0.508160
0.511872
0.509120
0.509312
0.509952
0.510496
0.509280
0.510592
0.509024
0.509440
0.509568
0.512224
0.509696
0.510272
0.508928
0.509792
0.509152
0.511200
0.510080
0.511744
0.510080
0.509344
0.508736
0.509952
0.509536
0.508160
0.509280
0.512000
0.508608
0.510624
0.507968
0.514304
0.509472
0.509120
0.512960
0.509600
0.509248
0.508416
0.509344
0.508864
0.510784
0.508736
0.509952
0.509280
0.510560
0.509856
0.509216
0.509504
0.508960
0.508768
0.509952
0.509056
0.510592
0.509280
0.510656
0.508576
0.510784
0.508352
0.509504
0.512096
0.509536
0.508960
0.509216
0.510304
0.509824
0.509184
0.509152
0.509152
0.509600
0.509184
0.509280
0.508832
0.509984
0.507744
0.510080
0.509184
0.510112
0.509120
0.508704
0.510752
0.509088
0.508640
0.511392
0.513312
0.512704
0.510784
0.509824
0.509632
0.510016
0.509536
0.508928
0.511008
0.509376
0.509216
0.508704
0.510784
0.507808
0.511040
0.508832
0.510176
0.510432
0.509824
0.510272
0.509120
0.508768
0.510048
0.508800
0.511584
0.510720
0.511456
0.509312
0.510496
0.508352
0.514144
0.510432
0.509280
0.510368
0.508640
0.510272
0.508640
0.511968
0.508288
0.511968
0.509344
0.511488
0.509248
0.510368
0.510112
0.510432
0.510112
0.509312
0.509280
0.511904
0.508704
0.511104
0.509920
0.511232
0.507808
0.511392
0.509280
0.527680
0.513376
0.511040
0.511968
0.508768
0.509984
0.509216
0.510272
0.509664
0.511072
0.509952
0.508192
0.509216
0.508736
0.508576
0.509728
0.513024
0.511488
0.511776
0.508928
0.508320
0.510720
0.511520
0.508512
0.509440
0.509216
0.509152
0.509664
0.509888
0.509408
0.509568
0.511520
0.509664
0.510304
0.510016
0.509696
0.510272
0.511904
0.509792
0.509440
0.509344
0.511456
0.509472
0.509280
0.508640
0.512064
0.508352
0.511168
0.510048
0.509472
0.508768
0.511392
0.510176
0.511296
0.508896
0.509472
0.509184
0.509856
0.509088
0.509376
0.509184
0.509504
0.508864
0.509440
0.508320
0.510784
0.508896
0.509760
0.509696
0.509184
0.509760
0.508832
0.509472
0.508288
0.508608
0.509568
0.509856
0.509280
0.508224
0.510112
0.511648
0.509248
0.508320
0.511424
0.511840
0.510560
0.509728
0.508992
0.510368
0.507520
0.509312
0.509216
0.516512
0.521568
0.510784
0.510048
0.510464
0.508544
0.509632
0.512416
0.510048
0.509248
0.509312
0.508320
0.509856
0.508320
0.514304
0.512960
0.509728
0.509216
0.508352
0.509728
0.508576
0.509632
0.509472
0.510816
0.509600
0.510464
0.510080
0.509792
0.510016
0.509952
0.509568
0.510528
0.509248
0.509696
0.508096
0.510112
0.509152
0.510368
0.508832
0.508352
0.510656
0.510784
0.508832
0.509920
0.511616
0.511168
0.510624
0.508544
0.509408
0.513472
0.507968
0.509216
0.508800
0.509536
0.509824
0.509632
0.509280
0.508704
0.509504
0.508544
0.509280
0.508096
0.507904
0.508736
0.509920
0.509152
0.508512
0.510240
0.513952
0.509792
0.509184
0.510240
0.508896
0.509088
0.510816
0.508736
0.510048
0.507456
0.510048
0.509632
0.509984
0.508544
0.509120
0.509728
0.515360
0.515904
0.514176
0.511776
0.509984
0.510016
0.510560
0.508640
0.510496
0.510304
0.510560
0.510464
0.509568
0.509312
0.507968
0.509248
0.508768
0.511232
0.509024
0.510688
0.509216
0.519264
0.510432
0.508288
0.509952
0.508864
0.509408
0.511008
0.510240
0.508640
0.515712
0.509376
0.510784
0.511616
0.513024
0.511104
0.510592
0.509312
0.509760
0.508512
0.510272
0.508576
0.509952
0.508992
0.509568
0.509408
0.510368
0.510752
0.510528
0.509760
0.509664
0.509728
0.509856
0.509440
0.509664
0.508896
0.509632
0.508992
0.510464
0.510208
0.512448
0.510784
0.509120
0.513728
0.508672
0.510496
0.508992
0.511136
0.509664
0.509728
0.510112
0.509056
0.508928
0.510848
0.510016
0.510208
0.509696
0.508640
0.509472
0.508960
0.509472
0.509088
0.508384
0.510912
0.509632
0.509408
0.510112
0.508032
0.508672
0.508704
0.514848
0.510048
0.510368
0.508704
0.509760
0.510048
0.507104
0.508928
0.508608
0.510048
0.510048
0.509536
0.510560
0.508928
0.510144
0.507008
0.509184
0.508800
0.511840
0.510400
0.511296
0.509024
0.510304
0.509952
0.509920
0.509792
0.511424
0.514848
0.514848
0.513504
0.510112
0.508640
0.510272
0.510112
0.509344
0.508800
0.509344
0.509568
0.508960
0.509312
0.509952
0.510592
0.508896
0.509248
0.509472
0.509024
0.510272
0.509568
0.509504
0.509280
0.509952
0.508928
0.507872
0.508640
0.512288
0.510848
0.508960
0.510624
0.509408
0.510048
0.509632
0.510656
0.509952
0.512384
0.511200
0.510400
0.509376
0.509248
0.508832
0.509184
0.508672
0.509632
0.508960
0.510848
0.509600
0.509408
0.510144
0.509888
0.509184
0.508864
0.509856
0.514944
0.508416
0.509280
0.508512
0.510912
0.507136
0.510208
0.509728
0.510144
0.510176
0.509760
0.508992
0.509952
0.509056
0.507712
0.511552
0.511296
0.509536
0.512128
0.508192
0.511040
0.509504
0.510464
0.508544
0.511744
0.508736
0.512512
0.508096
0.509952
0.509344
0.508672
0.509888
0.510112
0.508608
0.510144
0.508288
0.510464
0.508992
0.511104
0.508800
0.510464
0.508736
0.519360
0.510176
0.508416
0.510656
0.509600
0.508320
0.509472
0.509024
0.509280
0.507840
0.509120
0.510688
0.508832
0.515744
0.511296
0.510816
0.513600
0.514048
0.512000
0.512000
0.508384
0.510304
0.509856
0.511136
0.509216
0.509952
0.509088
0.511968
0.511392
0.511584
0.509664
0.509280
0.508736
0.509920
0.507840
0.514656
0.507616
0.510624
0.509472
0.510656
0.508416
0.509856
0.508864
0.509408
0.509248
0.510880
0.510048
0.511584
0.508672
0.509824
0.512032
0.516128
0.512128
0.509888
0.510176
0.508576
0.509952
0.510400
0.510112
0.510944
0.508672
0.512480
0.508864
0.510240
0.509120
0.511328
0.508832
0.509824
0.508064
0.511232
0.509024
0.511296
0.509504
0.510304
0.510496
0.509056
0.508704
0.512192
0.508096
0.511520
0.510880
0.509824
0.508096
0.510848
0.509024
0.508960
0.508512
0.510656
0.508736
0.508480
0.510080
0.509952
0.510080
0.508416
0.509120
0.509760
0.510528
0.509248
0.510112
0.509536
0.509888
0.509728
0.508864
0.509120
0.508160
0.509088
0.508896
0.509216
0.514400
0.521056
0.519648
0.555008
0.512672
0.513088
0.509344
0.512000
0.509056
0.512608
0.509504
0.511360
0.510528
0.511456
0.510272
0.510208
0.509312
0.510688
0.518240
0.515232
0.511712
0.509728
0.512512
0.513952
0.514272
0.524736
0.510592
0.510720
0.511392
0.508544
0.513920
0.508544
0.512832
0.509152
0.510432
0.509824
0.509952
0.509856
0.508928
0.508544
0.508928
0.509024
0.507968
0.509248
0.509600
0.507712
0.508896
0.509536
0.508896
0.509760
0.510400
0.508896
0.511552
0.508864
0.511072
0.508224
0.510976
0.508896
0.509888
0.510336
0.510432
0.508352
0.510080
0.508160
0.510080
0.507872
0.509664
0.508448
0.509728
0.509504
0.510016
0.508480
0.509888
0.509120
0.512224
0.508992
0.510080
0.508032
0.509280
0.508608
0.507840
0.508544
0.508192
0.509440
0.509344
0.509216
0.509760
0.511264
0.509856
0.509248
0.510624
0.508640
0.510880
0.507584
0.509760
0.508480
0.511040
0.508736
0.513952
0.511744
0.511424
0.510912
0.509824
0.511296
0.508736
0.510688
0.510880
0.511104
0.509184
0.509952
0.508576
0.511232
0.511232
0.513056
0.509536
0.509728
0.508832
0.510752
0.507264
0.510240
0.507904
0.510304
0.509088
0.509088
0.508288
0.508256
0.509600
0.508256
0.508608
0.510976
0.508448
0.509216
0.509472
0.516576
0.509344
0.510080
0.510880
0.509088
0.509216
0.508832
0.510400
0.510080
0.524512
0.508352
0.509280
0.509824
0.509600
0.509056
0.507552
0.508992
0.507552
0.509504
0.508832
0.510336
0.511456
0.509344
0.510176
0.507808
0.508672
0.507680
0.511808
0.509056
0.510144
0.509632
0.509312
0.508160
0.509440
0.509312
0.509248
0.509024
0.510336
0.509312
0.508768
0.508032
0.509760
0.507808
0.509248
0.509504
0.510912
0.509376
0.508992
0.508800
0.509568
0.508928
0.509408
0.508448
0.511712
0.509440
0.509792
0.508928
0.509952
0.508384
0.508576
0.508704
0.509664
0.525056
0.508544
0.510336
0.509184
0.510144
0.507392
0.512640
0.512192
0.512800
0.508448
0.509760
0.509280
0.509344
0.509312
0.509824
0.508768
0.510112
0.508224
0.511328
0.511360
0.512288
0.511712
0.510336
0.512032
0.509088
0.510336
0.508256
0.510496
0.508192
0.511552
0.509024
0.511200
0.508992
0.509536
0.510080
0.512608
0.510112
0.508768
0.508448
0.511264
0.510112
0.510912
0.508352
0.510944
0.509856
0.509088
0.509312
0.509888
0.508864
0.508192
0.510272
0.510784
0.511168
0.508928
0.510272
0.509792
0.509888
0.508864
0.509184
0.510624
0.509216
0.509120
0.510432
0.508640
0.511072
0.508640
0.511296
0.508448
0.509984
0.508064
0.508672
0.509120
0.509632
0.509600
0.508224
0.510112
0.508448
0.509728
0.507968
0.511104
0.508864
0.510048
0.508736
0.510624
0.509184
0.509280
0.509024
0.510464
0.508960
0.509696
0.508288
0.508960
0.508768
0.510080
0.509760
0.509760
0.512128
0.513600
0.519040
0.510016
0.510496
0.508192
0.508992
0.508896
0.510048
0.508416
0.509536
0.508800
0.509536
0.508320
0.510688
0.510784
0.526272
0.508800
0.510368
0.509568
0.509632
0.507808
0.509184
0.509344
0.510528
0.509088
0.508928
0.508160
0.508832
0.509600
0.509632
0.508896
0.510272
0.508992
0.509696
0.507520
0.509376
0.507424
0.509088
0.508384
0.508928
0.509088
0.508704
0.510944
0.508352
0.511488
0.508096
0.511872
0.509184
0.511488
0.509888
0.509152
0.509376
0.509952
0.508800
0.510176
0.524960
0.509088
0.508576
0.508960
0.507840
0.509216
0.509248
0.509568
0.508480
0.509152
0.509664
0.508768
0.508864
0.509280
0.508384
0.509152
0.509920
0.509888
0.509248
0.510176
0.508832
0.509920
0.509280
0.510176
0.508704
0.510784
0.510112
0.509024
0.509440
0.508800
0.509248
0.508224
0.509376
0.507840
0.508736
0.509600
0.508480
0.509312
0.509440
0.509216
0.509216
0.508416
0.507808
0.508672
0.509632
0.509888
0.509664
0.511968
0.509696
0.509760
0.508896
0.509728
0.508576
0.510560
0.508576
0.512608
0.513888
0.508352
0.508928
0.508960
0.510144
0.508032
0.509504
0.510112
0.513536
0.515296
0.511360
0.509152
0.509632
0.508864
0.509568
0.509696
0.509248
0.508608
0.509216
0.507680
0.509504
0.507616
0.509056
0.508576
0.509888
0.508896
0.513280
0.508800
0.508448
0.508576
0.508544
0.509568
0.510560
0.508448
0.511040
0.508960
0.511328
0.508960
0.511392
0.509120
0.510944
0.509600
0.509632
0.510176
0.510240
0.508736
0.509216
0.510272
0.508768
0.509152
0.508576
0.508448
0.509376
0.508800
0.511872
0.508224
0.509664
0.508928
0.509792
0.509440
0.509216
0.509696
0.510592
0.509824
0.509184
0.509952
0.508512
0.509344
0.509088
0.509056
0.510368
0.511904
0.509536
0.509728
0.508864
0.510048
0.509376
0.509152
0.511872
0.511552
0.509760
0.513216
0.511296
0.510592
0.509056
0.508448
0.509696
0.508704
0.510624
0.509312
0.508416
0.516672
0.509728
0.508832
0.509408
0.509344
0.511936
0.509760
0.509664
0.510368
0.509856
0.507776
0.509760
0.508448
0.510208
0.510112
0.510368
0.514656
0.509952
0.508032
0.510656
0.508832
0.510656
0.509408
0.508928
0.507936
0.512320
0.508064
0.511744
0.509312
0.511488
0.508864
0.508896
0.510016
0.508224
0.508064
0.509728
0.508608
0.508192
0.509440
0.510016
0.508512
0.510240
0.508128
0.513120
0.513632
0.509888
0.509024
0.507616
0.509120
0.508704
0.511008
0.511584
0.509824
0.508448
0.508416
0.508800
0.508672
0.508832
0.507520
0.508672
0.509536
0.508000
0.509120
0.508736
0.507936
0.509312
0.509216
0.508960
0.509120
0.508704
0.509664
0.510176
0.509216
0.508640
0.507488
0.508736
0.508960
0.509056
0.508576
0.508384
0.508896
0.509120
0.509312
0.510624
0.510944
0.509632
0.509088
0.509184
0.508640
0.510592
0.508832
0.509216
0.509376
0.511168
0.509056
0.508896
0.509696
0.508672
0.508832
0.508416
0.510976
0.508896
0.509440
0.509120
0.510432
0.510016
0.508672
0.510848
0.512544
0.513248
0.512480
0.509472
0.511808
0.510784
0.509440
0.509760
0.510048
0.509120
0.508864
0.509248
0.509728
0.508832
0.508256
0.508160
0.509184
0.508736
0.509696
0.512992
0.509888
0.509312
0.510016
0.508576
0.508992
0.510400
0.509600
0.509216
0.509216
0.510880
0.508992
0.509056
0.508928
0.510976
0.510176
0.508704
0.509568
0.510624
0.510272
0.509152
0.510624
0.510624
0.508960
0.509248
0.509248
0.508896
0.511552
0.509216
0.510720
0.510976
0.510016
0.508448
0.510272
0.509568
0.508640
0.509888
0.508896
0.508768
0.509088
0.527104
0.508256
0.510752
0.507712
0.515296
0.509312
0.510016
0.509120
0.509984
0.510464
0.510240
0.509664
0.517728
0.510432
0.511264
0.510912
0.510880
0.513088
0.513344
0.509024
0.509376
0.509792
0.509696
0.508832
0.508928
0.509280
0.509888
0.515552
0.510720
0.509632
0.509504
0.509984
0.510464
0.508672
0.509920
0.509344
0.510336
0.516896
0.509984
0.516672
0.521216
0.519488
0.520288
0.518880
0.521120
0.521472
0.517440
0.515840
0.516544
0.516128
0.517376
0.516960
0.520736
0.521728
0.528736
0.516608
0.516352
0.514400
0.516352
0.515904
0.518624
0.521280
0.520736
0.516672
0.513120
0.510240
0.512000
0.509760
0.510432
0.510848
0.512128
0.510112
0.510048
0.515424
0.510112
0.510656
0.510176
0.511968
0.509952
0.512192
0.509888
0.510912
0.509792
0.510784
0.510976
0.510784
0.509856
0.511648
0.509760
0.510208
0.509792
0.512032
0.510720
0.511424
0.509184
0.510944
0.509920
0.509280
0.514400
0.509120
0.510272
0.509024
0.510016
0.509600
0.509536
0.509984
0.508992
0.509888
0.508800
0.509408
0.510432
0.509408
0.510240
0.508992
0.522816
0.509792
0.510560
0.509184
0.510624
0.510528
0.509728
0.508832
0.509984
0.509760
0.509952
0.509888
0.509056
0.509280
0.508736
0.509568
0.509568
0.508352
0.510752
0.511456
0.514144
0.510240
0.510304
0.510112
0.508384
0.509472
0.510688
0.509664
0.509056
0.509568
0.510784
0.510432
0.509664
0.508608
0.509440
0.508736
0.510304
0.509760
0.507904
0.509056
0.507712
0.509312
0.509280
0.510080
0.509728
0.510816
0.509792
0.509760
0.509024
0.507232
0.511136
0.509056
0.510240
0.508992
0.509920
0.509888
0.508416
0.508704
0.509856
0.508000
0.511648
0.508384
0.508992
0.508160
0.510176
0.509088
0.510240
0.508864
0.510912
0.508800
0.509952
0.509152
0.508576
0.510944
0.508128
0.509664
0.509088
0.508192
0.508480
0.508448
0.509248
0.508480
0.509024
0.509248
0.509536
0.509888
0.509376
0.509184
0.510048
0.509440
0.508608
0.509760
0.514528
0.511616
0.508896
0.509952
0.512832
0.509792
0.509632
0.510880
0.509504
0.508480
0.508064
0.510528
0.507520
0.509088
0.508128
0.510240
0.509760
0.509888
0.509312
0.510304
0.510176
0.508320
0.509984
0.509920
0.508832
0.509280
0.509216
0.512672
0.508224
0.510720
0.509856
0.510272
0.510400
0.508768
0.509888
0.509920
0.509024
0.508736
0.508768
0.509184
0.508608
0.508960
0.507808
0.508608
0.509376
0.508448
0.509120
0.508576
0.508704
0.510048
0.507776
0.507392
0.508704
0.508448
0.509728
0.509184
0.509664
0.507968
0.508512
0.509312
0.508864
0.509120
0.508960
0.509184
0.510624
0.508672
0.509984
0.522560
0.510816
0.508320
0.508928
0.510240
0.508320
0.509376
0.508192
0.508928
0.508832
0.508256
0.508448
0.509504
0.510592
0.508928
0.508480
0.511648
0.508704
0.508352
0.508320
0.510048
0.510048
0.510368
0.507968
0.508672
0.509024
0.508928
0.507424
0.509824
0.509024
0.509152
0.508768
0.508704
0.509568
0.509216
0.509632
0.510304
0.509376
0.509504
0.508768
0.508896
0.508128
0.508960
0.509024
0.515360
0.510048
0.510592
0.509216
0.509888
0.510432
0.511232
0.510912
0.512832
0.511328
0.511744
0.510144
0.508704
0.508288
0.509664
0.508448
0.508864
0.509056
0.509248
0.510688
0.507648
0.509248
0.507168
0.509696
0.510208
0.508512
0.515488
0.509824
0.509216
0.511136
0.511424
0.510144
0.509632
0.510400
0.510336
0.508896
0.508768
0.508352
0.508192
0.509728
0.508672
0.510336
0.509408
0.509440
0.509728
0.509024
0.509760
0.509216
0.509728
0.511200
0.509312
0.508576
0.508640
0.515904
0.508768
0.508544
0.508448
0.508288
0.508224
0.508064
0.509312
0.507520
0.508160
0.509632
0.509408
0.510048
0.508576
0.511808
0.508576
0.509984
0.507968
0.509440
0.509472
0.510912
0.510400
0.510112
0.508448
0.508960
0.507904
0.508896
0.509920
0.516096
0.508960
0.514912
0.509024
0.508608
0.510272
0.510880
0.509856
0.508608
0.509120
0.508768
0.510016
0.508352
0.508640
0.507936
0.509504
0.508256
0.508576
0.510016
0.509344
0.509376
0.508736
0.509632
0.509344
0.510208
0.508416
0.508288
0.508640
0.509216
0.508864
0.509184
0.508512
0.509088
0.509024
0.508800
0.507808
0.509888
0.507648
0.512224
0.509792
0.509504
0.509088
0.507968
0.509984
0.508864
0.509312
0.511520
0.508896
0.509280
0.509344
0.510560
0.510112
0.512256
0.509856
0.508576
0.510944
0.510208
0.510016
0.508256
0.509600
0.508128
0.508832
0.508640
0.509216
0.508384
0.508576
0.508448
0.508704
0.508864
0.508416
0.510048
0.509024
0.509312
0.508672
0.509696
0.509184
0.508192
0.509120
0.511520
0.510528
0.511104
0.508800
0.509280
0.514688
0.509856
0.508352
0.509568
0.508672
0.509152
0.509408
0.507904
0.509632
0.509120
0.509216
0.510784
0.510976
0.510208
0.509024
0.510240
0.508000
0.510208
0.508480
0.508224
0.508224
0.509216
0.508704
0.507968
0.508800
0.507904
0.508864
0.508768
0.509216
0.508640
0.509312
0.509888
0.509376
0.508928
0.508544
0.509792
0.510496
0.510688
0.511488
0.510336
0.511232
0.510560
0.510368
0.510304
0.509440
0.511584
0.510944
0.511584
0.509440
0.508384
0.509632
0.509664
0.508896
0.512800
0.510176
0.507072
0.510080
0.508256
0.508736
0.508192
0.509248
0.508256
0.508416
0.509664
0.510272
0.509472
0.510720
0.512000
0.510176
0.510144
0.508640
0.508576
0.510432
0.508416
0.511648
0.510912
0.509664
0.508896
0.508448
0.509440
0.508800
0.508704
0.509312
0.511168
0.510560
0.509280
0.510688
0.509376
0.509504
0.509056
0.510144
0.510528
0.509344
0.509920
0.509248
0.508544
0.508640
0.509120
0.509952
0.508992
0.510496
0.508640
0.510848
0.508448
0.509728
0.508000
0.509600
0.508896
0.509792
0.509184
0.509728
0.509600
0.510656
0.510720
0.508768
0.511552
0.514272
0.511872
0.508800
0.507392
0.511104
0.508416
0.509920
0.509568
0.510880
0.510240
0.508224
0.510304
0.510048
0.510176
0.508832
0.509728
0.508864
0.510592
0.508320
0.520992
0.511008
0.508352
0.509696
0.508864
0.509952
0.508416
0.508704
0.508224
0.509856
0.508704
0.509568
0.508064
0.509280
0.508512
0.509792
0.508448
0.510400
0.508064
0.509568
0.510112
0.510656
0.509184
0.508992
0.509984
0.510144
0.510112
0.508672
0.509024
0.508544
0.508864
0.508096
0.508544
0.509088
0.508672
0.509888
0.509408
0.508864
0.509408
0.509216
0.509088
0.507648
0.508512
0.508544
0.509216
0.508320
0.509280
0.509280
0.508928
0.510944
0.508256
0.508768
0.508192
0.509888
0.511488
0.509728
0.508736
0.508768
0.510368
0.509184
0.515712
0.509248
0.508736
0.509824
0.508256
0.509248
0.508608
0.511200
0.515488
0.510656
0.510656
0.508640
0.507840
0.509056
0.511776
0.511808
0.509248
0.509792
0.509312
0.509856
0.508800
0.508640
0.509280
0.509760
0.509152
0.526816
0.510016
0.510592
0.509440
0.517632
0.509248
0.508736
0.510112
0.510272
0.511648
0.511552
0.509984
0.508608
0.509888
0.516000
0.509472
0.508896
0.509856
0.508448
0.509664
0.508064
0.521792
0.508416
0.508832
0.508864
0.508960
0.508576
0.508800
0.509632
0.508832
0.509696
0.509760
0.508992
0.509440
0.512736
0.510688
0.511392
0.509952
0.507968
0.509536
0.509344
0.509536
0.509440
0.508160
0.510816
0.508512
0.511296
0.509760
0.509952
0.509216
0.508800
0.508192
0.508384
0.509376
0.508288
0.509056
0.510176
0.508544
0.509536
0.508480
0.509120
0.508736
0.509408
0.508064
0.509312
0.509856
0.509984
0.508704
0.509312
0.508288
0.508672
0.509376
0.510176
0.511008
0.509024
0.508704
0.511232
0.509088
0.509664
0.508928
0.510304
0.510592
0.508992
0.508832
0.509088
0.509376
0.510624
0.512352
0.511040
0.508864
0.509472
0.507648
0.509760
0.508288
0.509152
0.508320
0.509088
0.509888
0.508896
0.510592
0.509440
0.510720
0.508832
0.509888
0.508832
0.508704
0.509952
0.510304
0.511072
0.506976
0.511552
0.508736
0.510496
0.510272
0.509760
0.509056
0.509504
0.509504
0.508480
0.509920
0.509184
0.510688
0.516544
0.508256
0.509216
0.509280
0.508864
0.509952
0.508608
0.509472
0.508960
0.508736
0.509376
0.511648
0.509792
0.510944
0.509600
0.510528
0.508288
0.509728
0.509120
0.508224
0.508416
0.509824
0.509440
0.508640
0.508192
0.507840
0.509216
0.510368
0.510464
0.511008
0.509440
0.510400
0.509696
0.508352
0.508576
0.507808
0.510208
0.508832
0.509664
0.510240
0.507488
0.510400
0.516992
0.514112
0.509856
0.509440
0.507680
0.510560
0.509120
0.508576
0.508608
0.508608
0.508576
0.510496
0.509760
0.511232
0.509600
0.509312
0.508672
0.509888
0.508576
0.509696
0.509504
0.519136
0.510656
0.507968
0.509792
0.508032
0.509568
0.509120
0.509952
0.509120
0.509120
0.510016
0.508416
0.510048
0.507904
0.509216
0.508256
0.510496
0.509536
0.510272
0.510880
0.510016
0.509920
0.509152
0.509600
0.508480
0.510368
0.509408
0.509184
0.509376
0.508736
0.509056
0.509088
0.509408
0.509760
0.507424
0.509440
0.508608
0.510048
0.508736
0.508512
0.509120
0.509728
0.509728
0.508032
0.511712
0.509152
0.510208
0.508128
0.509824
0.508640
0.508864
0.509152
0.509056
0.508576
0.509696
0.509184
0.509536
0.509248
0.510784
0.508160
0.512000
0.510656
0.509760
0.511200
0.509568
0.510528
0.508736
0.524320
0.510016
0.511200
0.508768
0.511264
0.510016
0.509632
0.509568
0.508480
0.509664
0.507680
0.510048
0.509152
0.509184
0.508416
0.512000
0.509664
0.510272
0.507904
0.509408
0.509152
0.509152
0.509312
0.511072
0.507712
0.509120
0.507552
0.509728
0.516480
0.514112
0.510144
0.511200
0.511616
0.509856
0.509088
0.509408
0.508928
0.510144
0.509568
0.508832
0.511936
0.511968
0.512000
0.509856
0.508576
0.510240
0.509184
0.508352
0.508512
0.509088
0.509024
0.509824
0.510432
0.508832
0.509536
0.509664
0.509600
0.509376
0.508704
0.511488
0.509888
0.509440
0.509824
0.509824
0.510592
0.509056
0.510816
0.508576
0.511040
0.509152
0.510016
0.509824
0.509216
0.509600
0.508768
0.510560
0.509472
0.508672
0.509312
0.509248
0.509632
0.508928
0.510560
0.510240
0.509440
0.509280
0.508544
0.509472
0.515648
0.510336
0.508352
0.510080
0.509280
0.511488
0.509888
0.509856
0.508320
0.508736
0.509152
0.509664
0.509024
0.510144
0.510144
0.508640
0.508000
0.510272
0.509184
0.508640
0.509536
0.509568
0.511328
0.508544
0.509728
0.507936
0.511200
0.509344
0.515200
0.509056
0.509312
0.509504
0.509280
0.508800
0.507968
0.509888
0.508000
0.509728
0.509408
0.509184
0.509856
0.509824
0.508480
0.510112
0.508736
0.509504
0.508384
0.509568
0.507648
0.509376
0.508704
0.510208
0.509088
0.510112
0.509568
0.510080
0.512192
0.508992
0.509088
0.510240
0.508960
0.513472
0.508032
0.509664
0.507712
0.509216
0.508256
0.510976
0.509248
0.509952
0.508608
0.509024
0.509728
0.510464
0.509088
0.510112
0.509248
0.510240
0.508640
0.509952
0.508128
0.509568
0.507936
0.513120
0.507776
0.509952
0.508608
0.509536
0.508832
0.509248
0.508576
0.510144
0.508480
0.509120
0.508896
0.509760
0.508864
0.510880
0.508352
0.509568
0.509888
0.509856
0.509952
0.508992
0.510016
0.507584
0.510016
0.508416
0.508384
0.510112
0.513184
0.509600
0.509184
0.510464
0.507456
0.511552
0.508736
0.510176
0.508384
0.509344
0.508896
0.509024
0.508864
0.510208
0.508416
0.510720
0.509504
0.510272
0.508256
0.510496
0.508512
0.509376
0.509440
0.514560
0.511424
0.509920
0.510048
0.509472
0.508384
0.509600
0.508800
0.510464
0.507936
0.510560
0.508736
0.510048
0.509088
0.511680
0.508864
0.510240
0.509440
0.510496
0.510336
0.509664
0.508800
0.511136
0.509792
0.510464
0.509376
0.509792
0.509792
0.509632
0.510720
0.510976
0.509760
0.510464
0.511008
0.508576
0.510112
0.508128
0.509440
0.510752
0.511552
0.510112
0.509632
0.509120
0.510112
0.509216
0.508928
0.509184
0.511008
0.508224
0.509792
0.557792
0.520800
0.510912
0.510336
0.513184
0.510240
0.517728
0.511744
0.510720
0.512064
0.510432
0.510368
0.509504
0.510656
0.510624
0.511488
0.510080
0.512192
0.518112
0.514528
0.511808
0.514752
0.510848
0.509632
0.509312
0.509088
0.509632
0.508576
0.508992
0.510144
0.508736
0.511456
0.508992
0.511008
0.508288
0.509440
0.508928
0.510368
0.510144
0.510816
0.508384
0.509696
0.510176
0.509696
0.517120
0.520224
0.520000
0.514656
0.511296
0.510592
0.511744
0.509824
0.510176
0.524480
0.510880
0.511104
0.509984
0.509952
0.511072
0.511584
0.511104
0.511776
0.509792
0.511008
0.511872
0.515584
0.510592
0.509376
0.509120
0.509696
0.509952
0.508800
0.510432
0.508576
0.510496
0.508320
0.509984
0.508320
0.510944
0.512672
0.509216
0.509344
0.509408
0.509856
0.509536
0.509024
0.511232
0.509120
0.510144
0.508480
0.510592
0.507456
0.509696
0.509856
0.511072
0.508800
0.509568
0.509760
0.511424
0.508480
0.510848
0.508576
0.511072
0.509088
0.509984
0.508736
0.512000
0.507584
0.509696
0.508736
0.517248
0.515104
0.509376
0.511360
0.509088
0.510208
0.509280
0.511616
0.508992
0.510272
0.508352
0.511616
0.509856
0.510912
0.508992
0.509184
0.509120
0.508320
0.510272
0.510208
0.508960
0.509984
0.518720
0.509408
0.510752
0.508704
0.511776
0.508416
0.509536
0.508320
0.509440
0.508736
0.510144
0.511872
0.514752
0.513824
0.509824
0.511264
0.509664
0.511552
0.509888
0.510848
0.510112
0.509440
0.509248
0.510464
0.510112
0.509152
0.509248
0.511392
0.508928
0.509952
0.508768
0.514816
0.510336
0.509024
0.510880
0.509088
0.512640
0.508896
0.511456
0.508352
0.511360
0.509184
0.510848
0.509632
0.511840
0.509696
0.509056
0.509440
0.509664
0.509248
0.510336
0.508160
0.511872
0.507872
0.509792
0.508576
0.509600
0.508928
0.510784
0.508928
0.509216
0.509216
0.510112
0.509184
0.510304
0.509120
0.517280
0.508800
0.510816
0.507904
0.509568
0.508288
0.509632
0.508832
0.509632
0.509312
0.510592
0.508992
0.510560
0.509312
0.512000
0.509888
0.510496
0.508480
0.509888
0.509472
0.509536
0.507776
0.510432
0.508128
0.511552
0.508992
0.509216
0.508960
0.510336
0.509600
0.512000
0.508704
0.509792
0.508384
0.511168
0.507776
0.509504
0.508096
0.510944
0.507840
0.510688
0.508224
0.509088
0.511904
0.508192
0.509344
0.509344
0.510496
0.509536
0.508288
0.509056
0.507808
0.509664
0.507968
0.512096
0.508384
0.511168
0.509440
0.509632
0.511200
0.510720
0.510656
0.509280
0.509760
0.509024
0.508672
0.509568
0.509088
0.509952
0.508800
0.511264
0.509728
0.509760
0.508320
0.510176
0.507936
0.510080
0.508288
0.509856
0.508928
0.509696
0.510944
0.508576
0.509472
0.509664
0.509184
0.509312
0.510944
0.509408
0.509984
0.508480
0.510144
0.508992
0.511840
0.508544
0.511744
0.509440
0.509856
0.508960
0.510368
0.509344
0.510272
0.508544
0.510720
0.508448
0.510240
0.508640
0.510400
0.507840
0.509376
0.509120
0.508896
0.509600
0.508768
0.509184
0.508128
0.510720
0.508672
0.511392
0.511200
0.510112
0.510176
0.509024
0.509248
0.515328
0.511712
0.512288
0.512064
0.509440
0.510944
0.510176
0.508256
0.510912
0.510048
0.510080
0.510016
0.510368
0.508800
0.513120
0.513024
0.512896
0.509184
0.510112
0.508672
0.512064
0.508512
0.511360
0.508384
0.511712
0.506944
0.510496
0.510240
0.512416
0.510560
0.509568
0.512160
0.509056
0.509856
0.509056
0.509248
0.508544
0.510176
0.509408
0.510080
0.510464
0.507744
0.511648
0.509312
0.510880
0.509888
0.510816
0.510304
0.509728
0.508800
0.510624
0.509440
0.510816
0.508864
0.511360
0.508960
0.511680
0.509568
0.509792
0.509056
0.510752
0.508576
0.511328
0.508864
0.510336
0.509696
0.511232
0.509056
0.510208
0.509344
0.510976
0.508032
0.510464
0.507616
0.508928
0.509824
0.509504
0.508608
0.508544
0.514592
0.509568
0.510912
0.508448
0.510944
0.509760
0.511200
0.508960
0.509632
0.509088
0.509664
0.508256
0.511456
0.509152
0.510208
0.508448
0.510784
0.507616
0.508736
0.509312
0.508160
0.510720
0.509504
0.509952
0.508224
0.509824
0.508480
0.510656
0.508960
0.510656
0.507776
0.509984
0.508384
0.509792
0.508640
0.511296
0.513216
0.510976
0.510368
0.508960
0.514432
0.511552
0.508928
0.509728
0.510592
0.511104
0.510624
0.508960
0.510592
0.512800
0.509984
0.511840
0.509760
0.510656
0.508224
0.509248
0.511808
0.509184
0.509120
0.509088
0.510272
0.510240
0.509568
0.508480
0.509504
0.509536
0.508576
0.509536
0.509536
0.510144
0.509056
0.510112
0.509312
0.509728
0.507776
0.510496
0.509248
0.511008
0.510432
0.509472
0.509248
0.509344
0.509504
0.509472
0.509024
0.511360
0.508864
0.509056
0.508256
0.510656
0.508960
0.509536
0.508576
0.509600
0.508544
0.511488
0.509664
0.510176
0.508352
0.510880
0.509728
0.510240
0.509024
0.510720
0.507872
0.510528
0.507232
0.509888
0.508832
0.509504
0.509184
0.508928
0.511168
0.510336
0.510048
0.510048
0.508896
0.510432
0.508320
0.510112
0.508320
0.510752
0.509248
0.508736
0.509376
0.509280
0.507936
0.509824
0.508928
0.511104
0.515104
0.511776
0.510240
0.509248
0.510624
0.508800
0.516992
0.509184
0.512448
0.509216
0.510784
0.511456
0.511264
0.508288
0.509312
0.508736
0.509664
0.509248
0.509824
0.508832
0.508256
0.509824
0.508736
0.510432
0.509248
0.510208
0.509664
0.509120
0.510048
0.508576
0.510112
0.510368
0.511040
0.510272
0.510560
0.509312
0.510784
0.509408
0.508064
0.509216
0.509696
0.509920
0.509216
0.510656
0.508160
0.508992
0.509952
0.508032
0.510048
0.509696
0.510272
0.509312
0.509664
0.508928
0.509344
0.508000
0.510016
0.509216
0.509920
0.508832
0.510048
0.510720
0.509536
0.512288
0.508544
0.509280
0.509280
0.508512
0.510048
0.509600
0.510048
0.510272
0.509472
0.510176
0.510592
0.509696
0.508992
0.508896
0.510272
0.508416
0.509888
0.509216
0.509952
0.509824
0.510464
0.510272
0.508448
0.509632
0.508160
0.510464
0.508224
0.510432
0.510208
0.511328
0.510080
0.508608
0.511232
0.510144
0.509440
0.510848
0.508192
0.509248
0.508448
0.509408
0.509024
0.509344
0.508576
0.510144
0.509376
0.509152
0.509184
0.508288
0.510016
0.510368
0.511392
0.511552
0.509472
0.509408
0.508768
0.509984
0.507296
0.510464
0.508480
0.510752
0.509248
0.508480
0.509568
0.508896
0.509280
0.509472
0.508032
0.509792
0.509440
0.509888
0.507680
0.509984
0.508160
0.518368
0.509440
0.508832
0.509408
0.507808
0.510016
0.508384
0.509888
0.512256
0.510272
0.508704
0.509344
0.508064
0.508288
0.508896
0.508768
0.508384
0.509984
0.508384
0.508608
0.508384
0.508576
0.509376
0.509984
0.509632
0.509664
0.510304
0.508928
0.510720
0.509440
0.510080
0.508640
0.509344
0.511008
0.509376
0.509408
0.507808
0.510016
0.508928
0.510112
0.509120
0.510752
0.510496
0.508448
0.516288
0.510528
0.510048
0.510016
0.510208
0.510848
0.509280
0.508896
0.510048
0.509248
0.509568
0.512032
0.511872
0.509920
0.510272
0.509632
0.520736
0.508384
0.509888
0.508864
0.509632
0.511808
0.512672
0.511136
0.510304
0.510688
0.508736
0.511200
0.508896
0.510400
0.510720
0.509696
0.509824
0.509440
0.511648
0.508928
0.511104
0.509888
0.510976
0.510880
0.508160
0.509344
0.510144
0.522016
0.509248
0.509344
0.509472
0.508224
0.509280
0.509536
0.509664
0.508000
0.507808
0.513664
0.517056
0.517568
0.518208
0.518976
0.517664
0.518400
0.515616
0.516064
0.514752
0.514336
0.523488
0.517344
0.521056
0.515968
0.513568
0.514848
0.513920
0.514368
0.517824
0.519552
0.516224
0.512480
0.510656
0.509696
0.509344
0.511008
0.510496
0.511136
0.510368
0.510848
0.521088
0.511456
0.510752
0.509536
0.509280
0.510304
0.509280
0.509824
0.510592
0.509088
0.509984
0.509504
0.510464
0.509376
0.509760
0.509184
0.509600
0.509248
0.510048
0.509600
0.509056
0.509888
0.510304
0.509632
0.509792
0.509312
0.510112
0.509760
0.508192
0.510048
0.511200
0.507296
0.509632
0.509664
0.509536
0.509152
0.509440
0.509216
0.510112
0.512672
0.511616
0.510048
0.509376
0.510528
0.508224
0.508800
0.509984
0.509472
0.509760
0.510304
0.510400
0.509408
0.508864
0.508640
0.509600
0.509440
0.510304
0.510496
0.510304
0.509312
0.509376
0.508128
0.510976
0.507840
0.511456
0.508800
0.511008
0.508768
0.507712
0.509568
0.509216
0.509344
0.508928
0.508832
0.512416
0.509248
0.508832
0.507968
0.509440
0.508800
0.508960
0.510336
0.508096
0.509376
0.507680
0.509696
0.509120
0.509280
0.509696
0.509760
0.509088
0.509120
0.509536
0.510016
0.509856
0.507584
0.509408
0.508480
0.510016
0.508992
0.507968
0.509376
0.507584
0.510496
0.508288
0.509024
0.508928
0.508224
0.510528
0.507232
0.508928
0.507904
0.509376
0.509056
0.508864
0.508320
0.509376
0.508000
0.508704
0.508192
0.513632
0.511424
0.508960
0.509184
0.508256
0.507936
0.509664
0.507616
0.510144
0.508416
0.510304
0.508448
0.510528
0.509056
0.508928
0.509216
0.516000
0.508160
0.509888
0.511392
0.509536
0.508288
0.509856
0.507776
0.509248
0.509184
0.509440
0.507488
0.508128
0.509120
0.510752
0.509184
0.509568
0.508704
0.509504
0.508992
0.509536
0.508672
0.510048
0.508448
0.509184
0.508768
0.509216
0.507968
0.509024
0.508608
0.509504
0.508224
0.508896
0.510112
0.509056
0.509472
0.509120
0.509760
0.509152
0.510208
0.508768
0.510272
0.510496
0.509664
0.509152
0.509376
0.508032
0.511264
0.509760
0.510272
0.510304
0.507872
0.509280
0.509728
0.509344
0.509664
0.508992
0.509056
0.512736
0.508768
0.507552
0.509280
0.509088
0.509856
0.509568
0.511584
0.510752
0.508064
0.509728
0.507648
0.509632
0.507936
0.510208
0.508992
0.509408
0.509248
0.509600
0.508992
0.508800
0.509792
0.508448
0.510944
0.509440
0.510688
0.509120
0.509440
0.509920
0.508896
0.510432
0.510240
0.509696
0.509888
0.508576
0.509440
0.508448
0.509920
0.510400
0.510656
0.509472
0.509184
0.509920
0.509504
0.509280
0.508256
0.509728
0.508800
0.509664
0.507936
0.508640
0.508800
0.508224
0.509440
0.510624
0.510656
0.509504
0.508928
0.510016
0.508416
0.508992
0.508640
0.509632
0.508256
0.509760
0.509056
0.508256
0.510528
0.510528
0.509280
0.511520
0.509792
0.508768
0.509888
0.508928
0.509696
0.509536
0.507232
0.509824
0.510016
0.510336
0.508704
0.508704
0.511936
0.509056
0.509536
0.508800
0.507872
0.508640
0.508192
0.510528
0.507904
0.510016
0.508224
0.509696
0.507616
0.509920
0.507520
0.508736
0.509280
0.508384
0.509184
0.509024
0.526592
0.510272
0.509408
0.509728
0.508288
0.510944
0.508704
0.509408
0.509376
0.510944
0.521984
0.507840
0.508608
0.508800
0.509472
0.507968
0.510336
0.513056
0.511616
0.509152
0.509376
0.508128
0.508608
0.508576
0.509120
0.509472
0.509824
0.509408
0.510944
0.509312
0.508832
0.510240
0.509088
0.510592
0.509696
0.509632
0.508544
0.508736
0.508160
0.509216
0.510208
0.508928
0.508512
0.510048
0.512096
0.509888
0.510528
0.510016
0.513344
0.509344
0.509312
0.508448
0.509440
0.509824
0.507936
0.509824
0.509088
0.510304
0.508512
0.507744
0.510208
0.508640
0.512000
0.508832
0.508960
0.507936
0.508224
0.508192
0.508288
0.510112
0.507840
0.525504
0.509984
0.509280
0.509248
0.508000
0.509888
0.508608
0.509760
0.508800
0.508896
0.510336
0.509152
0.508800
0.509120
0.510432
0.509824
0.521408
0.508832
0.510240
0.508160
0.509728
0.509344
0.509248
0.510112
0.509728
0.509024
0.510400
0.508096
0.508704
0.509024
0.510944
0.509024
0.509696
0.510208
0.509440
0.509024
0.509024
0.511680
0.508288
0.509184
0.508384
0.510048
0.508992
0.510144
0.509248
0.511168
0.509312
0.507776
0.509216
0.509664
0.509088
0.510304
0.508288
0.510464
0.509184
0.509248
0.511200
0.510688
0.520224
0.523776
0.510016
0.508288
0.510304
0.507072
0.508064
0.508832
0.509344
0.508928
0.508608
0.509536
0.515424
0.509504
0.512736
0.508608
0.509536
0.508416
0.510368
0.508768
0.509856
0.508864
0.509536
0.508096
0.509088
0.509152
0.509472
0.509696
0.508480
0.508320
0.509760
0.509600
0.509440
0.508672
0.509920
0.508192
0.509440
0.507840
0.509888
0.510976
0.516288
0.509216
0.513504
0.509600
0.509312
0.509920
0.510784
0.511040
0.510112
0.510720
0.509440
0.508448
0.510080
0.508640
0.509568
0.508640
0.509408
0.509248
0.506880
0.508608
0.508128
0.509248
0.509856
0.510304
0.509184
0.508896
0.508320
0.509312
0.512384
0.507840
0.509120
0.508576
0.510560
0.508960
0.509056
0.511040
0.508032
0.510912
0.509504
0.510048
0.510112
0.513504
0.511616
0.510048
0.509376
0.508768
0.509184
0.510784
0.509248
0.509920
0.508480
0.511040
0.509568
0.509952
0.508544
0.511392
0.508800
0.510368
0.509344
0.510016
0.508640
0.510144
0.509568
0.510112
0.509280
0.510176
0.507712
0.512320
0.508128
0.509440
0.508768
0.511648
0.509984
0.509728
0.509760
0.508928
0.511712
0.511168
0.509952
0.509376
0.509088
0.509056
0.508768
0.508352
0.508192
0.509056
0.508672
0.508704
0.509280
0.509120
0.509952
0.510304
0.509920
0.508608
0.508896
0.510304
0.509312
0.509792
0.508256
0.510496
0.508512
0.508544
0.509856
0.510816
0.509760
0.510272
0.509312
0.508704
0.509952
0.508512
0.509984
0.510624
0.509088
0.510112
0.507904
0.511232
0.507552
0.509792
0.508800
0.509440
0.513856
0.509120
0.508832
0.508288
0.510240
0.508000
0.508928
0.510048
0.509024
0.511360
0.509120
0.510464
0.509952
0.510496
0.509440
0.510944
0.509440
0.510656
0.515616
0.509664
0.509824
0.508192
0.508736
0.509984
0.508928
0.508448
0.509056
0.509312
0.509088
0.508640
0.508384
0.508416
0.512160
0.511936
0.510080
0.509568
0.509440
0.507840
0.509088
0.509024
0.508960
0.509376
0.507104
0.509536
0.508384
0.509568
0.509568
0.509120
0.508992
0.508096
0.509216
0.508416
0.508672
0.507616
0.509216
0.509568
0.508416
0.511712
0.509728
0.509728
0.509344
0.508928
0.509600
0.509952
0.510112
0.510464
0.509728
0.508704
0.509184
0.508160
0.509248
0.508992
0.509408
0.509312
0.508256
0.508832
0.509504
0.510240
0.509888
0.509376
0.508736
0.508896
0.510560
0.510208
0.508960
0.508608
0.508352
0.508352
0.509888
0.510624
0.507712
0.509152
0.509184
0.510976
0.508768
0.509376
0.510432
0.510560
0.508448
0.512096
0.509856
0.508640
0.509376
0.509408
0.508800
0.510144
0.507744
0.509088
0.509600
0.509472
0.508608
0.508704
0.508832
0.509280
0.512608
0.511296
0.511136
0.507744
0.509952
0.509664
0.509152
0.509664
0.510112
0.510208
0.507552
0.509824
0.515488
0.511552
0.509696
0.509280
0.507968
0.509408
0.509408
0.508416
0.510560
0.510624
0.509312
0.508608
0.508800
0.508160
0.509216
0.508352
0.511008
0.509632
0.509504
0.509536
0.509280
0.508384
0.509152
0.508192
0.509280
0.509856
0.509568
0.511616
0.508576
0.508512
0.510144
0.510112
0.509472
0.509728
0.509024
0.508672
0.508768
0.508896
0.509472
0.509440
0.508864
0.509888
0.510432
0.510016
0.508320
0.511040
0.509600
0.509248
0.508384
0.509536
0.510464
0.510976
0.515232
0.509760
0.512576
0.510688
0.511648
0.509760
0.510496
0.508448
0.509728
0.510368
0.509024
0.509120
0.508864
0.509056
0.509024
0.509376
0.509088
0.508352
0.509856
0.510112
0.510560
0.510336
0.509920
0.509472
0.508256
0.508896
0.509024
0.517152
0.509184
0.514144
0.508736
0.508960
0.507680
0.508064
0.510560
0.509024
0.509760
0.508672
0.509088
0.509536
0.508544
0.509760
0.509472
0.509632
0.508352
0.511520
0.512416
0.509952
0.510432
0.509152
0.511296
0.509376
0.510784
0.509792
0.517760
0.509600
0.509696
0.508416
0.510912
0.509184
0.510432
0.508736
0.511040
0.508224
0.510272
0.508608
0.511072
0.508288
0.509408
0.509120
0.509824
0.508736
0.509632
0.508480
0.508928
0.509696
0.509088
0.510048
0.510368
0.508640
0.511808
0.508160
0.509600
0.508096
0.509696
0.510720
0.509280
0.507840
0.509472
0.511776
0.509664
0.508736
0.509184
0.510336
0.509472
0.508864
0.509024
0.509216
0.508832
0.508384
0.509152
0.509472
0.510144
0.509312
0.508992
0.510240
0.509536
0.510368
0.509184
0.510176
0.509728
0.510240
0.508832
0.508224
0.508704
0.507392
0.510432
0.511360
0.509408
0.509248
0.509696
0.508960
0.507744
0.509664
0.508640
0.510080
0.507456
0.509984
0.512384
0.511712
0.509152
0.508416
0.509376
0.509536
0.509472
0.510368
0.508480
0.509568
0.513920
0.570688
0.510496
0.508768
0.509888
0.509600
0.509760
0.509184
0.513536
0.510080
0.509248
0.508960
0.509664
0.508896
0.508672
0.508896
0.510016
0.508608
0.509728
0.509216
0.509152
0.509184
0.509920
0.508896
0.509600
0.509888
0.509504
0.509728
0.509216
0.508896
0.508256
0.510912
0.508192
0.509152
0.509312
0.510368
0.509760
0.508640
0.510272
0.509056
0.510624
0.508544
0.511232
0.511104
0.510240
0.509344
0.508192
0.509120
0.509280
0.513440
0.508928
0.509664
0.509248
0.509504
0.510112
0.509440
0.510496
0.508928
0.509664
0.509248
0.508000
0.509056
0.508448
0.510176
0.508960
0.509504
0.509408
0.509696
0.510336
0.509440
0.509472
0.510528
0.509824
0.508512
0.510048
0.508736
0.508960
0.510112
0.508032
0.509344
0.508480
0.509216
0.509216
0.510944
0.509216
0.508160
0.509472
0.509024
0.509792
0.508768
0.509664
0.509600
0.509888
0.509504
0.508768
0.508160
0.508512
0.508768
0.510464
0.510528
0.511360
0.511232
0.509536
0.509856
0.508736
0.511584
0.514528
0.509728
0.509824
0.509728
0.508544
0.508736
0.510624
0.509184
0.508928
0.510080
0.509408
0.508800
0.509344
0.509536
0.509568
0.508480
0.509056
0.510048
0.508992
0.509600
0.508320
0.508576
0.508608
0.509504
0.508704
0.509184
0.511392
0.509248
0.508640
0.509312
0.508672
0.509312
0.509664
0.508960
0.509888
0.509472
0.508128
0.509600
0.508992
0.508480
0.509760
0.509056
0.509408
0.508096
0.508960
0.508832
0.508128
0.508224
0.509088
0.509088
0.510336
0.509760
0.509312
0.509696
0.507424
0.509856
0.509280
0.511936
0.510624
0.509632
0.510464
0.508576
0.510304
0.520256
0.509216
0.509248
0.509888
0.508000
0.509056
0.508384
0.508128
0.510304
0.508704
0.509888
0.508672
0.511008
0.508416
0.510400
0.511424
0.508128
0.508992
0.508480
0.509568
0.508896
0.511584
0.509376
0.507744
0.509824
0.511520
0.510688
0.509984
0.507904
0.509504
0.508992
0.509952
0.508736
0.509312
0.509024
0.509504
0.508384
0.508352
0.508448
0.507488
0.508384
0.508320
0.509984
0.509760
0.509344
0.508800
0.508992
0.509376
0.508512
0.510720
0.509344
0.509696
0.510176
0.510272
0.509856
0.508576
0.508896
0.508128
0.510048
0.510976
0.509152
0.508672
0.508384
0.510752
0.508224
0.509888
0.509184
0.509216
0.508800
0.509440
0.508896
0.507808
0.509728
0.509792
0.510112
0.511360
0.510688
0.509600
0.508832
0.511008
0.508480
0.508928
0.509216
0.508864
0.509440
0.510176
0.509152
0.509088
0.509120
0.510080
0.510464
0.509504
0.509152
0.510592
0.508224
0.508768
0.507392
0.510080
0.509280
0.508608
0.518976
0.517568
0.511776
0.510816
0.509824
0.509824
0.512576
0.518944
0.524032
0.519968
0.513248
0.510880
0.509024
0.509984
0.511168
0.508960
0.509344
0.509728
0.517472
0.513504
0.518240
0.517536
0.513408
0.562816
0.517184
0.513376
0.511584
0.510432
0.508736
0.509728
0.508832
0.509760
0.508704
0.509984
0.508512
0.508352
0.509248
0.509856
0.508576
0.509824
0.510336
0.508896
0.508896
0.515776
0.517088
0.509440
0.510560
0.509120
0.509152
0.509344
0.509376
0.508864
0.508672
0.509312
0.509152
0.510944
0.511168
0.509792
0.510400
0.509152
0.509504
0.509536
0.510304
0.509504
0.509696
0.508512
0.508992
0.508192
0.508640
0.515392
0.509856
0.509088
0.508544
0.509632
0.509600
0.510912
0.510176
0.509088
0.508672
0.510624
0.509600
0.509824
0.508096
0.509568
0.509248
0.510688
0.508384
0.510816
0.509184
0.511168
0.508096
0.509888
0.508320
0.509408
0.508416
0.510816
0.520160
0.508576
0.508576
0.509696
0.509376
0.509056
0.510496
0.509504
0.508736
0.508224
0.509440
0.511648
0.511680
0.509760
0.510848
0.509536
0.508832
0.508960
0.509984
0.507712
0.508960
0.510400
0.510624
0.509792
0.508800
0.508864
0.508544
0.508992
0.508992
0.508832
0.509984
0.510496
0.509248
0.507808
0.507904
0.508448
0.508960
0.509568
0.509408
0.509536
0.508896
0.509248
0.507104
0.510336
0.509376
0.508640
0.509216
0.509600
0.511552
0.508992
0.510560
0.507872
0.510400
0.508736
0.509312
0.509696
0.510272
0.509472
0.509920
0.509472
0.507424
0.508512
0.509664
0.509216
0.508736
0.508192
0.508960
0.512864
0.509312
0.509056
0.509472
0.509120
0.508928
0.509056
0.508416
0.511360
0.509248
0.509120
0.509632
0.510080
0.510752
0.509696
0.509056
0.515360
0.509760
0.509984
0.509696
0.510176
0.508928
0.509312
0.507776
0.510080
0.508224
0.509184
0.508960
0.509216
0.508704
0.509568
0.510208
0.509376
0.509824
0.508896
0.509856
0.508576
0.509920
0.508704
0.509888
0.509376
0.509888
0.508928
0.509312
0.515168
0.509536
0.508928
0.511552
0.508960
0.510272
0.508896
0.509184
0.508576
0.511200
0.512320
0.509952
0.510976
0.508704
0.509056
0.509504
0.509408
0.509312
0.510848
0.509504
0.508000
0.509664
0.507008
0.510368
0.508704
0.508736
0.508672
0.509120
0.508832
0.510400
0.508352
0.509376
0.509248
0.508352
0.508320
0.508960
0.509664
0.509312
0.508960
0.508448
0.512480
0.518656
0.516384
0.512064
0.511552
0.508832
0.509024
0.509440
0.510304
0.510016
0.508576
0.508640
0.508480
0.509088
0.509408
0.509088
0.509632
0.509792
0.509408
0.509344
0.508960
0.508896
0.510720
0.509472
0.509408
0.509824
0.508992
0.510336
0.509600
0.509408
0.508544
0.510880
0.509376
0.510176
0.508064
0.507968
0.509408
0.510080
0.509568
0.508384
0.509312
0.510656
0.508384
0.510720
0.509728
0.510400
0.509504
0.510176
0.508736
0.510528
0.509568
0.509280
0.510112
0.512000
0.512640
0.510240
0.509312
0.508992
0.508320
0.510464
0.509952
0.509408
0.510272
0.511232
0.513056
0.509536
0.509056
0.509184
0.509696
0.508704
0.510464
0.508992
0.508832
0.510496
0.509408
0.510816
0.508960
0.508800
0.509632
0.509440
0.511008
0.509696
0.511264
0.510976
0.509632
0.508128
0.510176
0.509792
0.509344
0.508896
0.509696
0.511328
0.510144
0.508992
0.515232
0.508928
0.510048
0.508928
0.508896
0.507648
0.510208
0.507840
0.509024
0.509728
0.509472
0.509088
0.507936
0.510752
0.507520
0.509664
0.508672
0.509152
0.509952
0.508416
0.510304
0.508672
0.509888
0.508544
0.510528
0.507968
0.511296
0.508544
0.514432
0.509728
0.508128
0.508800
0.508128
0.509344
0.508608
0.509568
0.508000
0.510528
0.511488
0.509024
0.508736
0.508608
0.509280
0.508448
0.508288
0.509184
0.508768
0.508896
0.508960
0.508800
0.508864
0.509120
0.509984
0.508608
0.509088
0.508224
0.509856
0.510304
0.509504
0.509440
0.508320
0.509888
0.509344
0.509504
0.509440
0.507808
0.509344
0.509568
0.512224
0.509920
0.533216
0.509504
0.510016
0.509408
0.509824
0.509632
0.509440
0.509120
0.508064
0.509152
0.508768
0.509792
0.508992
0.510624
0.508576
0.509184
0.509376
0.507232
0.509056
0.508480
0.510528
0.509120
0.508960
0.508512
0.509088
0.511296
0.508256
0.510208
0.508032
0.510464
0.509792
0.509408
0.509504
0.509472
0.509184
0.508736
0.508832
0.508224
0.508832
0.510080
0.509632
0.509248
0.507456
0.509120
0.508864
0.508384
0.508800
0.508896
0.509440
0.508384
0.509440
0.508352
0.509056
0.509344
0.508480
0.507968
0.508352
0.510016
0.507648
0.508928
0.509088
0.509184
0.510560
0.508672
0.509536
0.508768
0.508384
0.507488
0.509152
0.512896
0.507936
0.510752
0.509536
0.510112
0.507968
0.509440
0.507808
0.508960
0.509888
0.507872
0.508512
0.507840
0.509952
0.512640
0.511424
0.509344
0.509216
0.510144
0.508352
0.510112
0.508384
0.509088
0.509312
0.509952
0.509504
0.508384
0.509088
0.517472
0.510656
0.509248
0.509152
0.508928
0.508960
0.509152
0.509184
0.509152
0.508672
0.510368
0.509888
0.508096
0.508288
0.509824
0.509312
0.508416
0.509664
0.509408
0.510656
0.509760
0.510080
0.509216
0.509792
0.509344
0.507264
0.511040
0.508576
0.511136
0.511104
0.508864
0.510624
0.508576
0.509728
0.509056
0.509824
0.509920
0.512288
0.513056
0.509344
0.510624
0.509440
0.508896
0.508640
0.508512
0.508096
0.509152
0.508768
0.508960
0.509024
0.508896
0.509184
0.508864
0.509632
0.509664
0.510688
0.509600
0.509792
0.509280
0.509632
0.509216
0.510048
0.509792
0.509600
0.507616
0.510624
0.508352
0.509632
0.508992
0.510496
0.511136
0.509440
0.510784
0.509472
0.509216
0.508352
0.510176
0.510944
0.509504
0.509920
0.508832
0.508512
0.508480
0.510016
0.512000
0.508992
0.510944
0.510240
0.508960
0.508960
0.510048
0.508832
0.510144
0.509280
0.511392
0.511776
0.508928
0.509664
0.508704
0.509120
0.510208
0.511616
0.509984
0.508896
0.509440
0.508064
0.509664
0.508352
0.508832
0.509600
0.509216
0.509472
0.508704
0.508640
0.508736
0.509888
0.509216
0.510144
0.509536
0.508544
0.509888
0.509632
0.510080
0.509056
0.511200
0.510112
0.509184
0.509280
0.509920
0.509568
0.509440
0.510144
0.509760
0.508448
0.509312
0.509408
0.514656
0.512640
0.510560
0.509984
0.509088
0.509760
0.534048
0.512160
0.509088
0.509760
0.509440
0.509440
0.510880
0.509664
0.509120
0.509472
0.510400
0.508064
0.508928
0.508736
0.521248
0.508928
0.510944
0.515904
0.508416
0.508448
0.507936
0.510048
0.509760
0.512352
0.510944
0.509600
0.509568
0.510624
0.510688
0.509632
0.509984
0.510976
0.509248
0.509888
0.509408
0.510464
0.508864
0.512512
0.512864
0.510592
0.509344
0.510720
0.509600
0.509280
0.509088
0.508480
0.510496
0.510688
0.510304
0.509952
0.509344
0.509248
0.508512
0.508768
0.509152
0.507712
0.509184
0.509888
0.510048
0.507680
0.508896
0.509120
0.510016
0.509184
0.509504
0.509856
0.508096
0.508896
0.508992
0.509696
0.510400
0.510720
0.509184
0.509888
0.510144
0.508320
0.510240
0.507680
0.509664
0.509376
0.511680
0.510464
0.509056
0.510304
0.508416
0.509376
0.509504
0.509536
0.508576
0.509312
0.508960
0.509408
0.509152
0.508320
0.510304
0.508576
0.514656
0.520608
0.519936
0.518688
0.519488
0.521184
0.518368
0.515904
0.517088
0.515168
0.516096
0.517856
0.520384
0.517952
0.516672
0.515168
0.516160
0.514464
0.515712
0.527392
0.517984
0.516640
0.512064
0.510784
0.510272
0.510656
0.509600
0.510208
0.510400
0.511808
0.509472
0.509824
0.508992
0.511424
0.509056
0.511328
0.508544
0.510688
0.510144
0.510208
0.509632
0.509568
0.508096
0.508448
0.509408
0.508352
0.508256
0.511040
0.510400
0.510592
0.510112
0.509312
0.507968
0.510496
0.510112
0.509312
0.510304
0.510464
0.510336
0.508352
0.508288
0.508192
0.509824
0.509824
0.511296
0.508480
0.507360
0.508512
0.508736
0.508832
0.511808
0.509216
0.510592
0.509024
0.509376
0.508416
0.510848
0.508576
0.510176
0.509440
0.511616
0.509856
0.510880
0.509408
0.509728
0.509376
0.510240
0.509920
0.509088
0.509280
0.511456
0.508864
0.511584
0.508096
0.510176
0.509376
0.511392
0.509024
0.510688
0.509088
0.509760
0.509632
0.509152
0.509568
0.509376
0.510240
0.509504
0.507776
0.510560
0.507712
0.510944
0.508992
0.510752
0.510112
0.509504
0.508128
0.508192
0.508448
0.507936
0.510496
0.508992
0.509792
0.509248
0.509024
0.509792
0.509120
0.508096
0.509632
0.522592
0.509824
0.507488
0.508864
0.508096
0.509792
0.511488
0.511968
0.510848
0.509760
0.509824
0.509056
0.509920
0.508896
0.509248
0.511328
0.510336
0.510912
0.509056
0.509824
0.508672
0.510592
0.509056
0.509824
0.512992
0.508704
0.509472
0.508928
0.510272
0.508288
0.508288
0.510208
0.509376
0.508448
0.508928
0.508768
0.507328
0.510464
0.509792
0.509504
0.510368
0.508448
0.509184
0.508480
0.509152
0.508576
0.510016
0.508512
0.509920
0.510688
0.508896
0.514272
0.508448
0.509920
0.509696
0.509312
0.509088
0.509568
0.507968
0.522720
0.510464
0.507264
0.511424
0.508672
0.509760
0.509280
0.509472
0.508928
0.509408
0.508864
0.509472
0.508896
0.509024
0.509344
0.509280
0.508864
0.510400
0.509056
0.511840
0.508448
0.509792
0.509920
0.510912
0.508608
0.508800
0.509312
0.510400
0.509056
0.512736
0.510112
0.510016
0.509408
0.509472
0.508736
0.509440
0.508480
0.509600
0.509248
0.508768
0.509280
0.510592
0.508992
0.511168
0.508288
0.509536
0.508864
0.511456
0.508960
0.508544
0.509600
0.510592
0.509216
0.511072
0.511136
0.511872
0.512896
0.508224
0.509952
0.510048
0.511744
0.509472
0.513952
0.510016
0.510080
0.511552
0.507808
0.509312
0.510624
0.508704
0.511808
0.509856
0.509600
0.517568
0.508864
0.510976
0.509568
0.511968
0.509056
0.510144
0.508832
0.510912
0.508032
0.511392
0.508160
0.509952
0.510080
0.512928
0.510368
0.510304
0.509536
0.510016
0.508672
0.508864
0.509952
0.509504
0.507712
0.508224
0.509376
0.515488
0.509440
0.508448
0.508672
0.508544
0.509888
0.507936
0.510016
0.509120
0.509792
0.509760
0.509248
0.509088
0.508192
0.509088
0.508832
0.508320
0.509184
0.508640
0.510976
0.508512
0.508864
0.508608
0.509056
0.510144
0.508384
0.511296
0.509152
0.533600
0.510432
0.510176
0.509984
0.509568
0.510688
0.509984
0.509920
0.509152
0.509728
0.509952
0.510240
0.508480
0.511840
0.511392
0.508480
0.510432
0.509184
0.511456
0.509088
0.508672
0.509088
0.511392
0.509696
0.510400
0.509152
0.509280
0.510240
0.508512
0.508864
0.509376
0.508064
0.510944
0.508288
0.509664
0.508448
0.510656
0.509120
0.510464
0.508704
0.508960
0.508832
0.508768
0.509664
0.510272
0.508928
0.508416
0.509728
0.508480
0.509024
0.509248
0.508576
0.509472
0.509376
0.510432
0.509824
0.509792
0.508992
0.509600
0.509856
0.508864
0.510368
0.509408
0.508928
0.509728
0.508608
0.509760
0.509792
0.509536
0.510176
0.510784
0.508672
0.510720
0.510240
0.511072
0.510784
0.510208
0.509568
0.509824
0.508704
0.510048
0.508704
0.510528
0.509472
0.509568
0.508544
0.509504
0.510336
0.508640
0.509920
0.508160
0.510592
0.510432
0.510112
0.510400
0.508544
0.510464
0.508448
0.509024
0.509120
0.508896
0.509248
0.508448
0.510752
0.509408
0.509184
0.507328
0.509536
0.515840
0.509856
0.509984
0.510336
0.510080
0.508576
0.508384
0.509024
0.510048
0.509600
0.508416
0.511680
0.510112
0.511584
0.510720
0.509312
0.511072
0.511008
0.508416
0.509408
0.509056
0.508960
0.509056
0.507936
0.509248
0.509120
0.509696
0.511680
0.509120
0.509472
0.508832
0.510144
0.509536
0.509440
0.510368
0.510176
0.509728
0.509184
0.509792
0.507936
0.510368
0.508736
0.509056
0.510336
0.509344
0.510560
0.511968
0.510112
0.510496
0.509120
0.510752
0.509088
0.510656
0.509152
0.510624
0.509440
0.509792
0.508992
0.509472
0.509504
0.508448
0.509280
0.508416
0.509248
0.509472
0.508000
0.509152
0.509344
0.509216
0.508224
0.508832
0.508288
0.509152
0.509280
0.508224
0.508832
0.508320
0.508544
0.508000
0.509280
0.511104
0.509120
0.508512
0.510464
0.509312
0.509248
0.509312
0.508288
0.509152
0.508320
0.508416
0.509056
0.509024
0.509472
0.508768
0.509408
0.508512
0.510048
0.512672
0.513984
0.510112
0.509344
0.509952
0.509376
0.509760
0.509632
0.509248
0.510400
0.508992
0.509184
0.510016
0.508224
0.508640
0.508448
0.508992
0.508800
0.509568
0.509824
0.510048
0.509312
0.510368
0.508672
0.511424
0.510848
0.508160
0.509344
0.509760
0.509888
0.509568
0.510240
0.510880
0.510496
0.510144
0.508608
0.508704
0.509120
0.509824
0.509056
0.513088
0.509472
0.509920
0.510656
0.510144
0.509184
0.508800
0.510400
0.508512
0.509312
0.508832
0.508992
0.510624
0.508992
0.507968
0.509088
0.511136
0.509152
0.508480
0.510752
0.509152
0.509440
0.508384
0.509408
0.508320
0.508800
0.509696
0.508960
0.509792
0.509184
0.509632
0.510176
0.509536
0.509120
0.507776
0.508928
0.508000
0.509184
0.509792
0.508928
0.511008
0.509280
0.509376
0.508960
0.509440
0.508832
0.508704
0.509408
0.509088
0.508896
0.509504
0.509312
0.509600
0.508512
0.509440
0.510816
0.509472
0.509056
0.509088
0.509632
0.508960
0.509504
0.508160
0.509696
0.509120
0.510016
0.507520
0.511104
0.510016
0.510464
0.510240
0.510304
0.509920
0.509248
0.509792
0.507904
0.509024
0.508224
0.508608
0.509472
0.510624
0.510496
0.510656
0.508672
0.508192
0.508864
0.509312
0.508576
0.509856
0.508736
0.510400
0.509120
0.512288
0.511552
0.509376
0.510176
0.510112
0.509344
0.510656
0.508832
0.510080
0.508800
0.509984
0.508480
0.510368
0.510080
0.509536
0.508448
0.510080
0.508320
0.509152
0.508704
0.509408
0.508864
0.508416
0.509376
0.508960
0.509536
0.509280
0.509440
0.509568
0.510496
0.508544
0.509408
0.508864
0.507584
0.509856
0.510336
0.509376
0.509984
0.510048
0.509952
0.508960
0.509472
0.510240
0.509344
0.508896
0.509856
0.510464
0.509600
0.510208
0.508128
0.511296
0.508032
0.510560
0.508576
0.509216
0.509056
0.508448
0.508896
0.509984
0.508896
0.509536
0.509568
0.512736
0.510784
0.508640
0.508672
0.509536
0.509440
0.509376
0.509184
0.508384
0.509600
0.510080
0.511008
0.509216
0.509856
0.508544
0.509376
0.509664
0.507936
0.509312
0.507744
0.508832
0.508768
0.510048
0.509536
0.508224
0.510304
0.509312
0.509408
0.510048
0.509600
0.508960
0.509632
0.508672
0.508160
0.511488
0.509344
0.508448
0.509664
0.509344
0.509632
0.509472
0.509120
0.509056
0.508992
0.509024
0.509408
0.509248
0.509312
0.508736
0.508864
0.510560
0.507232
0.509824
0.508224
0.509824
0.512384
0.510176
0.508512
0.508736
0.509856
0.509216
0.509344
0.510016
0.509920
0.509248
0.509312
0.510112
0.513152
0.509504
0.510720
0.509760
0.509472
0.508832
0.509984
0.507808
0.508992
0.508864
0.508640
0.509760
0.509600
0.507936
0.507872
0.508928
0.509760
0.510144
0.508960
0.508288
0.508832
0.508832
0.510048
0.507872
0.509760
0.509344
0.508544
0.527520
0.512864
0.509088
0.508832
0.509728
0.509088
0.509728
0.510112
0.508000
0.509856
0.507040
0.510080
0.510144
0.520064
0.510432
0.508736
0.508320
0.508864
0.509472
0.508608
0.509856
0.508640
0.509856
0.508128
0.509600
0.509472
0.508384
0.515648
0.508128
0.509216
0.508352
0.508160
0.509152
0.508448
0.509600
0.516288
0.512032
0.508448
0.509120
0.510496
0.509408
0.509664
0.508736
0.510912
0.509696
0.510080
0.508896
0.509120
0.509376
0.508928
0.510624
0.508896
0.508928
0.510912
0.511744
0.509408
0.509120
0.509088
0.508448
0.509920
0.509280
0.510720
0.508320
0.508832
0.509664
0.508480
0.509472
0.508192
0.510112
0.508576
0.509344
0.509152
0.509952
0.508768
0.509216
0.508896
0.508416
0.512384
0.508608
0.510528
0.509440
0.510944
0.509152
0.509728
0.510048
0.510624
0.508736
0.511136
0.508896
0.519296
0.508896
0.509280
0.509120
0.509344
0.507840
0.510144
0.508896
0.512928
0.511104
0.508640
0.509344
0.509408
0.510432
0.516256
0.508672
0.509536
0.510432
0.509952
0.508256
0.509216
0.509248
0.509440
0.509792
0.509600
0.510144
0.508256
0.510720
0.507904
0.509440
0.509376
0.509920
0.509344
0.509696
0.508608
0.510720
0.510400
0.509504
0.508288
0.508608
0.507776
0.508160
0.510784
0.508800
0.507744
0.509312
0.509440
0.508928
0.508480
0.508128
0.510144
0.508064
0.510176
0.509920
0.509280
0.509024
0.509440
0.509568
0.509696
0.508896
0.508544
0.509376
0.508288
0.508672
0.509824
0.509024
0.509856
0.508448
0.509568
0.516224
0.509024
0.510336
0.509376
0.508128
0.508288
0.509344
0.508064
0.508416
0.508896
0.509216
0.509184
0.508928
0.508512
0.508768
0.510016
0.507712
0.510336
0.509888
0.509344
0.510592
0.508768
0.508352
0.508992
0.509216
0.508384
0.509152
0.508896
0.508032
0.518272
0.510048
0.510464
0.509632
0.508768
0.509952
0.509600
0.509472
0.509088
0.509696
0.512256
0.508384
0.509888
0.507776
0.509824
0.509824
0.512096
0.511168
0.511008
0.510208
0.510176
0.510592
0.510272
0.509216
0.510432
0.509760
0.509728
0.509760
0.508448
0.509568
0.510016
0.507904
0.508992
0.507584
0.508608
0.508480
0.509376
0.508640
0.508896
0.509344
0.507904
0.510400
0.508896
0.509728
0.508384
0.508384
0.509024
0.510688
0.510304
0.508192
0.508736
0.509024
0.509312
0.513344
0.513952
0.516160
0.512064
0.509440
0.508704
0.509280
0.510496
0.510240
0.509920
0.508896
0.509280
0.508032
0.508384
0.522816
0.510016
0.509344
0.509248
0.508640
0.508256
0.509024
0.508064
0.509728
0.511168
0.510816
0.509568
0.509440
0.509632
0.508864
0.509664
0.509184
0.509184
0.508448
0.510400
0.510208
0.507584
0.508736
0.508000
0.508768
0.509376
0.510944
0.508544
0.508800
0.509952
0.507680
0.511584
0.513376
0.511520
0.508928
0.508672
0.511360
0.512192
0.516032
0.508160
0.509728
0.509920
0.510656
0.510144
0.508256
0.510624
0.508576
0.509664
0.509664
0.509792
0.510368
0.510880
0.509408
0.508288
0.508544
0.507712
0.509568
0.510624
0.510528
0.510624
0.509664
0.509568
0.508384
0.509248
0.509376
0.512544
0.508832
0.509472
0.508544
0.508480
0.509088
0.510176
0.509536
0.509248
0.509760
0.508864
0.508192
0.509504
0.507360
0.508384
0.509024
0.508928
0.509632
0.508928
0.509760
0.508416
0.511456
0.508608
0.509376
0.509856
0.509568
0.509536
0.509344
0.517472
0.507744
0.508448
0.508896
0.509088
0.509408
0.508448
0.510624
0.508352
0.509056
0.508800
0.508608
0.510048
0.509888
0.508384
0.509696
0.509248
0.509152
0.509792
0.510592
0.509952
0.509056
0.509344
0.510784
0.508352
0.509856
0.508800
0.529920
0.512736
0.510240
0.510080
0.509056
0.510272
0.508960
0.508864
0.516672
0.520800
0.524544
0.516608
0.511776
0.508832
0.510400
0.508992
0.510816
0.510592
0.510304
0.511488
0.509152
0.511936
0.511488
0.514048
0.510880
0.509408
0.510464
0.509664
0.509376
0.507776
0.510112
0.507872
0.508320
0.509376
0.509024
0.510208
0.508832
0.509440
0.507776
0.508576
0.508000
0.508992
0.509984
0.509408
0.509184
0.507840
0.509472
0.508000
0.508320
0.510080
0.509664
0.508704
0.508672
0.509600
0.507968
0.509184
0.508224
0.509920
0.509440
0.509472
0.509952
0.510176
0.510816
0.509472
0.508480
0.509120
0.509472
0.509504
0.509152
0.510176
0.508768
0.508640
0.509312
0.510624
0.509024
0.509312
0.509440
0.509888
0.510048
0.508928
0.509440
0.509248
0.509952
0.509248
0.510016
0.509440
0.508800
0.508768
0.508672
0.509344
0.510784
0.509696
0.509088
0.507872
0.508704
0.509792
0.509120
0.508736
0.509920
0.508576
0.509568
0.510144
0.508224
0.509472
0.509280
0.510112
0.509664
0.508896
0.509696
0.509120
0.512928
0.512032
0.509312
0.509344
0.509536
0.508640
0.508192
0.510208
0.511040
0.510016
0.510016
0.510208
0.507968
0.510016
0.510016
0.507296
0.508928
0.509120
0.509792
0.508832
0.509632
0.508384
0.508256
0.509056
0.508192
0.509760
0.509056
0.509472
0.509344
0.508704
0.508896
0.508480
0.508800
0.509184
0.508992
0.509344
0.509088
0.508928
0.508576
0.509792
0.509472
0.510432
0.508224
0.510464
0.508064
0.508928
0.509056
0.508416
0.509536
0.507552
0.509440
0.509184
0.509792
0.510496
0.513216
0.509536
0.508928
0.509568
0.511424
0.510400
0.510976
0.512704
0.508832
0.508224
0.510176
0.508736
0.510144
0.509696
0.509280
0.508800
0.508480
0.509760
0.525280
0.510368
0.508960
0.508960
0.509536
0.508960
0.508928
0.508704
0.509440
0.508544
0.510368
0.509088
0.508992
0.510208
0.508608
0.509728
0.508800
0.510336
0.509664
0.509504
0.509536
0.508352
0.509952
0.508512
0.508256
0.510080
0.509792
0.510112
0.508832
0.508896
0.508416
0.509024
0.509504
0.511680
0.510432
0.510912
0.509312
0.510720
0.509824
0.508288
0.508448
0.509344
0.508992
0.508768
0.511584
0.508704
0.508736
0.509280
0.508576
0.509408
0.509664
0.509856
0.508832
0.509056
0.510624
0.508032
0.509920
0.509472
0.508992
0.508704
0.509600
0.509504
0.509312
0.510016
0.509600
0.509184
0.509600
0.508224
0.509056
0.509184
0.509408
0.508736
0.508160
0.508960
0.509856
0.509440
0.508384
0.508352
0.507520
0.509792
0.509344
0.511520
0.511328
0.509536
0.508960
0.509824
0.508672
0.508928
0.508512
0.508032
0.527392
0.522432
0.565056
0.523968
0.524032
0.520928
0.519808
0.519328
0.518400
0.515136
0.516992
0.517056
0.518240
0.516192
0.537600
0.517536
0.517216
0.515360
0.515968
0.518464
0.517440
0.519488
0.515360
0.514464
0.513760
0.516544
0.515776
0.513440
0.512864
0.516608
0.523072
0.514688
0.511648
0.511136
0.511232
0.510144
0.509312
0.510016
0.509504
0.510880
0.517824
0.520512
0.518464
0.521952
0.524096
0.522048
0.522784
0.524256
0.520864
0.523040
0.520736
0.515040
0.513280
0.517280
0.520192
0.517504
0.514976
0.518016
0.519200
0.513088
0.512192
0.512192
0.510784
0.510816
0.509856
0.508736
0.509856
0.510432
0.508928
0.509696
0.508704
0.509312
0.508128
0.508576
0.508928
0.509600
0.510048
0.509024
0.509952
0.508512
0.510112
0.510080
0.511232
0.509504
0.508736
0.509472
0.508800
0.508704
0.511456
0.509440
0.511360
0.510688
0.509440
0.510080
0.510784
0.510272
0.508480
0.509664
0.509696
0.510112
0.509760
0.511712
0.507904
0.509760
0.509280
0.510208
0.508352
0.509184
0.509440
0.508640
0.509408
0.508736
0.509344
0.509664
0.509152
0.509824
0.509664
0.509920
0.510048
0.509792
0.509600
0.509536
0.509632
0.508576
0.508896
0.509760
0.510624
0.508640
0.509600
0.512032
0.513952
0.512160
0.511168
0.511904
0.512672
0.515520
0.517088
0.514976
0.513056
0.519840
0.513824
0.510240
0.509664
0.510112
0.512192
0.510560
0.515296
0.516480
0.515584
0.516448
0.517632
0.526240
0.511424
0.511648
0.508768
0.509664
0.508352
0.508384
0.508544
0.508320
0.509056
0.509728
0.508480
0.509440
0.510272
0.508640
0.509120
0.511424
0.509408
0.509856
0.511456
0.508800
0.508608
0.510432
0.510048
0.508320
0.509184
0.509504
0.509344
0.509600
0.508224
0.508256
0.508000
0.508960
0.508128
0.508480
0.509440
0.508352
0.509088
0.509024
0.508864
0.511392
0.510592
0.509248
0.516928
0.510592
0.510496
0.509632
0.508832
0.509696
0.509600
0.509184
0.508704
0.510080
0.514304
0.509600
0.510176
0.507936
0.510880
0.509152
0.510016
0.509664
0.508384
0.510176
0.509440
0.510336
0.509248
0.508992
0.508768
0.508288
0.509472
0.508544
0.508672
0.512896
0.510880
0.509184
0.511232
0.511296
0.509536
0.509440
0.508768
0.512064
0.511264
0.510560
0.509056
0.507584
0.509600
0.509376
0.509216
0.507744
0.508928
0.508416
0.509952
0.509152
0.510304
0.509600
0.508800
0.509920
0.508160
0.508896
0.509760
0.509952
0.509920
0.509152
0.510560
0.509088
0.509088
0.509760
0.509792
0.512576
0.509152
0.509152
0.508672
0.511040
0.509376
0.509760
0.509024
0.510112
0.508832
0.507904
0.509312
0.508480
0.509024
0.509632
0.509408
0.510240
0.507808
0.521248
0.508928
0.509472
0.510272
0.510176
0.509760
0.509120
0.509376
0.507744
0.512832
0.507360
0.508096
0.507680
0.510720
0.508640
0.508096
0.509376
0.508608
0.509536
0.508608
0.509504
0.509792
0.509696
0.508832
0.508320
0.510112
0.509024
0.509760
0.510240
0.509984
0.509376
0.509088
0.509824
0.509696
0.508896
0.509184
0.508640
0.508800
0.509856
0.509248
0.509920
0.510176
0.508864
0.510240
0.509024
0.510240
0.510112
0.508736
0.510592
0.511040
0.510496
0.510976
0.510752
0.509184
0.509888
0.508096
0.509824
0.508352
0.508384
0.509344
0.509568
0.510496
0.508928
0.510656
0.510720
0.509760
0.509280
0.509792
0.508512
0.509984
0.508640
0.510592
0.509504
0.511168
0.508640
0.509280
0.508384
0.508256
0.508672
0.508384
0.511456
0.508896
0.509216
0.509728
0.508576
0.509408
0.508640
0.509408
0.509472
0.509920
0.509664
0.509248
0.509216
0.510144
0.510048
0.507840
0.509056
0.509984
0.511488
0.509792
0.509248
0.508960
0.509280
0.509216
0.507200
0.509344
0.507232
0.509152
0.510208
0.512224
0.511616
0.507936
0.509760
0.508128
0.509568
0.509248
0.511456
0.510112
0.509568
0.513536
0.508576
0.510848
0.510624
0.513088
0.510720
0.511616
0.510656
0.509632
0.509536
0.509568
0.509248
0.510496
0.509888
0.510144
0.508672
0.508672
0.508960
0.509696
0.509280
0.512832
0.512480
0.509856
0.508480
0.509408
0.509024
0.509024
0.509344
0.509792
0.510304
0.509792
0.509728
0.509696
0.508480
0.509728
0.508864
0.509728
0.508768
0.510464
0.510048
0.508704
0.510176
0.508800
0.509888
0.509056
0.509536
0.510272
0.507840
0.509344
0.509152
0.508448
0.508128
0.508384
0.508960
0.509248
0.508864
0.507840
0.510400
0.508800
0.509664
0.511008
0.508832
0.509504
0.509536
0.509536
0.508896
0.509312
0.507584
0.509536
0.508704
0.508832
0.510208
0.507424
0.509248
0.507424
0.508928
0.509056
0.509728
0.508704
0.509440
0.508864
0.509600
0.508608
0.511776
0.508384
0.509312
0.508896
0.522720
0.509024
0.508320
0.507392
0.508128
0.508704
0.508576
0.508576
0.509568
0.511808
0.516928
0.518752
0.517664
0.517888
0.517856
0.519008
0.517888
0.527648
0.514592
0.513568
0.517760
0.519840
0.519264
0.517056
0.514624
0.514656
0.512896
0.514912
0.517760
0.520160
0.517696
0.513312
0.512032
0.510784
0.510048
0.510080
0.513056
0.514016
0.511712
0.511296
0.510656
0.510048
0.509792
0.510144
0.509376
0.510336
0.512736
0.511808
0.509920
0.509568
0.509728
0.508512
0.509472
0.511136
0.511136
0.509664
0.509984
0.509536
0.510208
0.509152
0.508960
0.509760
0.510848
0.509568
0.510528
0.508544
0.510144
0.509216
0.510016
0.510368
0.511296
0.509152
0.509984
0.509312
0.508480
0.509536
0.511296
0.509664
0.516192
0.509280
0.509984
0.507424
0.508928
0.508448
0.508704
0.509248
0.510304
0.518240
0.515424
0.510240
0.510336
0.510720
0.508864
0.510176
0.510688
0.509248
0.509632
0.508640
0.510144
0.509856
0.510176
0.509152
0.508704
0.508896
0.508768
0.509568
0.508000
0.510912
0.508032
0.508320
0.509216
0.514112
0.513664
0.509504
0.513792
0.509504
0.509760
0.509664
0.510112
0.509024
0.510528
0.509472
0.508608
0.508832
0.507872
0.509120
0.513696
0.512224
0.509664
0.508800
0.509632
0.509504
0.508896
0.509888
0.510272
0.511648
0.510048
0.509536
0.508224
0.511584
0.510208
0.509120
0.508544
0.510592
0.509184
0.510688
0.508896
0.509440
0.508928
0.510880
0.509344
0.510208
0.508704
0.509920
0.508960
0.509792
0.508032
0.509184
0.509184
0.510688
0.507712
0.510080
0.509120
0.508960
0.509728
0.510816
0.511296
0.509920
0.510208
0.509504
0.507680
0.509440
0.508544
0.509120
0.508288
0.510336
0.509312
0.510112
0.509920
0.509344
0.509024
0.509984
0.508736
0.511072
0.509344
0.509088
0.508736
0.510144
0.508448
0.511040
0.508928
0.510432
0.509696
0.508736
0.508992
0.509152
0.508832
0.510464
0.509056
0.509824
0.509312
0.510400
0.507904
0.510048
0.508960
0.508320
0.509280
0.511168
0.509568
0.509280
0.509120
0.510880
0.509760
0.509920
0.507968
0.510240
0.510496
0.508928
0.507456
0.510016
0.507360
0.510656
0.508352
0.509184
0.508896
0.510048
0.509664
0.510240
0.510272
0.513696
0.511264
0.513056
0.511456
0.510528
0.509504
0.510464
0.509760
0.510496
0.508800
0.509984
0.509056
0.509440
0.509984
0.509440
0.508512
0.509824
0.509440
0.509696
0.509248
0.510400
0.509536
0.509344
0.507808
0.508288
0.509024
0.511488
0.509600
0.508640
0.509696
0.508384
0.508448
0.511008
0.528480
0.510112
0.508960
0.509728
0.509408
0.508800
0.508544
0.509888
0.509152
0.508672
0.509088
0.508960
0.510272
0.508384
0.510208
0.508608
0.509440
0.508960
0.508032
0.509056
0.507584
0.509280
0.507264
0.510240
0.508544
0.510112
0.508768
0.511168
0.508512
0.509344
0.508224
0.510304
0.513760
0.510304
0.508096
0.510368
0.507712
0.510336
0.507584
0.508864
0.510048
0.508544
0.512096
0.509056
0.509536
0.507904
0.517568
0.512096
0.510080
0.508896
0.510976
0.510688
0.510784
0.509568
0.510496
0.509216
0.510592
0.512000
0.513184
0.508448
0.508736
0.506976
0.509920
0.508288
0.510720
0.510016
0.511008
0.509216
0.509504
0.508736
0.508896
0.510016
0.509568
0.510400
0.511488
0.508832
0.510656
0.509216
0.509792
0.508000
0.511712
0.509472
0.509888
0.508960
0.509344
0.509568
0.510048
0.510144
0.508256
0.509984
0.508672
0.507840
0.509760
0.508256
0.509216
0.508736
0.508832
0.508704
0.509760
0.509632
0.508672
0.507872
0.510656
0.508576
0.509888
0.509024
0.510560
0.507488
0.509536
0.509088
0.510688
0.509184
0.509216
0.509888
0.512352
0.510112
0.510176
0.508416
0.509120
0.508160
0.509568
0.508288
0.509728
0.508096
0.509248
0.509280
0.509344
0.508800
0.508640
0.508896
0.510784
0.508704
0.508032
0.510208
0.510528
0.509152
0.509184
0.508704
0.510016
0.508544
0.509888
0.508992
0.516544
0.509152
0.509344
0.509568
0.512704
0.508864
0.508928
0.509184
0.508928
0.510272
0.509312
0.508800
0.510400
0.509632
0.509568
0.508096
0.510112
0.509344
0.513888
0.512320
0.511936
0.510336
0.509696
0.511552
0.510016
0.509824
0.509600
0.509920
0.511552
0.509504
0.508704
0.508512
0.508448
0.510240
0.508320
0.510720
0.509664
0.516192
0.508128
0.509248
0.509344
0.509696
0.521632
0.508768
0.509696
0.508608
0.509888
0.508640
0.509376
0.509280
0.508736
0.508960
0.509568
0.509024
0.513568
0.509344
0.508000
0.509440
0.509216
0.509888
0.508256
0.508384
0.508416
0.509216
0.509056
0.509280
0.510016
0.510112
0.509472
0.509600
0.508832
0.509600
0.508672
0.509216
0.508832
0.509024
0.508928
0.508704
0.509664
0.509888
0.508800
0.509472
0.508832
0.509920
0.509280
0.509952
0.508128
0.510496
0.509024
0.510848
0.509376
0.510240
0.508352
0.508416
0.508896
0.509760
0.508096
0.509344
0.508864
0.510176
0.510048
0.510432
0.509728
0.509344
0.508736
0.508576
0.509792
0.511008
0.510944
0.512128
0.511392
0.510720
0.511232
0.510144
0.510144
0.512128
0.509568
0.510592
0.507264
0.509664
0.508192
0.510816
0.509024
0.510560
0.509472
0.510080
0.509504
0.509344
0.508800
0.510944
0.508896
0.510688
0.508544
0.510336
0.508448
0.510080
0.509088
0.510560
0.508352
0.508640
0.508864
0.508640
0.509568
0.508064
0.508032
0.509472
0.509120
0.510496
0.508320
0.509824
0.508672
0.509184
0.507424
0.508928
0.508576
0.509760
0.508672
0.508960
0.508480
0.508448
0.510208
0.509984
0.508704
0.510880
0.509792
0.510944
0.509600
0.511008
0.508672
0.511072
0.508704
0.509664
0.509056
0.509632
0.510528
0.509792
0.508192
0.509504
0.508640
0.510240
0.509312
0.508800
0.507968
0.509984
0.507872
0.508928
0.508256
0.509632
0.509600
0.513952
0.509344
0.513760
0.508000
0.508512
0.508000
0.508928
0.508832
0.508960
0.508160
0.510176
0.508544
0.510400
0.508896
0.510240
0.508992
0.510720
0.510144
0.511296
0.509696
0.510720
0.509408
0.511360
0.510336
0.508320
0.508448
0.509536
0.509120
0.510560
0.509216
0.508576
0.508704
0.508192
0.508480
0.507584
0.508672
0.509632
0.508768
0.509696
0.508864
0.523168
0.508064
0.508864
0.508896
0.509376
0.508320
0.509312
0.511040
0.509312
0.510656
0.508864
0.511168
0.510048
0.511328
0.508960
0.511488
0.509632
0.509216
0.508672
0.508928
0.508896
0.509216
0.509440
0.510656
0.508512
0.510336
0.510144
0.510656
0.508608
0.508736
0.508320
0.509248
0.508352
0.509728
0.508768
0.509728
0.508672
0.510528
0.509568
0.511968
0.508384
0.509536
0.508448
0.510336
0.508864
0.510624
0.508992
0.508960
0.508704
0.508416
0.509696
0.509728
0.509376
0.509696
0.509664
0.509344
0.508320
0.510656
0.508768
0.509888
0.510368
0.511168
0.509504
0.509344
0.509280
0.510144
0.509920
0.508544
0.509344
0.509088
0.509696
0.509792
0.512704
0.513056
0.510400
0.507968
0.508160
0.508896
0.509472
0.508032
0.511520
0.511104
0.514400
0.508800
0.509376
0.509184
0.508672
0.508448
0.508608
0.508320
0.509088
0.509216
0.510176
0.509600
0.511328
0.509024
0.511360
0.508640
0.509824
0.509856
0.509984
0.509504
0.510688
0.509184
0.511200
0.509312
0.507744
0.509056
0.509952
0.511840
0.508480
0.509056
0.510336
0.507424
0.510464
0.508736
0.509824
0.508416
0.509984
0.509888
0.509216
0.509856
0.509824
0.512064
0.520160
0.510208
0.510016
0.508224
0.509120
0.508096
0.508128
0.508544
0.508960
0.508256
0.509152
0.508832
0.508960
0.508352
0.510144
0.510208
0.509600
0.509216
0.508544
0.508704
0.508512
0.507520
0.509152
0.507840
0.513600
5100.597886
