0.227840
0.222560
0.236000
0.221856
0.221728
0.222080
0.221600
0.221344
0.221312
0.221536
0.222464
0.221600
0.222368
0.221664
0.221184
0.221600
0.221376
0.221312
0.221952
0.221472
0.221184
0.221600
0.222240
0.221120
0.221568
0.221280
0.222304
0.221568
0.221920
0.221792
0.222592
0.221216
1.388224
0.360192
0.342432
0.223232
0.223072
0.221312
0.221184
0.221664
0.221216
0.222016
0.221472
0.221888
0.221184
0.222240
0.221440
0.221568
0.222400
0.221344
0.222272
0.222176
0.221728
0.221760
0.222944
0.221248
0.222336
0.221824
0.221472
0.215840
0.213728
0.214304
0.213504
0.213216
0.213440
0.214240
0.213248
0.214112
0.214944
0.215072
0.213728
0.214208
0.214848
0.214016
0.213312
0.214048
0.214432
0.213184
0.214208
0.213184
0.456640
0.215392
0.215040
0.214688
0.213120
0.213440
0.214656
0.214144
0.213472
0.215360
0.213728
0.227776
0.219104
0.217472
0.214560
0.220960
0.220992
0.214656
0.389408
0.335360
0.546816
0.214816
0.215264
0.214336
0.213888
0.213888
0.213344
0.213856
0.214016
0.213536
0.213120
0.213280
0.214112
0.213664
0.214368
0.213472
0.213600
0.214048
0.213728
0.213440
0.213312
0.214272
0.213408
0.213824
0.214976
0.214496
0.213248
0.214400
0.214336
0.213216
0.213792
0.214144
0.213440
0.213792
0.213088
0.213984
0.213696
0.214272
0.219136
0.214752
0.214656
0.214144
0.213536
0.213056
0.215040
0.215072
0.215264
0.215040
0.464608
0.217536
0.217152
0.216224
0.215776
0.216800
0.215072
0.216608
0.216768
0.215136
0.215296
0.216064
0.215360
0.215328
0.215264
0.216160
0.215136
0.216128
0.216128
0.215104
0.215296
0.215296
0.215072
0.215392
0.225728
0.344064
0.215904
0.215360
0.216320
0.215776
0.215008
0.215040
0.216544
0.215200
0.216448
0.392896
0.548672
0.216224
0.215296
0.217920
0.215936
0.215616
0.215456
0.215424
0.216224
0.215168
0.216032
0.215680
0.216608
0.216096
0.215680
0.216064
0.215200
0.215968
0.215552
0.216224
0.216512
0.216320
0.215360
0.215360
0.215072
0.215456
0.215328
0.215520
0.462848
0.217184
0.217088
0.217024
0.215040
0.215520
0.216256
0.215328
0.216192
0.215488
0.215968
0.216800
0.217056
0.215424
0.215520
0.215424
0.216064
0.217440
0.219136
0.219136
0.219520
0.219872
0.221664
0.221344
0.219904
0.224416
0.234560
0.221088
0.221856
0.220736
0.219296
0.219168
0.220416
0.233472
0.220320
0.219360
0.219264
0.219424
0.219232
0.219648
0.219136
0.220032
0.219424
0.219328
0.219392
0.237088
0.219328
0.219904
0.220160
0.219360
0.219456
0.219456
0.220096
0.219296
0.219200
0.219232
0.220256
0.219456
0.219264
0.219712
0.219008
0.219872
0.219456
0.220640
0.219456
0.219392
0.219360
0.219264
0.219136
0.219360
0.219104
0.219200
0.219456
0.220384
0.219392
0.219008
0.219488
0.219136
0.219488
0.219136
0.220096
0.219584
0.219936
0.219104
0.219328
0.219360
0.219232
0.219232
0.220160
0.218784
0.219424
0.219360
0.219232
0.219264
0.220000
0.219232
0.219520
0.219520
0.219328
0.219328
0.219776
0.219136
0.219328
0.220064
0.219520
0.220096
0.220256
0.221088
0.221408
0.221600
0.221504
0.221248
0.221504
0.221760
0.221184
0.222752
0.223040
0.221536
0.221568
0.221184
0.224192
0.231776
0.228256
0.226208
0.242592
0.235968
0.222688
0.221504
0.222016
0.221600
0.221184
0.221312
0.221984
0.222432
0.222112
0.221888
0.222944
0.221376
0.221248
0.222400
0.221344
0.222208
0.221312
0.221568
0.221440
0.221312
0.221504
0.220608
0.221600
0.221184
0.221312
0.232512
0.222496
0.221728
0.221344
0.221184
0.221888
0.221632
0.221280
0.221536
0.221472
0.221344
0.221312
0.221408
0.221408
0.222784
0.222720
0.221600
0.231008
0.237120
0.230368
0.222208
0.222944
0.222400
0.221568
0.222208
0.222560
0.221440
0.221184
0.221856
0.222080
0.221408
0.221248
0.221600
0.221760
0.221184
0.222592
0.222720
0.221216
0.221408
0.221504
0.221472
0.221568
0.221376
0.222432
0.221600
0.221632
0.225696
0.227168
0.226816
0.229408
0.227104
0.226624
0.225888
0.227104
0.226560
0.226976
0.226592
0.226880
0.227296
0.226912
0.227328
0.227328
0.227808
0.228000
0.227040
0.237344
0.228864
0.228800
0.227648
0.225216
0.224480
0.224320
0.225408
0.223552
0.221792
0.221472
0.221312
0.221664
0.221440
0.221312
0.221312
0.222656
0.222240
0.221696
0.221312
0.221600
0.222016
0.222112
0.221664
0.221568
0.221568
0.221536
0.221120
0.221280
0.221344
0.222144
0.221312
0.225344
0.221728
0.343040
0.221920
0.221760
0.222016
0.221984
0.221344
0.222752
0.221216
0.221600
0.221344
0.221376
0.222400
0.222272
0.221504
0.225280
0.221632
0.221952
0.221184
0.222144
0.221472
0.222592
0.223424
0.222336
0.221312
0.221984
0.221280
0.221440
0.415648
0.342880
0.357376
0.219744
0.219392
0.219232
0.219360
0.220064
0.220352
0.219360
0.219392
0.219744
0.219264
0.219392
0.219008
0.220384
0.219392
0.219136
0.219328
0.219200
0.219104
0.219584
0.219136
0.219712
0.219104
0.244256
0.220544
0.220768
0.219136
0.219328
0.219680
0.220416
0.221280
0.221312
0.236384
0.219552
0.220512
0.219424
0.219072
0.238112
0.220416
0.219136
0.220512
0.219584
0.220000
0.219200
0.219200
0.219264
0.219168
0.219488
0.219328
0.219520
0.219424
0.219520
0.219136
0.220000
0.219136
0.219488
0.220320
0.219424
0.220288
0.219552
0.219584
0.219520
0.219168
0.219424
0.220608
0.219360
0.220000
0.470752
0.221184
0.221184
0.220544
0.219520
0.219360
0.219264
0.219168
0.219488
0.220608
0.219136
0.219680
0.219136
0.220288
0.226720
0.227680
0.223232
0.234112
0.240896
0.220736
0.219264
0.220832
0.219712
0.219360
0.219840
0.219136
0.220768
0.219552
0.219616
0.219328
0.219200
0.219520
0.219136
0.220032
0.219392
0.220000
0.219488
0.219328
0.219328
0.219360
0.219360
0.218816
0.219264
0.219328
0.219648
0.219680
0.220640
0.223552
0.219584
0.219136
0.219872
0.219648
0.219456
0.219872
0.219328
0.219168
0.219456
0.219328
0.220032
0.219360
0.219168
0.220352
0.219584
0.219424
0.218976
0.219200
0.219200
0.219104
0.219136
0.219264
0.219488
0.219232
0.219200
0.219168
0.219488
0.219328
0.219712
0.220896
0.230784
0.219488
0.219744
0.220032
0.220352
0.219392
0.219136
0.219392
0.219296
0.219200
0.219744
0.219136
0.219264
0.219264
0.219264
0.218432
0.219840
0.219456
0.220160
0.224096
0.220000
0.219488
0.219200
0.219616
0.219456
0.219264
0.219424
0.219136
0.219168
0.220064
0.219136
0.220416
0.220928
0.221152
0.220928
0.220256
0.219744
0.220608
0.221056
0.219616
0.219616
0.219168
0.220160
0.219552
0.344704
0.224992
0.219520
0.219264
0.219552
0.219392
0.219712
0.219296
0.219264
0.219520
0.229760
0.220608
0.219200
0.219904
0.219456
0.219040
0.219712
0.219136
0.219904
0.218976
0.220416
0.219264
0.219136
0.219040
0.219168
0.220000
0.219488
0.219264
0.219840
0.219712
0.219136
0.218496
0.219584
0.219520
0.219712
0.219136
0.220064
0.219200
0.220288
0.219200
0.220288
0.403104
0.358336
0.348160
0.220640
0.219552
0.219136
0.219136
0.219616
0.219200
0.219520
0.220032
0.219616
0.219136
0.219584
0.219136
0.219072
0.219552
0.219424
0.220064
0.220320
0.219392
0.219264
0.219328
0.219104
0.220160
0.219648
0.219744
0.220384
0.219136
0.219392
0.219200
0.219072
0.219072
0.219616
0.219968
0.219456
0.233184
0.220512
0.219040
0.220608
0.219136
0.220256
0.219456
0.219552
0.219232
0.219008
0.467360
0.221184
0.221184
0.219424
0.218432
0.220160
0.218816
0.219520
0.220160
0.219456
0.219456
0.219136
0.218912
0.219328
0.219264
0.219616
0.219040
0.219552
0.219584
0.219328
0.219136
0.220288
0.219360
0.219328
0.219392
0.219264
0.220480
0.220352
0.219360
0.220256
0.219584
0.220096
0.218816
0.219200
0.219840
0.219360
0.219136
0.220288
0.219424
0.219136
0.219488
0.219136
0.229568
0.221024
0.236160
0.221344
0.220768
0.219200
0.238176
0.222144
0.223232
0.249504
0.220960
0.221088
0.219360
0.219584
0.220832
0.219648
0.220160
0.219392
0.220224
0.221088
0.219648
0.219584
0.219136
0.219808
0.219328
0.219488
0.219200
0.219616
0.219392
0.219264
0.219264
0.219520
0.219296
0.219520
0.219136
0.219456
0.220384
0.219904
0.219136
0.220224
0.219136
0.220096
0.219232
0.219136
0.220096
0.219488
0.219776
0.219136
0.219136
0.223168
0.219392
0.220128
0.219136
0.219648
0.219424
0.221184
0.224128
0.224160
0.224768
0.224224
0.224288
0.225056
0.223616
0.223808
0.223328
0.224416
0.224704
0.223904
0.224640
0.224000
0.223232
0.224416
0.225408
0.225216
0.225760
0.226624
0.225472
0.229632
0.225280
0.225280
0.370816
0.233472
0.220800
0.220384
0.231392
0.219488
0.219296
0.239584
0.220064
0.219616
0.219296
0.219392
0.220032
0.218912
0.219136
0.219776
0.219488
0.219200
0.219328
0.221184
0.219136
0.219072
0.218496
0.219936
0.219392
0.219712
0.220032
0.220128
0.219232
0.219200
0.220032
0.219488
0.219136
0.219424
0.219136
0.219968
0.219584
0.219776
0.219136
0.220192
0.219520
0.219520
0.219392
0.220032
0.218368
0.217312
0.217184
0.218336
0.217344
0.217728
0.217856
0.217600
0.217248
0.217408
0.217824
0.217248
0.218112
0.217216
0.218080
0.217696
0.217280
0.219648
0.222720
0.222016
0.454592
0.219648
0.234080
0.479232
0.219968
0.219136
0.218272
0.217824
0.223456
0.334688
0.219136
0.217952
0.217856
0.218400
0.217376
0.217184
0.218112
0.216800
0.469120
0.219808
0.219072
0.217792
0.217472
0.218592
0.218080
0.217856
0.226432
0.228096
0.217792
0.217696
0.217248
0.218464
0.217568
0.218816
0.217184
0.218752
0.217408
0.218144
0.217632
0.217920
0.217408
0.217504
0.217696
0.218304
0.217728
0.218624
0.217536
0.217152
0.217856
0.217568
0.217888
0.218048
0.217664
0.217312
0.217088
0.217984
0.217664
0.217088
0.217568
0.218144
0.217088
0.217088
0.218272
0.218464
0.217248
0.218048
0.217472
0.217728
0.395744
0.345824
0.219136
0.461248
0.219136
0.218528
0.217152
0.217504
0.217792
0.218592
0.217248
0.217312
0.218208
0.217152
0.218112
0.217440
0.217504
0.461440
0.219616
0.219136
0.217184
0.218080
0.217088
0.217536
0.217760
0.217792
0.218208
0.217216
0.217184
0.217248
0.218304
0.217312
0.217856
0.226912
0.240704
0.218752
0.229056
0.230496
0.231296
0.218720
0.233440
0.219136
0.219136
0.218912
0.217504
0.217824
0.217984
0.218432
0.217504
0.217472
0.217312
0.217888
0.217408
0.217792
0.217824
0.218784
0.217344
0.218496
0.217536
0.217664
0.218976
0.218400
0.217536
0.217536
0.218496
0.217184
0.217248
0.218400
0.233248
0.218464
0.217120
0.227584
0.218720
0.219104
0.223296
0.217280
0.218112
0.217664
0.218368
0.217728
0.218304
0.217792
0.217408
0.217888
0.217856
0.217120
0.217440
0.217312
0.217920
0.218592
0.217088
0.217408
0.217664
0.217856
0.217376
0.218560
0.217472
0.217632
0.217344
0.217152
0.217888
0.218240
0.217152
0.218304
0.217504
0.217568
0.217568
0.217568
0.218208
0.217568
0.218208
0.217184
0.218592
0.217344
0.217216
0.218464
0.217088
0.218336
0.217344
0.217792
0.217376
0.217376
0.217312
0.217472
0.217792
0.217088
0.218048
0.217120
0.218112
0.217312
0.217440
0.217536
0.217856
0.218400
0.217408
0.219104
0.218656
0.218208
0.217408
0.218176
0.218208
0.217472
0.218656
0.218336
0.217248
0.217728
0.217088
0.217248
0.218528
0.217088
0.218624
0.218304
0.217568
0.217984
0.217120
0.218368
0.217184
0.217504
0.218240
0.217632
0.218688
0.217984
0.218656
0.219264
0.222272
0.221760
0.221568
0.221856
0.222368
0.221664
0.221568
0.221184
0.222208
0.223456
0.222176
0.221920
0.221216
0.222368
0.222144
0.221600
0.221184
0.222144
0.221472
0.221728
0.221280
0.223008
0.222720
0.221760
0.221248
0.222432
0.221344
0.221792
0.221408
0.221440
0.221280
0.221696
0.221184
0.222080
0.221824
0.221536
0.221856
0.222304
0.221216
0.222528
0.222464
0.221504
0.222912
0.221440
0.221664
0.221984
0.222560
0.221376
0.221344
0.221280
0.221344
0.222656
0.221472
0.221280
0.221280
0.221568
0.237152
0.227616
0.239168
0.251904
0.223072
0.243904
0.228416
0.238176
0.238432
0.228512
0.241952
0.343552
0.222496
0.221248
0.221728
0.399008
0.351584
0.460416
0.223232
0.222304
0.221696
0.221248
0.221472
0.222176
0.221728
0.222208
0.222336
0.221248
0.221440
0.221568
0.221280
0.222784
0.222816
0.221280
0.226720
0.222080
0.222016
0.221728
0.221984
0.221568
0.221376
0.222080
0.221408
0.222112
0.222304
0.221600
0.221248
0.221920
0.221664
0.221600
0.220448
0.221920
0.221728
0.221504
0.221472
0.221472
0.222496
0.222816
0.226112
0.227360
0.223904
0.222048
0.222592
0.221248
0.222688
0.222176
0.221664
0.222720
0.221440
0.222464
0.221440
0.221312
0.222240
0.221408
0.221824
0.475136
0.223808
0.223232
0.221632
0.233760
0.222752
0.221536
0.221536
0.222176
0.221504
0.221600
0.222336
0.221408
0.221984
0.221568
0.221792
0.221568
0.221408
0.221440
0.222144
0.221568
0.221888
0.221408
0.222144
0.222816
0.221472
0.221600
0.221184
0.221344
0.222336
0.221440
0.221568
0.221664
0.221504
0.221280
0.221216
0.221632
0.222432
0.221504
0.219200
0.219648
0.219904
0.219104
0.219200
0.220320
0.220384
0.219264
0.219136
0.220736
0.220384
0.220352
0.219264
0.220032
0.219520
0.219616
0.219456
0.219968
0.219424
0.219232
0.219648
0.219296
0.219616
0.219424
0.219936
0.219488
0.219136
0.219296
0.220288
0.228640
0.221312
0.241120
0.227840
0.220416
0.219552
0.219392
0.219136
0.220320
0.219328
0.220768
0.219968
0.220128
0.219520
0.219520
0.219328
0.220480
0.219520
0.219264
0.219936
0.220288
0.219232
0.219232
0.220480
0.220288
0.219136
0.219488
0.219552
0.220320
0.219744
0.219392
0.219360
0.219520
0.219296
0.219232
0.220192
0.219680
0.219744
0.219136
0.219232
0.219360
0.220032
0.219136
0.219328
0.219392
0.219232
0.220128
0.220896
0.219424
0.219648
0.220000
0.219328
0.219360
0.220032
0.219232
0.219232
0.219520
0.219136
0.220096
0.219584
0.219200
0.219136
0.219296
0.220736
0.220480
0.219232
0.219200
0.220544
0.219360
0.219488
0.219136
0.219136
0.219360
0.218464
0.219424
0.220096
0.219712
0.219552
0.219488
0.219136
0.218976
0.231264
0.219776
0.220064
0.346144
0.220352
0.219296
0.219264
0.219296
0.219840
0.218912
0.219424
0.219616
0.219264
0.219104
0.219520
0.219136
0.219680
0.220288
0.219808
0.220256
0.219456
0.219392
0.399584
0.356896
0.220800
0.219264
0.219136
0.220192
0.218976
0.219872
0.219200
0.219136
0.220096
0.220608
0.219424
0.219264
0.219456
0.219200
0.219840
0.219424
0.218944
0.219744
0.219520
0.219872
0.220224
0.219424
0.219360
0.219168
0.219424
0.219680
0.220320
0.219488
0.219360
0.219552
0.219232
0.219232
0.219136
0.219904
0.219136
0.220032
0.221312
0.221184
0.239584
0.221536
0.222944
0.235392
0.239904
0.221184
0.221120
0.220480
0.219136
0.219808
0.220416
0.219264
0.219296
0.219904
0.223328
0.249344
0.227040
0.219328
0.220128
0.218976
0.219424
0.220416
0.220992
0.220480
0.219264
0.219616
0.219264
0.219776
0.219136
0.219328
0.219264
0.219136
0.219072
0.219296
0.219040
0.220320
0.219200
0.220544
0.219168
0.233504
0.220576
0.219232
0.219232
0.220608
0.220256
0.219808
0.219136
0.219744
0.220192
0.219520
0.219936
0.219072
0.220288
0.219168
0.219136
0.219296
0.219232
0.219456
0.219360
0.219232
0.219232
0.219968
0.219456
0.219264
0.219072
0.219520
0.219424
0.219104
0.219136
0.219488
0.219136
0.220256
0.219136
0.219552
0.219136
0.220160
0.219936
0.219360
0.219360
0.219456
0.219584
0.219296
0.220352
0.219296
0.219136
0.220160
0.219328
0.219072
0.219008
0.219200
0.219168
0.220864
0.222720
0.221792
0.222016
0.221952
0.221440
0.221440
0.221344
0.221760
0.223008
0.223072
0.222560
0.221344
0.221632
0.221312
0.222208
0.221824
0.221568
0.222112
0.222752
0.222272
0.221440
0.221920
0.222464
0.221600
0.222144
0.221344
0.221536
0.221312
0.221184
0.221536
0.221472
0.221312
0.221536
0.222368
0.221472
0.221600
0.221664
0.221856
0.222176
0.221408
0.221632
0.221472
0.221440
0.221344
0.222240
0.222272
0.221888
0.221440
0.221600
0.222624
0.221312
0.221408
0.221312
0.221536
0.221984
0.222656
0.222624
0.222784
0.223232
0.222496
0.223296
0.223232
0.222464
0.221568
0.221184
0.235360
0.235136
0.221888
0.221856
0.222240
0.221600
0.222016
0.222624
0.221408
0.221280
0.222304
0.221440
0.221408
0.221984
0.221856
0.224864
0.221504
0.221504
0.221216
0.221152
0.221632
0.221824
0.222784
0.222528
0.221632
0.222624
0.221568
0.221408
0.221760
0.221248
0.222496
0.222240
0.221792
0.221600
0.221376
0.221216
0.221376
0.222080
0.221504
0.221440
0.221440
0.221920
0.253472
0.221312
0.221312
0.221184
0.221248
0.221280
0.223040
0.222208
0.221824
0.221504
0.221888
0.222144
0.221312
0.221184
0.222400
0.222400
0.221440
0.221312
0.222592
0.221888
0.221184
0.221504
0.221568
0.221408
0.221696
0.221120
0.221536
0.221376
0.221504
0.227424
0.340448
0.222656
0.222240
0.221216
0.222528
0.222560
0.221760
0.221184
0.222176
0.221152
0.221376
0.221184
0.221376
0.221376
0.221472
0.222272
0.221504
0.222240
0.221472
0.221280
0.221504
0.221184
0.222464
0.222336
0.221472
0.221504
0.221792
0.222496
0.222368
0.221472
0.222336
0.221664
0.221344
0.222592
0.229632
0.229376
0.221504
0.225696
0.223232
0.402368
0.222592
0.360032
0.223136
0.221248
0.221984
0.222368
0.221600
0.221760
0.221376
0.221536
0.221184
0.471840
0.224032
0.223872
0.221472
0.222272
0.221600
0.221280
0.221216
0.221920
0.239936
0.237472
0.221888
0.221984
0.221856
0.221280
0.221184
0.221600
0.221888
0.222624
0.227808
0.221824
0.222592
0.221344
0.222272
0.222432
0.221568
0.221216
0.222592
0.222272
0.221632
0.221632
0.221472
0.221472
0.221440
0.222176
0.221504
0.242464
0.222752
0.221472
0.221984
0.221056
0.223296
0.222368
0.221696
0.221376
0.221664
0.221440
0.221344
0.221120
0.221184
0.221280
0.221664
0.221184
0.221760
0.222304
0.221472
0.221952
0.221696
0.222016
0.221248
0.221344
0.221568
0.222016
0.221504
0.221376
0.221344
0.221248
0.221440
0.221408
0.222368
0.221568
0.221632
0.223232
0.222496
0.221568
0.221600
0.221344
0.222368
0.221600
0.221632
0.221632
0.221632
0.221408
0.222784
0.221376
0.222016
0.221152
0.221216
0.221440
0.228704
0.221472
0.221984
0.221632
0.222080
0.221472
0.221888
0.221184
0.222080
0.221568
0.221504
0.221248
0.222080
0.221600
0.222304
0.221632
0.221792
0.221216
0.222272
0.221760
0.221760
0.221344
0.221824
0.221248
0.221472
0.222144
0.221440
0.221184
0.221600
0.222144
0.221312
0.221280
0.221728
0.221728
0.221184
0.221920
0.221568
0.222240
0.221408
0.221024
0.221568
0.222496
0.221344
0.221344
0.221728
0.221184
0.221376
0.221184
0.222144
0.221792
0.221696
0.221568
0.221856
0.222336
0.222400
0.221440
0.221408
0.221664
0.221664
0.221696
0.221408
0.222048
0.221440
0.221504
0.221824
0.221280
0.222272
0.223104
0.241728
0.223264
0.222624
0.223200
0.223712
0.251552
0.221920
0.222784
0.221344
0.222048
0.221600
0.221792
0.221312
0.222336
0.221760
0.221376
0.221600
0.221440
0.221376
0.222240
0.233568
0.222144
0.221440
0.221440
0.222240
0.221632
0.222464
0.221280
0.221280
0.222624
0.221440
0.221408
0.221984
0.221984
0.221248
0.222240
0.221216
0.222048
0.221664
0.221568
0.221824
0.221312
0.221184
0.221856
0.221568
0.221216
0.221568
0.222272
0.221696
0.222176
0.221408
0.221408
0.221440
0.221984
0.222496
0.245984
0.222144
0.222208
0.221504
0.221856
0.221600
0.221312
0.222528
0.222208
0.221760
0.222304
0.221280
0.221248
0.223552
0.262304
0.232800
0.241664
0.223328
0.222816
0.221376
0.221248
0.222080
0.221664
0.367360
0.222304
0.222528
0.221632
0.222080
0.221248
0.222272
0.221184
0.221344
0.221504
0.221920
0.222240
0.223520
0.221280
0.221984
0.222240
0.221216
0.221376
0.221600
0.221184
0.222336
0.220736
0.220576
0.220992
0.220768
0.220704
0.220992
0.220352
0.220960
0.220544
0.221248
0.221152
0.220896
0.220032
0.221280
0.220736
0.221184
0.220704
0.221088
0.221056
0.220896
0.220768
0.220896
0.220288
0.220032
0.220864
0.220864
0.221216
0.221152
0.221248
0.220160
0.220288
0.220128
0.220448
0.221024
0.220800
0.220672
0.221024
0.220704
0.346112
0.358528
0.221472
0.221248
0.221184
0.221536
0.221696
0.221632
0.221664
0.221184
0.221120
0.237632
0.221184
0.220896
0.221056
0.220992
0.220032
0.220800
0.220064
0.220992
0.221472
0.221184
0.220864
0.220448
0.221056
0.220928
0.220864
0.221088
0.220224
0.220128
0.220800
0.220864
0.221024
0.221056
0.219744
0.220000
0.220192
0.220640
0.221728
0.221184
0.220736
0.221792
0.219776
0.220736
0.221120
0.220544
0.220256
0.221088
0.220064
0.219904
0.470368
0.221792
0.222080
0.221184
0.221536
0.221280
0.220256
0.220736
0.220768
0.220832
0.220672
0.220768
0.221152
0.222720
0.222752
0.221120
0.221024
0.221088
0.220608
0.221024
0.220704
0.221216
0.220928
0.220320
0.219744
0.220864
0.220640
0.220032
0.220032
0.220768
0.219936
0.221152
0.221088
0.220832
0.221152
0.220992
0.224512
0.221280
0.220416
0.221152
0.221760
0.221056
0.221024
0.221184
0.220896
0.221184
0.220256
0.221056
0.221152
0.221184
0.221088
0.221088
0.220128
0.220160
0.220736
0.220768
0.220544
0.221536
0.354048
0.221600
0.220320
0.220416
0.220096
0.220096
0.220800
0.220672
0.220512
0.221120
0.220832
0.220800
0.221024
0.220704
0.220864
0.220832
0.220896
0.220032
0.220768
0.221024
0.221184
0.221184
0.220992
0.221088
0.220384
0.220096
0.220192
0.221376
0.220672
0.220992
0.220576
0.221184
0.221024
0.221120
0.221184
0.221184
0.220672
0.220800
0.220768
0.220640
0.220896
0.221184
0.222528
0.248896
0.222656
0.221472
0.221248
0.221184
0.220928
0.405568
0.366816
0.796448
0.221216
0.221184
0.220832
0.220992
0.221152
0.220032
0.220864
0.221984
0.220256
0.221184
0.224160
0.229632
0.229824
0.243968
0.237952
0.221184
0.221056
0.221184
0.220448
0.220064
0.220096
0.220768
0.220832
0.220544
0.219840
0.219968
0.220832
0.220288
0.220704
0.219968
0.473472
0.221888
0.222144
0.221184
0.221088
0.221344
0.221056
0.220768
0.220736
0.221120
0.220800
0.220832
0.220864
0.220992
0.220832
0.220960
0.220992
0.234176
0.221888
0.221152
0.220832
0.220384
0.221184
0.221152
0.220832
0.221184
0.220032
0.221344
0.219840
0.219968
0.220704
0.220800
0.220768
0.220960
0.219840
0.221184
0.220960
0.399328
0.344896
0.534240
0.220800
0.220672
0.220096
0.220960
0.220992
0.220832
0.220480
0.220480
0.220256
0.221408
0.220192
0.221344
0.221088
0.220960
0.220480
0.220928
0.220128
0.220960
0.219904
0.220736
0.220896
0.220000
0.220192
0.220736
0.221088
0.220736
0.483808
0.223232
0.222880
0.221056
0.220928
0.220512
0.220480
0.220992
0.220640
0.220672
0.219712
0.220672
0.220960
0.220800
0.220736
0.221248
0.220128
0.220992
0.220032
0.220096
0.220832
0.220640
0.220896
0.220128
0.221184
0.220800
0.220128
0.220992
0.220416
0.220928
0.221472
0.222976
0.230848
0.242528
0.222400
0.243712
0.222368
0.221568
0.220864
0.221056
0.220672
0.221024
0.220864
0.221216
0.221152
0.220384
0.220064
0.220768
0.220800
0.220992
0.220288
0.220224
0.224096
0.220128
0.220608
0.220064
0.220128
0.220064
0.220448
0.219616
0.220768
0.220928
0.220064
0.220768
0.220960
0.220704
0.220640
0.221120
0.220928
0.221184
0.221152
0.221440
0.221152
0.220832
0.221056
0.220160
0.221184
0.220736
0.220768
0.221184
0.220928
0.220832
0.220640
0.220928
0.221184
0.220960
0.220864
0.221184
0.221184
0.220832
0.219776
0.219968
0.220640
0.220800
0.220768
0.220096
0.220288
0.220672
0.220448
0.220928
0.219872
0.220768
0.220608
0.225728
0.221216
0.220576
0.220992
0.221440
0.220928
0.220576
0.220864
0.220832
0.237344
0.221472
0.220960
0.220864
0.220512
0.220032
0.221184
0.221184
0.221088
0.221184
0.221024
0.221088
0.221184
0.221088
0.220544
0.221024
0.220064
0.220992
0.220960
0.220064
0.221312
0.221312
0.219904
0.221088
0.220608
0.220800
0.219744
0.221280
0.221184
0.221056
0.220864
0.220992
0.220832
0.219840
0.219808
0.220384
0.221088
0.221024
0.220768
0.220608
0.221184
0.220960
0.223008
0.230400
0.248512
0.223040
0.232288
0.241664
0.241984
0.221888
0.221152
0.220768
0.220096
0.221056
0.221312
0.220960
0.220032
0.220832
0.220640
0.220928
0.219872
0.220160
0.221184
0.222400
0.221504
0.221280
0.220320
0.220160
0.221120
0.219840
0.220928
0.220928
0.221088
0.230848
0.348224
0.221344
0.220576
0.219968
0.220192
0.221152
0.221184
0.221184
0.221184
0.220160
0.220384
0.220000
0.220064
0.221216
0.220992
0.413056
0.361920
0.221536
0.220704
0.221248
0.220320
0.465824
0.222784
0.223232
0.221184
0.221056
0.220896
0.219904
0.220032
0.220864
0.220512
0.220672
0.219616
0.221056
0.220000
0.220704
0.221088
0.221184
0.220960
0.221152
0.221184
0.220992
0.220096
0.220960
0.220576
0.220640
0.220032
0.220096
0.220672
0.220640
0.220864
0.220736
0.220960
0.221120
0.220928
0.220672
0.220736
0.220192
0.220960
0.221952
0.221120
0.220640
0.220160
0.220032
0.220128
0.225056
0.221344
0.220448
0.219936
0.221024
0.220576
0.221024
0.220704
0.221440
0.219968
0.220736
0.220704
0.220864
0.220832
0.220032
0.219680
0.220704
0.220736
0.219968
0.220512
0.221152
0.221184
0.220832
0.220736
0.221024
0.220768
0.220928
0.220576
0.220928
0.220960
0.220992
0.219936
0.220896
0.221024
0.221248
0.220064
0.221120
0.219904
0.220768
0.220512
0.220928
0.219968
0.221184
0.220992
0.221184
0.220928
0.221184
0.220256
0.220320
0.220128
0.220704
0.221184
0.221184
0.221184
0.220800
0.219904
0.220832
0.221184
0.220832
0.220992
0.220896
0.220512
0.219968
0.220000
0.220896
0.219840
0.220256
0.221440
0.222528
0.221568
0.221696
0.221376
0.221440
0.221312
0.220928
0.220576
0.221696
0.234176
0.236672
0.221312
0.221152
0.221280
0.221184
0.221184
0.220960
0.220512
0.220448
0.220480
0.220064
0.220704
0.220768
0.220704
0.223712
0.221184
0.220768
0.221024
0.221184
0.221088
0.220672
0.220064
0.220288
0.220000
0.220928
0.220416
0.220096
0.220256
0.221184
0.220256
0.234368
0.221184
0.220928
0.220608
0.220832
0.220736
0.220608
0.220064
0.220448
0.220096
0.220864
0.219936
0.220320
0.219968
0.220032
0.220000
0.220224
0.220128
0.221088
0.221184
0.221536
0.221056
0.221184
0.221152
0.220288
0.220032
0.220960
0.220704
0.220288
0.220224
0.219968
0.220960
0.220256
0.220992
0.220640
0.220448
0.220672
0.220704
0.220832
0.223040
0.227552
0.357120
0.223680
0.235584
0.221088
0.221024
0.220800
0.219680
0.220000
0.221056
0.221088
0.220672
0.220608
0.220768
0.220864
0.220544
0.220800
0.222752
0.221408
0.220480
0.221088
0.220832
0.220960
0.220992
0.220992
0.220800
0.220672
0.220896
0.220992
0.220896
0.220288
0.220224
0.401632
0.358688
0.222752
0.220768
0.221024
0.221056
0.220544
0.220992
0.221152
0.221184
0.221184
0.220736
0.220864
0.220960
0.221088
0.220896
0.221184
0.221344
0.221056
0.220768
0.220800
0.220128
0.222112
0.226592
0.226976
0.224672
0.224320
0.224384
0.223200
0.229760
0.237248
0.240160
0.234080
0.225984
0.240064
0.224896
0.222592
0.222880
0.222816
0.223424
0.221408
0.219872
0.219168
0.220000
0.219200
0.219168
0.219488
0.219136
0.225056
0.220800
0.220640
0.219136
0.220896
0.219136
0.467392
0.221504
0.220864
0.219520
0.219264
0.219008
0.219136
0.219232
0.219136
0.219456
0.219360
0.219168
0.219392
0.219840
0.219584
0.220384
0.219424
0.219520
0.219296
0.219168
0.220096
0.220256
0.219200
0.219712
0.219136
0.219296
0.219296
0.219424
0.219264
0.219136
0.219648
0.219136
0.220160
0.219360
0.219744
0.220032
0.219328
0.219008
0.219136
0.219456
0.218944
0.219136
0.219360
0.220288
0.219264
0.219136
0.219360
0.220192
0.241920
0.219488
0.221152
0.219552
0.219136
0.219360
0.219200
0.219264
0.220096
0.219360
0.219136
0.219264
0.219584
0.219104
0.219168
0.219072
0.219296
0.219136
0.220064
0.245824
0.220288
0.219392
0.219328
0.219232
0.219136
0.219520
0.219808
0.219136
0.219488
0.219168
0.219616
0.219136
0.219392
0.219264
0.220704
0.220800
0.219552
0.219744
0.219968
0.219392
0.219168
0.219328
0.219168
0.219840
0.219168
0.219104
0.219584
0.219232
0.219424
0.219296
0.220352
0.219488
0.219456
0.219008
0.219552
0.228160
0.220832
0.219232
0.220512
0.220288
0.219232
0.219136
0.219392
0.219264
0.220160
0.219104
0.219264
0.219616
0.219264
0.219456
0.219136
0.220192
0.219584
0.219488
0.219392
0.219296
0.219872
0.219168
0.219296
0.219872
0.220320
0.227360
0.234752
0.219680
0.220128
0.219392
0.219936
0.219328
0.219520
0.219552
0.233216
0.220960
0.219424
0.219136
0.219392
0.219488
0.219200
0.219840
0.219360
0.219616
0.219264
0.219232
0.219616
0.219904
0.218432
0.219648
0.219680
0.219200
0.225056
0.222592
0.219808
0.220672
0.220256
0.219552
0.219808
0.219296
0.219168
0.219360
0.219200
0.219424
0.219328
0.219360
0.219392
0.219392
0.219200
0.219424
0.219392
0.220512
0.219168
0.219136
0.220064
0.219392
0.219392
0.218976
0.219200
0.219296
0.219488
0.219200
0.219008
0.219136
0.219840
0.219136
0.219936
0.219104
0.220416
0.219360
0.220096
0.218912
0.219136
0.219392
0.219104
0.219168
0.219136
0.219360
0.219520
0.219328
0.219168
0.219136
0.220096
0.219424
0.337920
0.219424
0.219904
0.219360
0.219008
0.219200
0.219744
0.219136
0.219616
0.219168
0.220128
0.219392
0.232736
0.219520
0.219328
0.219264
0.219328
0.219264
0.236800
0.219552
0.219552
0.219168
0.220032
0.219264
0.219872
0.219392
0.219168
0.218944
0.219136
0.218944
0.219168
0.219328
0.219264
0.219360
0.219168
0.219232
0.219136
0.220352
0.219264
0.219168
0.219232
0.219232
0.219456
0.219296
0.219456
0.404672
0.220224
0.356960
0.221184
0.219904
0.219392
0.220480
0.219136
0.219296
0.218976
0.219744
0.219136
0.220448
0.219648
0.219360
0.221952
0.219392
0.219104
0.219552
0.220064
0.226496
0.221408
0.219232
0.220160
0.219296
0.219584
0.219552
0.219168
0.219168
0.472960
0.221184
0.221184
0.219648
0.219136
0.219520
0.219232
0.219200
0.219232
0.220320
0.219616
0.219136
0.220608
0.220672
0.219264
0.219808
0.220288
0.219136
0.220288
0.219040
0.219232
0.219712
0.219264
0.218432
0.219424
0.220064
0.219680
0.219136
0.220032
0.221792
0.219616
0.219552
0.219264
0.219008
0.219136
0.219136
0.220128
0.219296
0.219296
0.219680
0.219200
0.219648
0.219264
0.219648
0.219328
0.219232
0.219232
0.219744
0.219584
0.219328
0.219456
0.219200
0.219488
0.219424
0.219008
0.220416
0.219232
0.219424
0.219264
0.219328
0.219424
0.220416
0.219424
0.219136
0.219520
0.220192
0.219520
0.233472
0.220608
0.219648
0.220800
0.219488
0.219328
0.219360
0.219392
0.219136
0.219904
0.219360
0.219616
0.219488
0.219616
0.220192
0.219456
0.219520
0.219808
0.220064
0.219200
0.220192
0.219520
0.219968
0.219168
0.219168
0.219552
0.219232
0.219552
0.219232
0.219616
0.219232
0.219360
0.219136
0.219392
0.219520
0.219744
0.219232
0.219424
0.219424
0.220320
0.219136
0.219872
0.219200
0.219392
0.219360
0.220672
0.219136
0.219040
0.219136
0.219264
0.219104
0.219264
0.233312
0.219840
0.228224
0.223232
0.220896
0.221248
0.222784
0.222912
0.223008
0.224896
0.227168
0.227040
0.224896
0.227872
0.225280
0.233408
0.225472
0.224160
0.225152
0.342016
0.225280
0.225280
0.224160
0.224736
0.225568
0.225600
0.225120
0.225280
0.225216
0.225248
0.225696
0.233632
0.226496
0.225184
0.223296
0.219872
0.218080
0.218880
0.218368
0.217760
0.217824
0.218528
0.217248
0.217536
0.217760
0.218976
0.218336
0.224288
0.217728
0.218240
0.217696
0.218432
0.218432
0.218368
0.217504
0.218144
0.218528
0.219584
0.218880
0.217760
0.218848
0.218688
0.218720
0.218432
0.218912
0.219136
0.218528
0.217376
0.218432
0.218912
0.219136
0.218144
0.217664
0.217664
0.218016
0.218944
0.219232
0.219392
0.217856
0.218304
0.217568
0.217792
0.219104
0.219136
0.218656
0.219136
0.217824
0.398016
0.342048
0.355936
0.218944
0.219072
0.218848
0.217344
0.217216
0.218464
0.217472
0.218016
0.217856
0.218176
0.217312
0.227840
0.218016
0.218272
0.217376
0.218464
0.217376
0.218272
0.217088
0.217888
0.217184
0.217632
0.217248
0.218048
0.217216
0.217440
0.217088
0.218976
0.219008
0.219456
0.218848
0.217856
0.218944
0.217440
0.217600
0.218240
0.217472
0.233696
0.235040
0.217344
0.217824
0.217472
0.217088
0.217472
0.218208
0.217152
0.217088
0.218016
0.217760
0.218400
0.217152
0.217760
0.217984
0.217344
0.218304
0.218336
0.217216
0.217088
0.218144
0.217376
0.217728
0.217120
0.217888
0.217728
0.217824
0.218016
0.219040
0.218432
0.218624
0.474112
0.239776
0.239904
0.234848
0.227904
0.218656
0.218944
0.232800
0.217984
0.218528
0.218400
0.216832
0.227040
0.220000
0.727520
0.220672
0.217536
0.218592
0.217408
0.217824
0.217248
0.217088
0.217888
0.217664
0.217376
0.217920
0.218752
0.217344
0.218720
0.217504
0.217408
0.217248
0.218048
0.217440
0.220256
0.218368
0.231424
0.218624
0.217792
0.217216
0.218368
0.217216
0.217760
0.217504
0.217600
0.218016
0.218400
0.217472
0.217344
0.217216
0.217504
0.218144
0.217536
0.217216
0.218656
0.221952
0.223648
0.224320
0.222720
0.220928
0.219904
0.219168
0.219584
0.221376
0.223008
0.218464
0.218336
0.217888
0.217472
0.217440
0.217376
0.217952
0.218144
0.217408
0.218080
0.217568
0.218400
0.217312
0.231808
0.217472
0.217600
0.217472
0.217696
0.217888
0.217536
0.218176
0.219808
0.222496
0.220640
0.218816
0.217504
0.217792
0.217376
0.217184
0.218336
0.217216
0.218176
0.217440
0.217856
0.218528
0.235360
0.217088
0.217440
0.218048
0.217440
0.218112
0.219136
0.219168
0.217376
0.217088
0.217248
0.218112
0.217664
0.218272
0.218560
0.217344
0.218432
0.218336
0.217760
0.217536
0.217536
0.217312
0.218432
0.218112
0.217088
0.218240
0.217568
0.219232
0.219072
0.219456
0.219488
0.219232
0.220032
0.219296
0.219136
0.222848
0.234208
0.221440
0.220832
0.219200
0.219136
0.220160
0.220864
0.220160
0.220000
0.219808
0.220480
0.219104
0.219360
0.219552
0.219552
0.219392
0.226688
0.338304
0.220320
0.220160
0.219328
0.219200
0.413184
0.348160
0.357280
0.220384
0.219744
0.220192
0.219552
0.219136
0.237248
0.220864
0.219232
0.220096
0.220160
0.219744
0.219264
0.219200
0.219392
0.219488
0.219296
0.220128
0.220192
0.219456
0.219136
0.219072
0.219552
0.219552
0.227872
0.220640
0.219232
0.219488
0.219360
0.219328
0.219360
0.220096
0.219328
0.219552
0.219488
0.219648
0.219136
0.219392
0.219424
0.220352
0.220288
0.219392
0.220480
0.219456
0.219424
0.219200
0.219392
0.220192
0.219360
0.219296
0.467360
0.221184
0.220160
0.219424
0.220192
0.219424
0.219136
0.220128
0.219648
0.220416
0.220576
0.219392
0.219328
0.219072
0.219168
0.219392
0.219744
0.219136
0.219552
0.219168
0.219904
0.219392
0.219168
0.219264
0.220288
0.219264
0.220576
0.220224
0.220224
0.219776
0.220256
0.219040
0.220320
0.219456
0.219328
0.219552
0.219264
0.219648
0.220224
0.219392
0.219168
0.219552
0.219360
0.219264
0.221440
0.219616
0.220384
0.219328
0.219392
0.219456
0.219840
0.219136
0.219296
0.219200
0.219552
0.219616
0.219136
0.219712
0.220032
0.219520
0.219392
0.220320
0.220544
0.220288
0.219712
0.220224
0.219360
0.219136
0.219648
0.219168
0.219328
0.220224
0.219456
0.219136
0.220384
0.219296
0.219680
0.219168
0.219264
0.220416
0.221248
0.220704
0.219136
0.218976
0.219328
0.219936
0.220352
0.219296
0.220448
0.219328
0.219168
0.219520
0.219872
0.219584
0.219360
0.219936
0.220224
0.219424
0.219456
0.219680
0.220352
0.220448
0.219392
0.219968
0.219552
0.219456
0.220160
0.218880
0.219328
0.219392
0.220192
0.219328
0.219456
0.219136
0.219936
0.219232
0.219424
0.219968
0.219456
0.220192
0.219616
0.222464
0.224992
0.222048
0.220736
0.219392
0.220544
0.219136
0.220160
0.219424
0.219136
0.219328
0.219136
0.220320
0.219488
0.219392
0.219168
0.219296
0.219328
0.219232
0.220000
0.219456
0.220384
0.220224
0.219488
0.219328
0.220032
0.219232
0.219616
0.219136
0.219392
0.231616
0.220800
0.220032
0.219616
0.219584
0.220576
0.219552
0.219872
0.219200
0.219200
0.220416
0.219520
0.219136
0.219392
0.219136
0.220160
0.219232
0.219232
0.219392
0.219776
0.219008
0.220192
0.220000
0.219392
0.219264
0.219520
0.219296
0.220032
0.219104
0.219136
0.219392
0.219200
0.221120
0.222272
0.221344
0.222272
0.221472
0.222528
0.221344
0.221312
0.221696
0.222752
0.224416
0.222400
0.222368
0.221440
0.222176
0.221696
0.221408
0.222272
0.221568
0.222368
0.221696
0.246592
0.222784
0.222176
0.221408
0.221760
0.221184
0.222400
0.221376
0.221952
0.221408
0.222112
0.221632
0.221696
0.221504
0.221472
0.222080
0.221440
0.221632
0.221632
0.221632
0.221440
0.222336
0.221408
0.222080
0.221568
0.222720
0.221632
0.221664
0.235616
0.341984
0.222624
0.221216
0.221184
0.221184
0.221280
0.221920
0.222720
0.222336
0.221280
0.222080
0.221504
0.221952
0.221952
0.223232
0.223008
0.222784
0.221632
0.221184
0.222208
0.221440
0.221760
0.376480
0.348128
0.361120
0.222528
0.222368
0.221664
0.221472
0.221408
0.222432
0.221696
0.221664
0.221568
0.222048
0.221632
0.222080
0.221664
0.222496
0.221792
0.222400
0.221568
0.222400
0.222592
0.221184
0.222336
0.221632
0.477920
0.223616
0.223232
0.224672
0.227296
0.228160
0.228544
0.228160
0.227424
0.227168
0.225792
0.235552
0.227168
0.226496
0.225472
0.226176
0.227136
0.226016
0.226848
0.225696
0.225600
0.236576
0.227136
0.225536
0.227008
0.227584
0.227328
0.227392
0.226240
0.227520
0.228032
0.227648
0.227488
0.227296
0.379968
0.224736
0.222784
0.221472
0.222784
0.221472
0.221888
0.229152
0.223232
0.222272
0.221664
0.221600
0.220960
0.221472
0.222720
0.221184
0.222016
0.221280
0.221728
0.221184
0.222368
0.222880
0.221216
0.221984
0.221696
0.408416
0.347872
0.430304
0.468896
0.223360
0.223456
0.221728
0.221184
0.221472
0.222272
0.222912
0.222688
0.221664
0.221664
0.222272
0.221440
0.221216
0.224032
0.266976
0.226208
0.241760
0.233184
0.221888
0.221696
0.221408
0.221344
0.222880
0.222944
0.222368
0.221760
0.221600
0.221664
0.221184
0.222176
0.221664
0.222304
0.221280
0.222528
0.221184
0.221664
0.222176
0.221600
0.222464
0.221536
0.223680
0.238720
0.221568
0.221536
0.221376
0.221856
0.221280
0.222560
0.223104
0.221664
0.221824
0.222144
0.221536
0.221792
0.221440
0.222144
0.221792
0.222240
0.233696
0.222880
0.221792
0.223200
0.222784
0.354304
0.416352
0.224736
0.222976
0.221184
0.221888
0.222176
0.221344
0.221504
0.222112
0.222080
0.221600
0.221536
0.221184
0.222144
0.221472
0.221536
0.221344
0.221344
0.221184
0.222144
0.221280
0.221184
0.221472
0.221184
0.219648
0.219520
0.219776
0.220096
0.229824
0.338880
0.219264
0.219648
0.220416
0.219520
0.219328
0.219712
0.219136
0.219456
0.219136
0.219136
0.219264
0.219296
0.219168
0.219488
0.220256
0.219648
0.219424
0.219168
0.219552
0.220320
0.218976
0.219136
0.219296
0.219264
0.220000
0.218976
0.219232
0.219840
0.219200
0.219936
0.219136
0.219616
0.220640
0.219136
0.219392
0.219264
0.219552
0.219520
0.219328
0.470688
0.221184
0.220960
0.219232
0.219616
0.219136
0.220416
0.219040
0.219136
0.239456
0.220640
0.219744
0.219488
0.395264
0.527616
0.220096
0.220224
0.220544
0.219456
0.219296
0.230016
0.219584
0.220832
0.235232
0.220704
0.219264
0.240864
0.219520
0.219136
0.219136
0.219200
0.219232
0.219072
0.219392
0.219424
0.219136
0.219872
0.219168
0.219264
0.231776
0.221120
0.220352
0.219552
0.219264
0.220448
0.219104
0.219136
0.219712
0.220416
0.219520
0.219168
0.219136
0.219328
0.219680
0.219392
0.219360
0.219264
0.220416
0.219360
0.219872
0.219616
0.219456
0.219136
0.219968
0.219136
0.219904
0.218784
0.219168
0.471552
0.221184
0.221152
0.219328
0.219264
0.219296
0.219552
0.219136
0.219424
0.219328
0.219648
0.219136
0.219232
0.219264
0.219168
0.219264
0.219296
0.219328
0.219936
0.219360
0.219232
0.219136
0.219424
0.219136
0.219488
0.219456
0.219520
0.219360
0.219296
0.219488
0.219296
0.218976
0.219616
0.219168
0.220640
0.219328
0.219328
0.219136
0.219328
0.219456
0.219456
0.219456
0.219360
0.219136
0.219136
0.219776
0.219424
0.219488
0.219168
0.220000
0.219328
0.219136
0.221920
0.222944
0.220096
0.224864
0.219552
0.220064
0.219136
0.219328
0.221440
0.221664
0.221312
0.222304
0.222272
0.221632
0.222304
0.221728
0.221408
0.222176
0.222816
0.222176
0.221792
0.221472
0.222272
0.221216
0.221344
0.222528
0.221728
0.221440
0.221600
0.221376
0.221344
0.221248
0.221184
0.221696
0.221504
0.221376
0.222016
0.221280
0.222144
0.221440
0.221344
0.221600
0.222528
0.221184
0.222368
0.221440
0.222240
0.221216
0.221600
0.237568
0.224384
0.243904
0.239776
0.235712
0.221824
0.221248
0.221248
0.221952
0.221824
0.221728
0.222528
0.221920
0.221984
0.221408
0.221600
0.221408
0.221568
0.221184
0.221728
0.221504
0.221440
0.221248
0.221440
0.221632
0.221184
0.221952
0.222368
0.231232
0.221760
0.221312
0.221408
0.221600
0.221216
0.222240
0.221536
0.221504
0.221184
0.221440
0.221824
0.222080
0.221600
0.221536
0.222144
0.221632
0.221536
0.221792
0.222240
0.221184
0.222048
0.221856
0.221600
0.221472
0.222048
0.221280
0.221632
0.221504
0.221536
0.221184
0.222208
0.221408
0.221184
0.221504
0.221472
0.222208
0.223584
0.223136
0.222528
0.221568
0.221600
0.221312
0.221696
0.221248
0.221408
0.221504
0.221248
0.221472
0.343808
0.223136
0.221888
0.221376
0.221952
0.221312
0.222208
0.221568
0.221184
0.221248
0.221600
0.221504
0.221408
0.221760
0.222336
0.221504
0.221536
0.221536
0.221184
0.221504
0.221440
0.222112
0.222880
0.222304
0.221344
0.222080
0.221440
0.221568
0.221920
0.222336
0.221728
0.221856
0.221408
0.221280
0.221248
0.221312
0.221632
0.221536
0.222016
0.221600
0.221536
0.221696
0.222272
0.221696
0.221728
0.221408
0.221536
0.221280
0.221312
0.221472
0.221664
0.221376
0.222464
0.221696
0.222432
0.221856
0.221952
0.222560
0.221632
0.221824
0.222560
0.222272
0.221664
0.222368
0.221664
0.221504
0.240608
0.222784
0.221600
0.434176
0.371488
0.391168
0.223520
0.222976
0.222624
0.221248
0.221856
0.222368
0.222432
0.221696
0.222464
0.221440
0.221760
0.222400
0.221280
0.222496
0.221376
0.221568
0.221760
0.221600
0.221152
0.222464
0.241984
0.222048
0.221600
0.221504
0.221472
0.221184
0.221248
0.221952
0.221600
0.221248
0.221664
0.468512
0.225280
0.223904
0.221344
0.222464
0.221696
0.221248
0.222336
0.221344
0.221312
0.221184
0.222176
0.223552
0.226784
0.256864
0.222880
0.221856
0.221184
0.221344
0.222304
0.221728
0.222144
0.221632
0.221728
0.221440
0.221696
0.221184
0.221696
0.221440
0.221632
0.222336
0.222560
0.221504
0.221408
0.221408
0.222432
0.223680
0.243552
0.221408
0.221280
0.221984
0.221600
0.221248
0.221792
0.222176
0.221600
0.222336
0.221856
0.221632
0.221184
0.221632
0.221440
0.221376
0.221248
0.222336
0.223520
0.223232
0.221664
0.221344
0.221216
0.221344
0.221312
0.221440
0.221664
0.221248
0.221536
0.222176
0.221472
0.221472
0.221344
0.221280
0.226496
0.221696
0.222400
0.222016
0.221856
0.222400
0.221664
0.222464
0.221568
0.221472
0.221216
0.221184
0.221600
0.222464
0.221536
0.221280
0.222144
0.221440
0.222560
0.222720
0.221760
0.221184
0.222208
0.221216
0.221344
0.221312
0.221376
0.221472
0.221536
0.222080
0.221280
0.221440
0.221600
0.229664
0.222016
0.222912
0.222464
0.222784
0.221344
0.222336
0.221184
0.231456
0.221664
0.221408
0.221536
0.222848
0.221952
0.221280
0.222400
0.221280
0.221792
0.235552
0.222784
0.221536
0.221344
0.223456
0.222912
0.221184
0.221376
0.221184
0.221376
0.221344
0.222112
0.222496
0.221568
0.222048
0.221440
0.221408
0.221472
0.222880
0.221440
0.222496
0.221440
0.221312
0.221280
0.221280
0.221760
0.222112
0.221472
0.221344
0.222528
0.221280
0.222016
0.221568
0.221888
0.221248
0.234368
0.222656
0.222304
0.221536
0.222112
0.221632
0.221568
0.221472
0.221984
0.224640
0.249696
0.240608
0.222176
0.221344
0.221856
0.221792
0.221568
0.221568
0.222432
0.222432
0.221408
0.221568
0.221376
0.221632
0.352256
0.222080
0.222144
0.221248
0.221760
0.222368
0.221600
0.222048
0.222240
0.240480
0.222816
0.222528
0.221728
0.221376
0.409536
0.360512
0.223232
0.221600
0.221312
0.222432
0.471136
0.223392
0.223328
0.221600
0.222752
0.221408
0.221248
0.221568
0.222240
0.221600
0.221760
0.221280
0.221536
0.221536
0.221984
0.222496
0.221344
0.220800
0.220864
0.220896
0.219904
0.222400
0.222048
0.220032
0.220192
0.219904
0.220960
0.220864
0.221184
0.221088
0.221184
0.221152
0.220640
0.219840
0.220128
0.220928
0.220768
0.220416
0.220928
0.233216
0.221184
0.220096
0.220832
0.221184
0.221216
0.221120
0.226176
0.221216
0.221184
0.221216
0.222528
0.220896
0.221056
0.220064
0.220736
0.221120
0.221152
0.220320
0.220992
0.220928
0.220800
0.221088
0.221024
0.220960
0.220896
0.220032
0.220288
0.220096
0.221024
0.220736
0.221024
0.221376
0.222144
0.221216
0.222432
0.221184
0.222560
0.221344
0.221184
0.220896
0.220960
0.220800
0.221056
0.220416
0.219904
0.220736
0.220992
0.220960
0.220736
0.221088
0.221184
0.221408
0.221728
0.221216
0.221056
0.219680
0.220224
0.219456
0.220128
0.219424
0.219680
0.219296
0.219616
0.219136
0.220384
0.220576
0.219712
0.219520
0.220032
0.219328
0.220352
0.219648
0.219648
0.219552
0.219808
0.219136
0.219552
0.219136
0.220160
0.219392
0.220160
0.219200
0.219392
0.219136
0.219808
0.220480
0.220416
0.219872
0.220672
0.219776
0.220256
0.219552
0.219136
0.219520
0.219744
0.219232
0.219392
0.219168
0.219648
0.219552
0.219808
0.219168
0.219360
0.219104
0.219360
0.219008
0.220512
0.219520
0.219456
0.219136
0.219200
0.352064
0.220352
0.219136
0.220160
0.219936
0.218880
0.219456
0.219360
0.219360
0.219584
0.219136
0.232352
0.221024
0.220736
0.219328
0.220096
0.220416
0.219136
0.219264
0.219200
0.219136
0.219424
0.219136
0.220448
0.218976
0.220160
0.218976
0.219136
0.219328
0.219264
0.220608
0.219520
0.219424
0.219424
0.219552
0.219424
0.219264
0.219424
0.219584
0.219392
0.220064
0.219392
0.233888
0.219744
0.225024
0.220768
0.337984
0.221216
0.219744
0.219744
0.219232
0.219456
0.220192
0.219392
0.220576
0.220160
0.219360
0.223104
0.222976
0.219712
0.220032
0.219520
0.219136
0.219520
0.220128
0.219456
0.224960
0.219200
0.219584
0.233760
0.220288
0.219328
0.219168
0.370688
0.349984
0.238560
0.495072
0.221184
0.220320
0.219680
0.219360
0.219392
0.219520
0.219136
0.219968
0.219136
0.219232
0.220032
0.219392
0.219648
0.219136
0.219232
0.220128
0.220096
0.219648
0.219232
0.219840
0.219424
0.219136
0.219584
0.219648
0.219200
0.219616
0.219584
0.219392
0.219328
0.219424
0.219392
0.219392
0.219328
0.220192
0.219808
0.219552
0.219520
0.220576
0.220608
0.219232
0.220160
0.219392
0.219648
0.219296
0.219520
0.219136
0.219584
0.219168
0.220256
0.469120
0.221504
0.220832
0.219680
0.229248
0.220352
0.220640
0.219456
0.219424
0.219360
0.219584
0.219456
0.219520
0.219136
0.219488
0.219136
0.220384
0.219616
0.219840
0.220160
0.219360
0.219168
0.220224
0.219456
0.219648
0.219456
0.219936
0.219040
0.219296
0.220320
0.219424
0.220768
0.219136
0.219392
0.219424
0.219008
0.219488
0.219232
0.220096
0.219648
0.219616
0.219296
0.219488
0.219520
0.220256
0.219360
0.220000
0.219520
0.219168
0.220160
0.219552
0.219136
0.219040
0.219328
0.219168
0.219584
0.219136
0.219520
0.220768
0.220768
0.220640
0.230848
0.220224
0.219360
0.219136
0.219616
0.220224
0.219424
0.219136
0.220224
0.229344
0.220224
0.219392
0.219552
0.219232
0.220256
0.220896
0.219136
0.219168
0.219488
0.220032
0.219488
0.220320
0.219392
0.219200
0.220224
0.219424
0.219520
0.219136
0.220352
0.219296
0.219648
0.219008
0.220288
0.219360
0.219456
0.220032
0.219808
0.219392
0.219680
0.219328
0.219328
0.220320
0.219552
0.219648
0.219168
0.219136
0.219936
0.219584
0.219360
0.219136
0.219936
0.220672
0.220032
0.219552
0.219232
0.219424
0.220256
0.219296
0.219392
0.219488
0.220736
0.219232
0.219424
0.219296
0.219584
0.219136
0.219616
0.219456
0.220224
0.219360
0.219872
0.219424
0.220096
0.220512
0.219552
0.220096
0.219744
0.221344
0.220608
0.219232
0.219648
0.220352
0.219552
0.220224
0.219552
0.218848
0.219328
0.219712
0.219136
0.219808
0.219296
0.219168
0.219840
0.220160
0.220224
0.219712
0.219488
0.219872
0.220416
0.219360
0.219456
0.219552
0.219136
0.219392
0.220416
0.219296
0.220832
0.220576
0.219488
0.220096
0.221792
0.221536
0.221856
0.221280
0.221216
0.238432
0.242432
0.223040
0.237568
0.223392
0.224352
0.222752
0.236960
0.221760
0.222432
0.221152
0.221408
0.221184
0.221472
0.221440
0.221408
0.221184
0.221856
0.221504
0.221472
0.221216
0.221600
0.221344
0.241696
0.221664
0.222880
0.221568
0.221440
0.221472
0.221568
0.226400
0.222048
0.340960
0.222048
0.221632
0.222208
0.221280
0.221344
0.222048
0.221312
0.228320
0.222976
0.221632
0.221504
0.221440
0.221248
0.222144
0.221632
0.221376
0.221344
0.221408
0.220992
0.221920
0.221376
0.222016
0.221120
0.222208
0.221504
0.222368
0.221664
0.221184
0.222080
0.221600
0.222208
0.221440
0.221408
0.221248
0.222016
0.221536
0.221344
0.221344
0.221536
0.221440
0.222368
0.221408
0.222144
0.221536
0.401536
0.479808
0.225280
0.223200
0.221440
0.221376
0.221376
0.221216
0.221888
0.221248
0.221504
0.221568
0.222592
0.222848
0.222720
0.222368
0.223680
0.222528
0.221408
0.222048
0.221952
0.223200
0.221600
0.221408
0.488704
0.223840
0.223328
0.222208
0.222432
0.221664
0.221632
0.221280
0.221632
0.222336
0.221376
0.221760
0.222528
0.221376
0.221472
0.221888
0.222432
0.221408
0.221216
0.221344
0.222368
0.221472
0.221184
0.221216
0.222112
0.221600
0.221184
0.222240
0.221344
0.221216
0.221824
0.221280
0.222592
0.221184
0.221440
0.221440
0.221920
0.221376
0.221632
0.221184
0.221568
0.221248
0.221600
0.221248
0.221824
0.221184
0.221248
0.221184
0.221376
0.221536
0.222048
0.221760
0.222208
0.221344
0.221440
0.221248
0.221184
0.221472
0.221440
0.221984
0.222560
0.222048
0.221536
0.221568
0.221216
0.221184
0.221568
0.221408
0.221440
0.221184
0.252576
0.221408
0.221216
0.222176
0.221536
0.226208
0.243296
0.235616
0.222656
0.221184
0.221344
0.221152
0.221728
0.222464
0.221184
0.222912
0.222464
0.222784
0.222240
0.221696
0.221664
0.222048
0.221408
0.221472
0.221888
0.222272
0.221376
0.221312
0.221216
0.221472
0.221184
0.222176
0.221408
0.221248
0.221280
0.222080
0.221600
0.221312
0.221376
0.221472
0.223680
0.221408
0.221568
0.222048
0.221568
0.221312
0.222208
0.221344
0.221632
0.221184
0.222432
0.222272
0.221344
0.221248
0.221440
0.221344
0.221536
0.221376
0.221216
0.222656
0.221920
0.221440
0.221792
0.221312
0.221568
0.221600
0.221344
0.221248
0.221440
0.224032
0.226336
0.223520
0.226304
0.222624
0.221312
0.233120
0.222944
0.222112
0.221760
0.221440
0.221376
0.221216
0.221408
0.221408
0.221312
0.222592
0.221248
0.221248
0.221440
0.221248
0.221600
0.221184
0.221376
0.221408
0.223776
0.222848
0.221600
0.221536
0.221376
0.221152
0.221376
0.221280
0.221440
0.221824
0.221152
0.221248
0.221440
0.221472
0.222208
0.221536
0.222336
0.222496
0.221216
0.221216
0.220960
0.221376
0.221792
0.222240
0.221728
0.221632
0.221344
0.221312
0.221696
0.221312
0.221888
0.221184
0.221632
0.221216
0.221728
0.221984
0.221600
0.221280
0.221440
0.221440
0.403616
0.347680
0.359936
0.470592
0.224352
0.223520
0.231744
0.252192
0.238848
0.233792
0.222368
0.236672
0.242336
0.222368
0.221376
0.221536
0.222016
0.221536
0.221504
0.221472
0.221568
0.221856
0.221184
0.222240
0.222688
0.237440
0.221312
0.221600
0.222176
0.221568
0.221376
0.220480
0.219360
0.219808
0.219488
0.219136
0.219360
0.219232
0.219904
0.219776
0.219136
0.220192
0.220928
0.219360
0.220352
0.233728
0.220544
0.219808
0.220160
0.219488
0.219328
0.219168
0.219136
0.219232
0.219136
0.220320
0.219520
0.219520
0.219232
0.218848
0.219584
0.219392
0.219616
0.219136
0.220256
0.219168
0.219136
0.219360
0.219136
0.219264
0.219392
0.219424
0.219648
0.219136
0.219488
0.220064
0.219392
0.219232
0.220480
0.219520
0.219392
0.219136
0.219488
0.218368
0.219488
0.219328
0.219296
0.219136
0.219456
0.219136
0.219424
0.219040
0.219872
0.219136
0.218912
0.219264
0.219712
0.219200
0.219936
0.218880
0.219200
0.219424
0.219136
0.219296
0.219456
0.220192
0.219232
0.219136
0.219872
0.219168
0.219904
0.219552
0.219296
0.231840
0.220288
0.219232
0.220160
0.219232
0.219328
0.219104
0.219552
0.219552
0.220064
0.218848
0.219200
0.219040
0.219200
0.218464
0.219360
0.219136
0.219136
0.223392
0.220448
0.219136
0.219264
0.219360
0.220096
0.219520
0.219136
0.219008
0.219136
0.219552
0.219392
0.219264
0.219680
0.218784
0.220192
0.219328
0.219520
0.219488
0.218848
0.219360
0.219520
0.219424
0.219104
0.219136
0.219744
0.219168
0.220544
0.234816
0.220672
0.226368
0.229792
0.219680
0.219392
0.219520
0.219136
0.219392
0.219712
0.219232
0.219424
0.219008
0.219136
0.219424
0.219168
0.219488
0.219424
0.219616
0.219392
0.219008
0.224448
0.224864
0.234400
0.219680
0.230368
0.220480
0.219520
0.219264
0.219232
0.219488
0.219232
0.220064
0.219456
0.220096
0.219328
0.219072
0.219360
0.229440
0.220224
0.219424
0.219040
0.219328
0.220704
0.220480
0.219328
0.220064
0.219296
0.219136
0.220000
0.219328
0.219136
0.219104
0.219392
0.219232
0.220000
0.219584
0.220032
0.220032
0.219264
0.219520
0.219360
0.219712
0.219136
0.220096
0.220256
0.219488
0.219136
0.219136
0.219264
0.219232
0.219648
0.219232
0.220608
0.219392
0.226880
0.241632
0.339072
0.220992
0.219552
0.219488
0.219296
0.219488
0.219360
0.218976
0.219584
0.219264
0.219616
0.219968
0.219520
0.219424
0.219264
0.219008
0.219488
0.219424
0.219776
0.219616
0.219584
0.219488
0.219072
0.219104
0.219392
0.219168
0.219008
0.219232
0.219168
0.219456
0.219360
0.219200
0.219296
0.220128
0.219072
0.219456
0.219584
0.219456
0.219136
0.219200
0.219552
0.220192
0.219200
0.219552
0.219136
0.219456
0.219616
0.219008
0.219584
0.219232
0.218848
0.219040
0.220192
0.219456
0.219296
0.221184
0.219264
0.219488
0.218912
0.220000
0.219552
0.219168
0.219616
0.221120
0.221312
0.222240
0.224064
0.240192
0.226656
0.224960
0.234944
0.376160
0.364544
0.360832
0.222368
0.221728
0.222528
0.221504
0.221312
0.221792
0.221440
0.222144
0.222720
0.221376
0.222496
0.221632
0.237504
0.222016
0.221632
0.221536
0.229376
0.222688
0.221568
0.221216
0.221312
0.221440
0.221184
0.222208
0.221440
0.221216
0.222336
0.221280
0.222080
0.220960
0.222688
0.221632
0.221408
0.221568
0.222208
0.221440
0.221312
0.222080
0.221344
0.221184
0.221632
0.223072
0.222784
0.223040
0.470656
0.224288
0.234240
0.224288
0.223200
0.222752
0.222240
0.223168
0.223200
0.222624
0.221312
0.221376
0.220992
0.221312
0.221344
0.221536
0.222144
0.221376
0.221184
0.221472
0.222720
0.221536
0.221792
0.222208
0.221920
0.221952
0.221536
0.222176
0.221728
0.221280
0.222784
0.221184
0.221312
0.221184
0.221984
0.221184
0.222016
0.221600
0.222976
0.221184
0.222112
0.221984
0.221728
0.221280
0.221280
0.221856
0.222624
0.221280
0.221184
0.221248
0.222272
0.221184
0.222208
0.221632
0.221632
0.222432
0.221376
0.221472
0.221440
0.221184
0.221184
0.221408
0.221216
0.221760
0.221312
0.221632
0.221184
0.221440
0.221184
0.222688
0.221216
0.221632
0.244800
0.227232
0.224800
0.240192
0.222880
0.237568
0.222656
0.222208
0.221440
0.226752
0.221568
0.222016
0.221568
0.221376
0.222752
0.221344
0.221664
0.230976
0.222784
0.221312
0.221728
0.345952
0.222880
0.221984
0.221536
0.221344
0.221600
0.221184
0.222048
0.221376
0.221696
0.221216
0.221664
0.221184
0.221760
0.221600
0.221824
0.221248
0.222368
0.221568
0.409120
0.360448
0.223136
0.221600
0.221568
0.221376
0.221664
0.221184
0.222368
0.221856
0.221952
0.222048
0.221376
0.222240
0.222528
0.221248
0.221600
0.221152
0.221504
0.221440
0.221408
0.221280
0.221280
0.222144
0.221696
0.221568
0.221632
0.222592
0.466944
0.223840
0.223264
0.222208
0.221728
0.221536
0.221248
0.222144
0.221408
0.221632
0.221216
0.221184
0.221184
0.221792
0.221536
0.231424
0.221824
0.222368
0.221408
0.222144
0.222432
0.221504
0.222048
0.222592
0.221408
0.221664
0.222720
0.221248
0.222304
0.222176
0.221536
0.221632
0.221536
0.222752
0.221408
0.221088
0.221952
0.221248
0.222272
0.221408
0.221440
0.221696
0.222432
0.221376
0.222080
0.221408
0.221696
0.221312
0.221472
0.221216
0.221216
0.222624
0.221280
0.221440
0.221536
0.221280
0.222368
0.221184
0.222272
0.221312
0.221408
0.221184
0.222368
0.223072
0.221280
0.222048
0.221664
0.221568
0.222464
0.221472
0.222368
0.221472
0.222176
0.221248
0.222048
0.221440
0.221760
0.221184
0.221984
0.221504
0.222080
0.221536
0.222208
0.221568
0.221184
0.221184
0.221728
0.221856
0.222368
0.221696
0.221792
0.237184
0.231968
0.234976
0.222368
0.221568
0.222336
0.222240
0.221408
0.222368
0.222688
0.221344
0.221856
0.222656
0.221408
0.221952
0.221824
0.222304
0.221792
0.222304
0.222848
0.222400
0.221664
0.221216
0.221696
0.221984
0.221280
0.221344
0.221568
0.221600
0.221696
0.221600
0.221824
0.221952
0.222688
0.221184
0.222048
0.221312
0.221920
0.221504
0.221664
0.221312
0.221664
0.221216
0.221952
0.221408
0.222208
0.221280
0.221632
0.221952
0.221888
0.221408
0.222240
0.221664
0.221504
0.221344
0.221536
0.221600
0.221216
0.221440
0.221664
0.221408
0.221184
0.221600
0.221504
0.221536
0.227008
0.222144
0.222048
0.221696
0.221344
0.222880
0.222560
0.221664
0.221408
0.221664
0.222080
0.221568
0.222368
0.221856
0.221792
0.223168
0.221504
0.221440
0.222720
0.227776
0.225504
0.221664
0.239040
0.228000
0.221856
0.222208
0.221664
0.222208
0.221440
0.221344
0.222400
0.224768
0.223136
0.221312
0.222112
0.223232
0.222656
0.221376
0.222048
0.222240
0.221568
0.222144
0.221696
0.221248
0.221504
0.222304
0.221696
0.221184
0.221248
0.221440
0.221440
0.221504
0.221952
0.222528
0.221600
0.221760
0.221312
0.221216
0.221280
0.222112
0.221664
0.221760
0.221312
0.222048
0.222144
0.221216
0.222304
0.221504
0.221184
0.221280
0.221632
0.221472
0.221792
0.221184
0.221728
0.222304
0.221280
0.221184
0.221824
0.222176
0.221824
0.221920
0.221632
0.221664
0.221184
0.222240
0.222240
0.221728
0.231200
0.341920
0.221536
0.220288
0.220768
0.220064
0.220320
0.220864
0.221184
0.221120
0.220576
0.221184
0.220832
0.221088
0.221184
0.220576
0.220032
0.247360
0.221600
0.221184
0.221440
0.220928
0.220800
0.220576
0.221184
0.220800
0.221056
0.220832
0.220096
0.220864
0.221152
0.221440
0.405088
0.346048
0.537664
0.221280
0.220992
0.220288
0.221280
0.220672
0.220800
0.220736
0.220704
0.220960
0.220320
0.220224
0.221088
0.220096
0.220288
0.220960
0.243712
0.222048
0.221280
0.220768
0.221184
0.220864
0.221024
0.220992
0.220576
0.220832
0.220064
0.221152
0.221152
0.220800
0.220384
0.219936
0.220288
0.221184
0.221184
0.221184
0.221024
0.220256
0.220128
0.220000
0.220000
0.220800
0.220960
0.220800
0.220736
0.221024
0.221184
0.220736
0.220608
0.220704
0.221120
0.221184
0.221152
0.220896
0.220160
0.220000
0.220128
0.220960
0.220064
0.220960
0.221056
0.221088
0.221088
0.220064
0.221152
0.220704
0.220032
0.464896
0.223200
0.222848
0.220768
0.220960
0.220800
0.221120
0.221120
0.221120
0.221024
0.220928
0.220512
0.220640
0.221184
0.220896
0.220640
0.220544
0.220160
0.220960
0.221120
0.220096
0.220768
0.220736
0.220448
0.220032
0.221184
0.221056
0.221024
0.221184
0.220672
0.221312
0.220960
0.220640
0.220992
0.221056
0.221056
0.231552
0.221568
0.235904
0.221280
0.221440
0.237152
0.229472
0.233472
0.233088
0.221184
0.221184
0.220960
0.220704
0.220320
0.220768
0.221120
0.221056
0.221184
0.221216
0.220704
0.219936
0.220224
0.219936
0.220768
0.220096
0.220032
0.220864
0.220864
0.221120
0.221088
0.220640
0.220032
0.220960
0.220384
0.220608
0.220832
0.220384
0.223296
0.245696
0.243808
0.242144
0.233056
0.221184
0.221088
0.221152
0.221568
0.220768
0.221312
0.220960
0.221056
0.220064
0.220096
0.220960
0.221440
0.220704
0.220704
0.220256
0.220032
0.220672
0.220800
0.219744
0.220800
0.220672
0.220864
0.220448
0.220224
0.220896
0.220992
0.220672
0.220544
0.221184
0.220096
0.220800
0.220800
0.220768
0.221280
0.219904
0.221280
0.220736
0.220704
0.220352
0.220576
0.219840
0.219968
0.220128
0.221408
0.220160
0.219840
0.220640
0.221088
0.220768
0.220640
0.221184
0.220992
0.220800
0.220992
0.220608
0.221024
0.220768
0.219936
0.220352
0.221152
0.220256
0.220224
0.219904
0.221312
0.221280
0.220064
0.220896
0.221024
0.220800
0.220736
0.220352
0.221120
0.220896
0.220864
0.220768
0.221152
0.220096
0.220800
0.220928
0.221184
0.220512
0.220032
0.220192
0.220864
0.221152
0.220960
0.220736
0.220928
0.220992
0.220896
0.220864
0.221216
0.220896
0.220992
0.219968
0.219776
0.220384
0.220704
0.219936
0.221120
0.220704
0.221184
0.220768
0.221184
0.221184
0.220864
0.231328
0.221280
0.228160
0.243008
0.341536
0.221408
0.221120
0.221152
0.220832
0.221408
0.221184
0.221184
0.220192
0.220096
0.220832
0.219968
0.220992
0.221184
0.220736
0.220928
0.220896
0.220896
0.220000
0.220768
0.220992
0.220928
0.220416
0.221248
0.221184
0.221024
0.220448
0.220000
0.220192
0.221184
0.221120
0.221184
0.220832
0.220864
0.220832
0.220960
0.221184
0.221184
0.220640
0.221088
0.220352
0.220864
0.221184
0.221152
0.221184
0.221184
0.220960
0.220672
0.219968
0.402304
0.360192
0.221536
0.220928
0.219936
0.220128
0.221024
0.221024
0.220800
0.220864
0.220960
0.221184
0.221056
0.221088
0.220832
0.220512
0.220384
0.220032
0.220864
0.220512
0.220864
0.220608
0.220960
0.220192
0.220960
0.221280
0.220576
0.220256
0.220864
0.220000
0.220480
0.220032
0.220672
0.220928
0.220608
0.220544
0.221024
0.221184
0.221184
0.220480
0.220896
0.220672
0.470112
0.222944
0.222336
0.220416
0.220128
0.220032
0.220160
0.220832
0.219776
0.220160
0.221184
0.220352
0.219968
0.219872
0.220128
0.220032
0.220160
0.221088
0.221184
0.221088
0.220992
0.220704
0.220640
0.220608
0.221184
0.221120
0.220992
0.220256
0.220832
0.220512
0.220768
0.220608
0.221248
0.221312
0.235360
0.221184
0.221440
0.223232
0.237152
0.221760
0.221184
0.221184
0.227744
0.231264
0.232320
0.228992
0.236928
0.230048
0.222336
0.221312
0.221216
0.220192
0.220320
0.220320
0.221184
0.221088
0.221952
0.219648
0.221184
0.221184
0.221088
0.220448
0.220608
0.221184
0.221056
0.220128
0.221056
0.229760
0.221376
0.220608
0.220672
0.221184
0.230784
0.221184
0.231616
0.221344
0.221056
0.220160
0.220832
0.221152
0.220384
0.219904
0.221088
0.220928
0.226784
0.221216
0.221120
0.220064
0.220800
0.221376
0.221120
0.221184
0.221152
0.220320
0.220032
0.221024
0.220704
0.221088
0.221184
0.221056
0.221024
0.219872
0.221184
0.220928
0.220128
0.221152
0.221184
0.221344
0.220800
0.220736
0.220640
0.220288
0.219840
0.220032
0.221184
0.220864
0.220704
0.221024
0.220320
0.220224
0.221184
0.238400
0.221568
0.340064
0.221504
0.221056
0.220768
0.220928
0.220960
0.219968
0.220000
0.220992
0.221184
0.221248
0.221088
0.220928
0.220896
0.220960
0.221184
0.221184
0.220416
0.220064
0.221216
0.220672
0.221184
0.220960
0.221088
0.220832
0.221056
0.220064
0.220896
0.221056
0.220800
0.220768
0.221024
0.220704
0.220960
0.220736
0.221184
0.221184
0.221024
0.220928
0.220128
0.220224
0.220128
0.220704
0.220576
0.219840
0.219936
0.220672
0.221152
0.220864
0.232800
0.221280
0.220160
0.220192
0.220192
0.220896
0.221184
0.221024
0.220736
0.220512
0.221120
0.220992
0.220736
0.220864
0.476608
0.360000
0.243712
0.222368
0.256000
0.231712
0.221888
0.221184
0.232992
0.221280
0.221184
0.221056
0.221184
0.221408
0.220832
0.221184
0.222080
0.221184
0.226208
0.469024
0.222976
0.221696
0.223456
0.220640
0.221056
0.220640
0.221184
0.221056
0.220960
0.220800
0.221056
0.220864
0.221088
0.221088
0.220320
0.220960
0.221312
0.220608
0.220928
0.220704
0.220928
0.220256
0.220704
0.220576
0.220672
0.220960
0.220992
0.221120
0.220736
0.220896
0.220832
0.220576
0.220384
0.220288
0.220992
0.220128
0.221280
0.220704
0.221120
0.220736
0.220864
0.221024
0.221120
0.220832
0.221088
0.220704
0.221088
0.220096
0.220992
0.220736
0.220768
0.220064
0.221152
0.221184
0.221184
0.220992
0.221376
0.221056
0.220352
0.220192
0.220128
0.220736
0.221056
0.221024
0.220736
0.220608
0.220992
0.220672
0.221312
0.221376
0.221184
0.220992
0.221120
0.224672
0.235200
0.221184
0.221376
0.221088
0.221696
0.220992
0.221120
0.220896
0.220672
0.221088
0.221216
0.221184
0.221024
0.220416
0.220000
0.221216
0.220000
0.220800
0.221024
0.220768
0.220704
0.220384
0.220960
0.221184
0.221120
0.220768
0.221344
0.220320
0.220000
0.229984
0.221600
0.221120
0.220992
0.220768
0.220480
0.220160
0.219968
0.219968
0.220864
0.220896
0.220704
0.220640
0.220800
0.220864
0.220544
0.220256
0.220864
0.221184
0.220832
0.220928
0.220832
0.221088
0.220608
0.220672
0.220640
0.220640
0.221152
0.220800
0.220960
0.235520
0.220672
0.221344
0.220992
0.220608
0.221376
0.221056
0.221056
0.220672
0.221152
0.220832
0.221056
0.220992
0.221056
0.220832
0.221088
0.220384
0.220096
0.220544
0.220672
0.220064
0.220992
0.220768
0.221280
0.221120
0.221184
0.219968
0.221184
0.221184
0.221344
0.221024
0.221152
0.221088
0.220992
0.220896
0.221216
0.220736
0.219968
0.220064
0.220800
0.220192
0.220960
0.219968
0.220160
0.220992
0.221024
0.220832
0.221184
0.220320
0.220128
0.220000
0.221024
0.220160
0.220160
0.220992
0.220992
0.220096
0.220096
0.220768
0.221440
0.220224
0.221088
0.220832
0.220992
0.220544
0.221152
0.220864
0.221056
0.221184
0.220928
0.220736
0.236032
0.341760
0.221184
0.220992
0.221184
0.405184
0.345728
0.359296
0.221312
0.220128
0.220992
0.220512
0.221024
0.220544
0.220064
0.221248
0.221184
0.221120
0.221056
0.221184
0.221248
0.221184
0.221184
0.220864
0.220992
0.220704
0.220576
0.219904
0.221184
0.221184
0.221024
0.220864
0.220896
0.221120
0.220768
0.220864
0.221056
0.220448
0.220832
0.220128
0.221056
0.220896
0.221024
0.220960
0.220992
0.220768
0.220832
0.220864
0.220992
0.221184
0.221184
0.221152
0.221184
0.220928
0.220960
0.221792
0.221824
0.221120
0.220960
0.220640
0.220736
0.220320
0.221120
0.221152
0.221824
0.221056
0.221088
0.220672
0.220576
0.220768
0.221024
0.225376
0.221600
0.225184
0.469920
0.222176
0.223136
0.227744
0.220832
0.220576
0.220000
0.221024
0.220864
0.220640
0.221088
0.221184
0.221088
0.220800
0.220704
0.221152
0.220896
0.220384
0.221120
0.221184
0.221056
0.221184
0.221632
0.221184
0.220992
0.221056
0.220864
0.220288
0.220800
0.221184
0.220928
0.220832
0.220640
0.221120
0.220992
0.220224
0.221216
0.220256
0.221248
0.221184
0.223392
0.225280
0.223296
0.221184
0.220992
0.221184
0.221184
0.221184
0.220288
0.219808
0.230080
0.221248
0.220960
0.220992
0.221024
0.220896
0.221088
0.220832
0.220800
0.220672
0.220576
0.221184
0.220864
0.221024
0.221088
0.220704
0.220768
0.236224
0.221728
0.222240
0.220704
0.221088
0.220960
0.221056
0.220192
0.220512
0.220096
0.220192
0.221248
0.221056
0.221248
0.220544
0.221184
0.221152
0.221088
0.221120
0.221760
0.221184
0.221184
0.221152
0.221184
0.221376
0.220960
0.221184
0.221184
0.220896
0.220672
0.220736
0.220704
0.221184
0.220864
0.221024
0.221120
0.221248
0.221056
0.221184
0.221152
0.221152
0.221152
0.220768
0.221088
0.220704
0.221152
0.220064
0.220192
0.221088
0.220864
0.220512
0.221472
0.221184
0.220960
0.220864
0.221088
0.220800
0.221184
0.220320
0.221024
0.223776
0.227264
0.225408
0.225728
0.225088
0.223104
0.223136
0.225280
0.227232
0.225280
0.223136
0.223008
0.225280
0.251520
0.223424
0.229376
0.222048
0.237824
0.221248
0.221440
0.221088
0.220832
0.220800
0.221152
0.220864
0.221184
0.221152
0.220864
0.221184
0.221952
0.221376
0.221056
0.220928
0.220352
0.220256
0.220160
0.221120
0.221184
0.220800
0.221152
0.220864
0.221056
0.220768
0.221088
0.220640
0.221152
0.221088
0.221408
0.221216
0.221184
0.221120
0.221152
0.221184
0.221088
0.220960
0.221248
0.220832
0.221184
0.220960
0.221120
0.221120
0.221184
0.220832
0.220160
0.221184
0.221120
0.220192
0.220192
0.221056
0.220864
0.221056
0.221184
0.220864
0.220288
0.220864
0.221184
0.221152
0.221152
0.220832
0.221088
0.221024
0.221184
0.220992
0.220864
0.220832
0.220960
0.220768
0.222208
0.340736
0.220352
0.219968
0.220864
0.221024
0.220768
0.220768
0.220288
0.221088
0.221088
0.220864
0.221056
0.221184
0.220000
0.221120
0.220224
0.220768
0.220544
0.220384
0.219936
0.220544
0.221184
0.221184
0.406528
0.358400
0.222272
0.220800
0.221088
0.221152
0.221248
0.220928
0.221120
0.221376
0.222496
0.220608
0.220896
0.220608
0.220128
0.220864
0.220992
0.220864
0.220512
0.221184
0.235360
0.221184
0.221152
0.221152
0.220896
0.220896
0.220896
0.220832
0.221408
0.220640
0.220480
0.220128
0.220416
0.221088
0.220000
0.220896
0.220928
0.221184
0.221184
0.220992
0.220992
0.220768
0.220864
0.220896
0.220800
0.221056
0.221184
0.224064
0.225824
0.242144
0.222336
0.221376
0.466336
0.221792
0.232480
0.221504
0.221184
0.220800
0.220672
0.220416
0.220128
0.220416
0.220672
0.220864
0.220512
0.220928
0.221184
0.220864
0.220640
0.220992
0.220480
0.219840
0.221216
0.221152
0.221152
0.220800
0.220864
0.220800
0.221152
0.221344
0.221184
0.221184
0.221024
0.220096
0.220576
0.220064
0.220160
0.220800
0.221152
0.221184
0.221184
0.221184
0.220896
0.221152
0.220832
0.220672
0.221120
0.220800
0.220576
0.220768
0.221184
0.221024
0.221056
0.220992
0.221056
0.220128
0.221184
0.219904
0.220960
0.220960
0.220544
0.220672
0.220576
0.221184
0.220928
0.220000
0.221056
0.220960
0.219936
0.220128
0.220864
0.221152
0.221024
0.220896
0.225184
0.231424
0.221248
0.220384
0.220960
0.219552
0.221184
0.220992
0.220832
0.220960
0.220864
0.221024
0.220128
0.220832
0.220960
0.220736
0.220672
0.220896
0.220704
0.221536
0.220288
0.220192
0.220160
0.220512
0.219904
0.221184
0.220096
0.221056
0.220992
0.353888
0.221184
0.220768
0.220992
0.220128
0.399360
0.355424
0.534528
0.220992
0.220160
0.219904
0.220000
0.220288
0.219840
0.220832
0.221376
0.220736
0.220480
0.219840
0.220032
0.220640
0.221888
0.220416
0.220320
0.221120
0.221088
0.221184
0.221088
0.220160
0.220288
0.220160
0.220128
0.220608
0.220928
0.510016
0.231360
0.346592
0.223232
0.221056
0.219456
0.219264
0.219360
0.219200
0.219936
0.219520
0.219680
0.219200
0.220480
0.219840
0.221024
0.220192
0.219136
0.219872
0.219232
0.249536
0.221152
0.219360
0.219392
0.220160
0.219328
0.219136
0.220224
0.219232
0.219776
0.219136
0.220192
0.219232
0.219584
0.219200
0.219712
0.219200
0.219392
0.231040
0.219648
0.219392
0.220224
0.219392
0.219232
0.219296
0.219616
0.219712
0.219968
0.219168
0.219296
0.219552
0.220160
0.219456
0.219136
0.219488
0.432160
0.475488
0.220384
0.219328
0.219936
0.219136
0.220160
0.219360
0.218912
0.219104
0.219168
0.463840
0.221216
0.222336
0.223936
0.221024
0.220704
0.220512
0.219584
0.219968
0.219872
0.219776
0.220352
0.219584
0.219680
0.219136
0.220064
0.219104
0.219136
0.219648
0.219392
0.234528
0.220032
0.219232
0.217312
0.218080
0.217376
0.217440
0.218144
0.217248
0.217216
0.220544
0.259232
0.221184
0.226880
0.218880
0.218496
0.218656
0.232896
0.217280
0.217568
0.218240
0.217280
0.218368
0.217600
0.217120
0.218080
0.217280
0.217184
0.217312
0.217088
0.217376
0.217888
0.217760
0.217152
0.218048
0.217696
0.217920
0.218304
0.217504
0.217440
0.217184
0.217952
0.223552
0.219072
0.218176
0.217248
0.217312
0.221024
0.223904
0.223264
0.222944
0.223488
0.223040
0.222880
0.222784
0.223168
0.222976
0.231424
0.221568
0.222144
0.222240
0.224320
0.222752
0.221696
0.222272
0.223552
0.252992
0.223904
0.225504
0.228992
0.225280
0.224992
0.223488
0.222816
0.222912
0.238272
0.223072
0.223296
0.921824
0.236096
0.217696
0.217856
0.217152
0.218528
0.221280
0.239040
0.217696
0.217536
0.217568
0.217088
0.217312
0.217568
0.217120
0.217376
0.217888
0.217472
0.218624
0.217216
0.217152
0.217216
0.218400
0.217280
0.228512
0.218976
0.217824
0.217088
0.217184
0.217440
0.217408
0.217792
0.217568
0.217696
0.217120
0.217472
0.218560
0.217568
0.217472
0.218560
0.218176
0.217792
0.218304
0.218848
0.217344
0.217408
0.217504
0.217504
0.218496
0.219072
0.218144
0.231872
0.470048
0.219488
0.669216
0.219584
0.218944
0.217920
0.218272
0.217472
0.217024
0.217152
0.217824
0.219296
0.219136
0.218752
0.217248
0.217312
0.217440
0.217376
0.218528
0.217440
0.217440
0.217760
0.217824
0.217504
0.217408
0.217504
0.217152
0.217536
0.217184
0.218432
0.217536
0.217760
0.217312
0.218144
0.218208
0.217664
0.217536
0.217504
0.218080
0.217568
0.217408
0.217088
0.218400
0.218112
0.217216
0.215328
0.215328
0.216160
0.215584
0.216384
0.215136
0.215520
0.460384
0.219008
0.217632
0.217024
0.215200
0.216512
0.215040
0.216128
0.216448
0.215360
0.221024
0.216032
0.216928
0.337632
0.215872
0.230656
0.216640
0.233216
0.216672
0.216608
0.216448
0.216608
0.215328
0.215520
0.215296
0.216512
0.215136
0.216448
0.215040
0.215360
0.216096
0.215520
0.215040
0.215648
0.216160
0.215200
0.215808
0.215360
0.216480
0.225280
0.216672
0.215424
0.215424
0.215584
0.215136
0.216384
0.216192
0.215264
0.216064
0.215552
0.215424
0.216128
0.215072
0.216032
0.215680
0.216448
0.216032
0.228000
0.216896
0.215776
0.215360
0.216928
0.216768
0.219968
0.223584
0.216160
0.217504
0.217088
0.234368
0.245472
0.228192
0.219296
0.217120
0.215680
0.216000
0.217024
0.215744
0.215648
0.215328
0.215392
0.217216
0.219904
0.221184
0.420512
0.222656
0.673312
0.221440
0.220960
0.219552
0.220608
0.219296
0.220736
0.220480
0.223456
0.227296
0.222720
0.223200
0.229760
0.234432
0.245760
0.237568
0.223008
0.221888
0.222528
0.224640
0.225664
0.225248
0.224480
0.223680
0.224160
0.224640
0.223232
0.221312
0.220352
0.219552
0.219616
0.219584
0.219136
0.219680
0.219424
0.220416
0.219328
0.219680
0.220704
0.220448
0.219136
0.219264
0.219136
0.220224
0.219584
0.235424
0.220416
0.219104
0.219136
0.464768
0.221312
0.221184
0.220416
0.219488
0.229376
0.219392
0.220160
0.219552
0.219360
0.219264
0.219648
0.219328
0.219392
0.219040
0.219936
0.219488
0.219520
0.219296
0.219776
0.220640
0.220448
0.219424
0.220320
0.219776
0.219776
0.220448
0.220352
0.219360
0.219136
0.219968
0.219296
0.219424
0.219264
0.219456
0.219328
0.220320
0.219648
0.220192
0.219680
0.241952
0.220640
0.219136
0.219328
0.219328
0.219136
0.219168
0.219136
0.219776
0.219392
0.219296
0.220352
0.219264
0.219456
0.219392
0.219552
0.219232
0.219488
0.220288
0.219456
0.219712
0.220160
0.219296
0.219168
0.220160
0.219552
0.219488
0.219200
0.219616
0.219200
0.219200
0.219136
0.220096
0.219584
0.219616
0.219136
0.220288
0.219424
0.218976
0.219552
0.219552
0.219200
0.220352
0.219808
0.219904
0.219232
0.219104
0.219424
0.219232
0.219936
0.219136
0.219392
0.220032
0.219584
0.220416
0.339360
0.220800
0.220128
0.219392
0.219456
0.219264
0.220224
0.219136
0.219296
0.219616
0.219808
0.219136
0.220640
0.219840
0.405984
0.357056
0.221184
0.220128
0.220192
0.219456
0.219296
0.220000
0.219616
0.219424
0.219136
0.219168
0.219488
0.219040
0.220736
0.219136
0.219328
0.219200
0.219488
0.219328
0.219296
0.219392
0.219616
0.219360
0.220160
0.219072
0.219840
0.219168
0.219552
0.464608
0.221568
0.220672
0.219680
0.231008
0.220320
0.220416
0.219552
0.220512
0.219712
0.219648
0.220160
0.219008
0.220128
0.219392
0.219136
0.220128
0.219328
0.220000
0.219616
0.219584
0.219616
0.220064
0.220896
0.219232
0.220960
0.221952
0.219328
0.219648
0.219200
0.219648
0.219520
0.219392
0.219392
0.222816
0.235680
0.222464
0.219584
0.220288
0.219488
0.220256
0.220544
0.219648
0.219616
0.219232
0.222176
0.220192
0.219520
0.219776
0.220288
0.219456
0.219616
0.219136
0.219584
0.219936
0.220800
0.220000
0.219392
0.256256
0.219296
0.219264
0.219520
0.219264
0.219392
0.219360
0.220192
0.219456
0.219136
0.219136
0.219520
0.219328
0.219296
0.219136
0.219584
0.219296
0.226688
0.219456
0.219616
0.219584
0.219936
0.219424
0.219232
0.219968
0.219136
0.219168
0.219456
0.219136
0.219296
0.219680
0.220320
0.220576
0.219296
0.219584
0.220960
0.220960
0.219360
0.219488
0.219520
0.219456
0.219040
0.219264
0.219232
0.219424
0.219168
0.220000
0.219488
0.219520
0.219168
0.219648
0.219232
0.220224
0.220480
0.219264
0.220512
0.219424
0.219488
0.219136
0.219296
0.219488
0.219136
0.219392
0.219136
0.220224
0.219104
0.219392
0.219520
0.219136
0.220224
0.219456
0.219744
0.219456
0.219456
0.219136
0.219648
0.219136
0.220000
0.219296
0.219296
0.220000
0.219520
0.219200
0.219488
0.219136
0.219872
0.219264
0.219648
0.219584
0.220192
0.219232
0.219264
0.219552
0.219424
0.219552
0.219616
0.219328
0.219680
0.220576
0.221472
0.221600
0.221344
0.222080
0.221632
0.221600
0.221824
0.221440
0.223136
0.222016
0.223104
0.221344
0.222048
0.221472
0.222784
0.237696
0.233344
0.222208
0.233184
0.222912
0.222784
0.239200
0.238208
0.221568
0.225280
0.222144
0.221696
0.222336
0.221312
0.222144
0.221696
0.221248
0.222336
0.221696
0.221472
0.222240
0.221824
0.221504
0.221696
0.220992
0.221664
0.221568
0.221792
0.222080
0.222304
0.221568
0.221472
0.221472
0.222400
0.221280
0.221600
0.221472
0.221888
0.221344
0.222272
0.221216
0.222368
0.222240
0.221760
0.222272
0.221824
0.221728
0.221536
0.221536
0.221184
0.221664
0.221184
0.222560
0.221728
0.222304
0.221536
0.221248
0.221856
0.221184
0.221344
0.222048
0.221536
0.235488
0.222880
0.221312
0.222304
0.221408
0.221664
0.221344
0.221504
0.222176
0.222912
0.221216
0.221728
0.221184
0.222464
0.221632
0.344864
0.222688
0.227328
0.237888
0.221568
0.221536
0.221248
0.221664
0.222720
0.221376
0.222272
0.221632
0.223104
0.221440
0.221728
0.221344
0.222976
0.221248
0.222144
0.221408
0.222016
0.222752
0.221472
0.221504
0.221952
0.222368
0.221696
0.407552
0.347424
0.360224
0.223232
0.225120
0.225120
0.223232
0.222720
0.221280
0.222496
0.222272
0.221504
0.222240
0.221696
0.221440
0.222016
0.221568
0.221920
0.221536
0.222272
0.221664
0.221536
0.221504
0.222528
0.221280
0.221888
0.222016
0.221568
0.222688
0.222208
0.221632
0.221728
0.221184
0.221376
0.221760
0.221472
0.222240
0.221888
0.222240
0.221600
0.228448
0.221760
0.221920
0.223744
0.237248
0.222528
0.221664
0.221760
0.221344
0.221728
0.221792
0.221248
0.221472
0.221824
0.222272
0.221568
0.221184
0.221664
0.222272
0.221408
0.221504
0.221632
0.221696
0.221184
0.222368
0.221344
0.221568
0.222176
0.221408
0.221536
0.221440
0.221760
0.221184
0.472704
0.223424
0.223232
0.225280
0.222592
0.222688
0.221472
0.221184
0.221664
0.221408
0.223328
0.223968
0.222848
0.221760
0.221600
0.221728
0.221184
0.221984
0.221440
0.221664
0.221344
0.222016
0.221792
0.221280
0.221856
0.221184
0.222144
0.221248
0.222048
0.221344
0.221728
0.221920
0.221440
0.221184
0.222144
0.221472
0.222016
0.221408
0.222688
0.222560
0.222272
0.221792
0.222176
0.221728
0.222368
0.221568
0.222240
0.221248
0.221376
0.222240
0.221728
0.221824
0.222656
0.221184
0.221952
0.221440
0.222496
0.222336
0.221408
0.222496
0.221824
0.222368
0.221760
0.221216
0.221728
0.221984
0.221824
0.221696
0.221696
0.221312
0.221600
0.221600
0.221408
0.221280
0.221696
0.221824
0.221920
0.221504
0.221856
0.221600
0.221376
0.221280
0.221696
0.222208
0.221696
0.221344
0.221504
0.221216
0.221920
0.221600
0.221888
0.221408
0.221568
0.222528
0.221376
0.221280
0.222080
0.221600
0.222112
0.221536
0.222720
0.221216
0.222048
0.221568
0.221984
0.222432
0.221344
0.221984
0.221984
0.222496
0.222112
0.221696
0.250784
0.341888
0.222752
0.221440
0.221536
0.221696
0.221408
0.221120
0.221824
0.221696
0.222720
0.221184
0.222144
0.221440
0.228768
0.222048
0.221728
0.222592
0.221216
0.222112
0.221792
0.221760
0.221184
0.222016
0.221248
0.221344
0.221536
0.221184
0.222432
0.221344
0.221440
0.222080
0.221568
0.221888
0.222656
0.222208
0.221440
0.221184
0.221568
0.221664
0.221600
0.221280
0.221536
0.221216
0.222560
0.405376
0.347584
0.361472
0.222976
0.222272
0.221760
0.221696
0.222368
0.221568
0.222336
0.221440
0.221792
0.221536
0.221536
0.221440
0.221216
0.223936
0.227072
0.224832
0.223136
0.222592
0.221568
0.222752
0.221664
0.222336
0.221760
0.221344
0.221472
0.222208
0.221312
0.222848
0.222432
0.221664
0.221696
0.221184
0.222528
0.222624
0.222176
0.222304
0.221600
0.221408
0.221728
0.221376
0.221216
0.221280
0.221568
0.222464
0.221696
0.222560
0.222080
0.221280
0.468992
0.223744
0.223232
0.222720
0.221472
0.222240
0.222304
0.221472
0.221248
0.221504
0.221408
0.221792
0.221536
0.221408
0.221600
0.221216
0.221600
0.221984
0.221632
0.221472
0.221952
0.221600
0.221184
0.221856
0.221664
0.221856
0.222432
0.221536
0.221856
0.221920
0.221504
0.221984
0.222080
0.221408
0.222624
0.222432
0.222560
0.221376
0.221504
0.221568
0.220416
0.221184
0.220224
0.220352
0.220192
0.220896
0.220544
0.221120
0.220896
0.221408
0.220032
0.220160
0.221728
0.221184
0.220896
0.221184
0.220928
0.220896
0.221184
0.220864
0.220896
0.220544
0.221184
0.220032
0.220128
0.221024
0.221024
0.221248
0.220640
0.220960
0.220896
0.220704
0.221184
0.221184
0.221184
0.221280
0.221184
0.221088
0.220768
0.220928
0.221184
0.221088
0.221184
0.220800
0.226592
0.221408
0.221472
0.220480
0.221248
0.221056
0.220864
0.221152
0.220864
0.221056
0.220768
0.220640
0.220768
0.221088
0.220992
0.221088
0.221184
0.220864
0.220800
0.220992
0.220896
0.221024
0.221248
0.220960
0.220960
0.221056
0.220160
0.221120
0.221184
0.221120
0.221440
0.220736
0.220704
0.219904
0.223552
0.220160
0.221056
0.220928
0.220928
0.221184
0.221312
0.220128
0.221184
0.220960
0.220928
0.220960
0.221184
0.221152
0.220960
0.219840
0.220000
0.220800
0.220704
0.220480
0.220192
0.220576
0.220768
0.220832
0.221024
0.220480
0.222016
0.220864
0.220256
0.220160
0.221184
0.221184
0.221024
0.220640
0.221088
0.221056
0.220960
0.220832
0.221280
0.220736
0.220896
0.220928
0.220480
0.220768
0.220576
0.220768
0.221216
0.221856
0.221024
0.220544
0.220640
0.221184
0.220832
0.220928
0.220800
0.220960
0.220896
0.219712
0.220864
0.221152
0.220800
0.220960
0.220608
0.220672
0.221184
0.221056
0.220960
0.220832
0.220992
0.220128
0.220384
0.220224
0.220864
0.220800
0.229760
0.231168
0.348160
0.222240
0.220384
0.223552
0.235712
0.221056
0.220800
0.220800
0.219808
0.221120
0.221184
0.221184
0.221088
0.235520
0.221248
0.220064
0.226016
0.240160
0.235488
0.221312
0.220800
0.219776
0.221088
0.221184
0.220672
0.220864
0.221376
0.221184
0.221056
0.220032
0.220832
0.220768
0.221120
0.220832
0.227072
0.221504
0.220928
0.220736
0.220672
0.221184
0.221056
0.220832
0.220864
0.220832
0.221248
0.220064
0.220224
0.220160
0.219872
0.220224
0.220032
0.220704
0.220768
0.220832
0.220864
0.220928
0.220512
0.220064
0.407424
0.221184
0.358880
0.221984
0.221184
0.220960
0.220992
0.220288
0.231616
0.221120
0.221184
0.219968
0.220064
0.220160
0.220800
0.221248
0.220672
0.220672
0.219840
0.220064
0.220704
0.223136
0.221408
0.231392
0.235040
0.233984
0.221696
0.220544
0.221056
0.220768
0.221056
0.220672
0.220512
0.220672
0.220096
0.219744
0.220768
0.220480
0.220928
0.219968
0.220928
0.221280
0.220032
0.220384
0.219712
0.221152
0.221184
0.220992
0.221056
0.220000
0.220704
0.220832
0.221088
0.221120
0.221024
0.220992
0.220640
0.220928
0.221184
0.220896
0.221024
0.221088
0.222016
0.222144
0.221216
0.220768
0.220992
0.220768
0.220960
0.221184
0.220864
0.221024
0.220928
0.220576
0.219968
0.220960
0.220704
0.220000
0.221088
0.221248
0.220480
0.220960
0.220992
0.235680
0.238304
0.221568
0.223136
0.220960
0.221184
0.220928
0.220736
0.220288
0.220672
0.220896
0.220768
0.220544
0.221248
0.221248
0.220768
0.220320
0.219968
0.221056
0.220864
0.220800
0.220864
0.221088
0.220992
0.220832
0.221120
0.220320
0.221088
0.220000
0.220800
0.220704
0.220864
0.220896
0.220896
0.220512
0.221120
0.220896
0.220896
0.220736
0.220992
0.220800
0.220928
0.221088
0.220320
0.219712
0.220896
0.220800
0.220864
0.220640
0.221152
0.220448
0.220000
0.220544
0.227584
0.220576
0.220032
0.220928
0.220736
0.220576
0.220704
0.221056
0.221184
0.221152
0.221088
0.219584
0.221120
0.221184
0.221184
0.220480
0.221184
0.221056
0.221120
0.236384
0.221088
0.221344
0.219840
0.219936
0.222880
0.220608
0.220704
0.220608
0.220928
0.220864
0.220640
0.221216
0.221184
0.220224
0.220224
0.220032
0.221152
0.221152
0.221120
0.220736
0.220768
0.221024
0.221152
0.220640
0.220768
0.220608
0.220896
0.220896
0.221120
0.220928
0.220736
0.220896
0.221152
0.220992
0.220128
0.220352
0.221152
0.220832
0.220992
0.220608
0.220672
0.220768
0.220672
0.221152
0.220960
0.221024
0.235424
0.225568
0.223232
0.221920
0.221056
0.221440
0.221024
0.230912
0.220768
0.221312
0.221312
0.221184
0.220800
0.221280
0.221120
0.221184
0.220800
0.220672
0.222048
0.220896
0.220128
0.220352
0.221024
0.220704
0.220832
0.220000
0.220896
0.221280
0.340032
0.221760
0.220832
0.220160
0.221120
0.220096
0.220288
0.221248
0.221184
0.220896
0.221184
0.220128
0.220736
0.220416
0.220160
0.220320
0.220416
0.220224
0.220256
0.219936
0.220736
0.220352
0.220224
0.219968
0.243584
0.222240
0.219904
0.220192
0.221184
0.220800
0.221152
0.220832
0.220640
0.221056
0.221152
0.221152
0.220800
0.220000
0.221024
0.221024
0.220736
0.220896
0.221184
0.221120
0.220640
0.219680
0.220896
0.220832
0.220736
0.220800
0.220800
0.220736
0.220928
0.220864
0.220928
0.219840
0.220288
0.220736
0.221216
0.220800
0.220992
0.221056
0.220544
0.221088
0.220928
0.220512
0.220896
0.220896
0.221184
0.220928
0.220960
0.220896
0.220736
0.220992
0.231744
0.251104
0.407776
0.221344
0.358560
0.222432
0.221152
0.221088
0.220896
0.220608
0.221184
0.221024
0.221024
0.221088
0.220000
0.220160
0.220864
0.220736
0.221120
0.221024
0.220768
0.220736
0.220736
0.220992
0.221024
0.220160
0.220928
0.220480
0.221024
0.220160
0.219936
0.220768
0.220896
0.221216
0.221184
0.220864
0.220736
0.220992
0.220608
0.220608
0.220864
0.221056
0.221024
0.220608
0.221184
0.220832
0.220224
0.220992
0.221056
0.220512
0.221024
0.220448
0.220224
0.220768
0.220960
0.221184
0.221056
0.220096
0.221024
0.220768
0.220928
0.221120
0.220320
0.220896
0.220736
0.220576
0.220832
0.222592
0.220704
0.250336
0.242176
0.478752
0.234752
0.227808
0.223104
0.221248
0.220832
0.220992
0.220320
0.220768
0.220928
0.220992
0.220928
0.220896
0.220768
0.220640
0.220832
0.221152
0.220640
0.220000
0.220096
0.219968
0.220096
0.220032
0.221056
0.220576
0.221408
0.221184
0.221024
0.220800
0.220256
0.221024
0.220064
0.230752
0.221248
0.220864
0.221216
0.220864
0.220544
0.219968
0.220000
0.220800
0.220832
0.221152
0.220800
0.220576
0.220672
0.221184
0.220992
0.220800
0.220896
0.220736
0.220928
0.220384
0.219808
0.221856
0.222752
0.222976
0.222880
0.230144
0.221600
0.220864
0.221184
0.221056
0.220032
0.220128
0.220224
0.220096
0.221184
0.220704
0.237344
0.236864
0.228256
0.340896
0.221600
0.220064
0.220800
0.219776
0.220192
0.220160
0.220192
0.220736
0.221056
0.221120
0.220672
0.220800
0.220960
0.221120
0.221024
0.221056
0.221184
0.220928
0.404576
0.358400
0.222208
0.221184
0.220512
0.220032
0.221184
0.220928
0.220896
0.234528
0.235936
0.221248
0.220640
0.220160
0.220928
0.220768
0.220832
0.220576
0.219904
0.220832
0.221120
0.221184
0.221120
0.220000
0.220768
0.221024
0.221024
0.220896
0.221024
0.220992
0.220832
0.221088
0.220800
0.220096
0.220896
0.221120
0.220416
0.220000
0.220736
0.220800
0.220256
0.220032
0.220768
0.220832
0.220032
0.220896
0.476064
0.223424
0.233472
0.223232
0.221376
0.229408
0.221184
0.221952
0.221120
0.220544
0.220032
0.221120
0.220640
0.220576
0.220800
0.221248
0.220992
0.220704
0.220928
0.221056
0.220096
0.220000
0.220416
0.219968
0.220128
0.220128
0.220192
0.219616
0.220864
0.219808
0.220256
0.219872
0.221184
0.221184
0.221184
0.221056
0.221184
0.221088
0.220736
0.222240
0.221088
0.220160
0.221024
0.220960
0.221088
0.220160
0.220256
0.220256
0.220096
0.220640
0.220768
0.220512
0.219936
0.220032
0.220736
0.220032
0.220128
0.220160
0.220928
0.220896
0.220896
0.220448
0.221120
0.220864
0.220672
0.220864
0.221824
0.220096
0.220384
0.220288
0.220064
0.220800
0.220928
0.220928
0.220320
0.240832
0.222560
0.220000
0.219840
0.220864
0.221184
0.220960
0.220640
0.220640
0.221056
0.220576
0.221024
0.220864
0.221088
0.220000
0.221248
0.219904
0.220736
0.219808
0.220864
0.220768
0.221088
0.220672
0.220672
0.220256
0.220800
0.220576
0.220896
0.241440
0.221376
0.220672
0.220704
0.220512
0.220768
0.221184
0.221024
0.220928
0.220896
0.221088
0.221984
0.222208
0.220800
0.219968
0.220896
0.221088
0.221184
0.221120
0.220992
0.220224
0.220960
0.220800
0.220800
0.220704
0.221088
0.220672
0.220992
0.220800
0.220992
0.220576
0.220544
0.221184
0.221184
0.220928
0.220576
0.345920
0.223232
0.222656
0.221280
0.220768
0.220992
0.220672
0.235232
0.244832
0.222432
0.221152
0.221184
0.236736
0.222720
0.235552
0.222208
0.221472
0.221376
0.220800
0.221056
0.220928
0.221536
0.221056
0.220928
0.220704
0.220864
0.220896
0.221056
0.220800
0.221184
0.220928
0.220768
0.219968
0.220096
0.221472
0.221184
0.221088
0.223232
0.242080
0.223616
0.220416
0.220416
0.220128
0.221152
0.221088
0.221152
0.220864
0.221024
0.220416
0.221088
0.220928
0.220992
0.221184
0.221088
0.220096
0.221344
0.221184
0.221088
0.221024
0.220800
0.220800
0.221024
0.220736
0.220544
0.220896
0.221056
0.220992
0.221088
0.220416
0.220384
0.345984
0.222688
0.221920
0.221248
0.220672
0.219872
0.220224
0.221248
0.221184
0.221120
0.220608
0.222176
0.222976
0.221152
0.220864
0.221184
0.221024
0.220096
0.220736
0.220928
0.220800
0.220704
0.220640
0.219744
0.221056
0.220832
0.220832
0.220928
0.220480
0.221024
0.220800
0.220832
0.221120
0.221120
0.220800
0.221088
0.220896
0.220064
0.220032
0.221248
0.220032
0.221248
0.221024
0.221184
0.221184
0.220064
0.220192
0.401088
0.359680
0.222720
0.221088
0.220864
0.220672
0.221312
0.221152
0.221056
0.220704
0.220576
0.220992
0.221184
0.220768
0.220800
0.221152
0.221184
0.221184
0.221184
0.468736
0.222816
0.222048
0.221184
0.221280
0.221376
0.221152
0.220800
0.220736
0.221024
0.221184
0.220864
0.220928
0.221536
0.221184
0.221184
0.222272
0.222848
0.220224
0.220096
0.220096
0.220160
0.235904
0.222432
0.221024
0.220992
0.220960
0.220896
0.221088
0.220960
0.220928
0.221024
0.221184
0.221184
0.221376
0.221216
0.221056
0.221184
0.221248
0.221216
0.220928
0.221120
0.221120
0.221248
0.220704
0.220992
0.220704
0.221024
0.220928
0.220576
0.220480
0.220736
0.221184
0.221248
0.220256
0.220160
0.220800
0.220672
0.220832
0.220192
0.221184
0.221312
0.220288
0.220480
0.220736
0.220704
0.220992
0.220608
0.220544
0.221184
0.221312
0.220416
0.220480
0.221184
0.220960
0.220512
0.221120
0.221248
0.220768
0.220768
0.221056
0.221152
0.220480
0.220064
0.220992
0.221184
0.221024
0.221184
0.222720
0.220896
0.220416
0.220352
0.220288
0.220192
0.220032
0.220768
0.220960
0.220064
0.220224
0.220768
0.220384
0.220928
0.219840
0.221056
0.221120
0.221184
0.221024
0.220704
0.221536
0.219904
0.221152
0.221184
0.221152
0.220256
0.220128
0.220960
0.220576
0.221312
0.221056
0.220416
0.221120
0.221184
0.220832
0.220928
0.220064
0.220416
0.219968
0.220768
0.220864
0.221088
0.220768
0.220096
0.220096
0.221248
0.221056
0.220928
0.220736
0.220992
0.220960
0.220928
0.221184
0.221184
0.221152
0.233312
0.224448
0.223232
0.221184
0.221440
0.219968
0.221088
0.221184
0.221184
0.221184
0.221184
0.220416
0.220256
0.220128
0.220800
0.221344
0.221056
0.220608
0.220832
0.220704
0.222304
0.221248
0.222464
0.220928
0.220928
0.220832
0.220320
0.220096
0.220864
0.219776
0.221152
0.220832
0.221152
0.220576
0.220352
0.220224
0.220064
0.221152
0.221024
0.220864
0.220768
0.220384
0.220096
0.221056
0.219904
0.220928
0.220736
0.220800
0.221088
0.221056
0.220448
0.220288
0.220416
0.220064
0.221184
0.221184
0.221120
0.220992
0.221280
0.220832
0.221088
0.220544
0.220608
0.220160
0.220096
0.220032
0.220256
0.220576
0.221088
0.346016
0.223232
0.223232
0.221184
0.221056
0.220864
0.221056
0.220192
0.220896
0.220544
0.220960
0.221184
0.220960
0.220960
0.220832
0.221056
0.220352
0.221376
0.220800
0.221152
0.221024
0.220704
0.221408
0.341088
0.221184
0.221184
0.221056
0.219744
0.220768
0.220864
0.221120
0.221088
0.221088
0.220160
0.220896
0.220512
0.221024
0.221056
0.220896
0.220480
0.221184
0.221184
0.220992
0.220832
0.220704
0.221056
0.221024
0.221120
0.220704
0.220160
0.220000
0.220832
0.220256
0.220864
0.221216
0.220896
0.221184
0.221120
0.220896
0.220992
0.220672
0.220960
0.220800
0.220896
0.220064
0.221024
0.220000
0.220896
0.220096
0.345632
0.223232
0.222464
0.221120
0.363040
0.359808
0.222016
0.221184
0.221440
0.220416
0.221024
0.220832
0.221056
0.220608
0.221312
0.220576
0.220992
0.220192
0.221184
0.221088
0.220928
0.220736
0.221184
0.220448
0.221792
0.221920
0.226432
0.221952
0.221056
0.225600
0.221248
0.221184
0.221152
0.221184
0.220832
0.221152
0.221184
0.220960
0.221088
0.220736
0.220960
0.220672
0.220960
0.221088
0.221216
0.220000
0.220768
0.220800
0.221184
0.245600
0.221408
0.219968
0.221888
0.221120
0.220992
0.220480
0.220736
0.220672
0.221088
0.221056
0.220800
0.220992
0.221120
0.220800
0.220864
0.221152
0.221184
0.466944
0.223232
0.221760
0.221440
0.220032
0.220992
0.220224
0.220832
0.220832
0.220640
0.221280
0.220768
0.220992
0.221120
0.221184
0.220960
0.220864
0.221088
0.221056
0.220128
0.228224
0.221568
0.221152
0.220128
0.220928
0.220736
0.220416
0.221600
0.221440
0.221600
0.221120
0.220192
0.221120
0.221184
0.232608
0.221312
0.221024
0.221024
0.221088
0.223584
0.225888
0.235520
0.222048
0.220992
0.227264
0.221920
0.221120
0.221184
0.220832
0.221440
0.221024
0.220960
0.221184
0.221152
0.220736
0.221184
0.220896
0.221280
0.221184
0.221152
0.221184
0.220896
0.220960
0.220736
0.220896
0.221152
0.221184
0.221184
0.220960
0.221184
0.345824
0.223232
0.222912
0.221344
0.220800
0.221024
0.220160
0.220960
0.220064
0.220480
0.220192
0.221024
0.220864
0.220960
0.220800
0.220512
0.219776
0.221024
0.221152
0.221184
0.221056
0.221120
0.219936
2250.648414
