0.219104
0.219136
0.219136
0.218912
0.217888
0.218176
0.218688
0.217568
0.217824
0.218240
0.217376
0.217856
0.218272
0.217600
0.217248
0.218400
0.217120
0.218784
0.218336
0.218880
0.218624
0.218528
0.217760
0.217728
0.217248
0.218656
0.217568
0.217280
0.217600
0.217568
0.217696
0.218208
0.217184
0.217888
0.217152
0.217344
0.218144
0.217792
0.218528
0.217600
0.217120
0.217408
0.217600
0.218112
0.218048
0.217376
0.218496
0.217408
0.213344
0.212288
0.211008
0.211776
0.212256
0.212480
0.211360
0.212640
0.213184
0.212512
0.211264
0.212384
0.211648
0.211456
0.212192
0.211392
0.212512
0.212288
0.211360
0.211488
0.212032
0.211648
0.211776
0.212352
0.211488
0.237376
0.212992
0.212384
0.211296
0.396800
0.333280
0.213216
0.212768
0.212896
0.212832
0.556032
1.212352
0.213280
0.211168
0.212768
0.211744
0.434240
0.358112
0.222016
0.218144
0.556672
0.214368
0.212896
0.224288
0.212704
0.211360
0.212832
0.213600
0.212032
0.211616
0.212224
0.212736
0.466944
0.215136
0.228768
0.228352
0.213312
0.211936
0.212224
0.211616
0.212608
0.211424
0.212320
0.211072
0.211392
0.212288
0.212480
0.211488
0.212224
0.211072
0.212544
0.223456
0.213152
0.211808
0.212288
0.211424
0.212128
0.212832
0.213088
0.226016
0.216000
0.221952
0.211936
0.212608
0.211232
0.211360
0.212384
0.211040
0.212736
0.212128
0.212416
0.211264
0.212544
0.212384
0.212480
0.211136
0.223488
0.213312
0.212672
0.211616
0.212576
0.211104
0.211712
0.211648
0.212224
0.211680
0.211936
0.212384
0.211680
0.211872
0.212704
0.212640
0.212448
0.211424
0.212384
0.212704
0.211936
0.212064
0.211456
0.219136
0.211680
0.212864
0.211808
0.212544
0.215904
0.326368
0.212672
0.212128
0.211840
0.211904
0.211520
0.212704
0.212768
0.211616
0.212224
0.211520
0.212864
0.211776
0.212608
0.211488
0.211488
0.211488
0.212640
0.212128
0.211616
0.212416
0.212640
0.212224
0.211552
0.212224
0.212736
0.212800
0.211296
0.211872
0.211808
0.212096
0.211360
0.211744
0.211936
0.212544
0.214144
0.215680
0.216064
0.216192
0.215584
0.216032
0.215552
0.216640
0.216384
0.215232
0.216480
0.216416
0.215040
0.215168
0.215552
0.215264
0.215264
0.216416
0.215552
0.216192
0.231264
0.215904
0.215968
0.215712
0.215744
0.216672
0.217088
0.216096
0.216160
0.215424
0.216000
0.216576
0.215104
0.231392
0.215648
0.215808
0.216768
0.215712
0.215328
0.363456
0.227584
0.548928
0.217088
0.216672
0.215200
0.215200
0.216288
0.215360
0.216064
0.215552
0.216640
0.216192
0.215712
0.215520
0.215520
0.215712
0.216288
0.215232
0.215776
0.216192
0.215424
0.215392
0.216448
0.215296
0.216576
0.215232
0.216480
0.215232
0.215840
0.215392
0.215232
0.215328
0.215136
0.215424
0.216256
0.216768
0.215360
0.215360
0.215296
0.215360
0.215424
0.215552
0.215296
0.216608
0.215904
0.215104
0.216224
0.216736
0.217408
0.217600
0.217664
0.217664
0.217536
0.218016
0.217600
0.218624
0.217088
0.218368
0.217600
0.217152
0.217792
0.462336
0.219136
0.220608
0.217632
0.218432
0.217280
0.217184
0.217408
0.217504
0.218112
0.217728
0.218368
0.217088
0.217696
0.218016
0.218208
0.217120
0.218176
0.217280
0.218176
0.217216
0.217504
0.217984
0.217408
0.217088
0.217152
0.217216
0.217888
0.218784
0.217440
0.217312
0.218208
0.217088
0.218112
0.217408
0.217472
0.218208
0.217760
0.217984
0.218400
0.217120
0.218336
0.217440
0.217760
0.218560
0.217824
0.217600
0.217312
0.217184
0.217472
0.217760
0.218816
0.217568
0.217888
0.217184
0.217248
0.217408
0.217440
0.217536
0.217472
0.218560
0.218432
0.217408
0.229568
0.218912
0.218208
0.217952
0.218112
0.218944
0.233504
0.220064
0.226848
0.223872
0.220288
0.224032
0.223232
0.223232
0.224864
0.233664
0.224768
0.223680
0.224480
0.224192
0.223264
0.341568
0.224448
0.224032
0.224672
0.223520
0.224832
0.224576
0.224544
0.223840
0.224768
0.233504
0.225536
0.225696
0.235680
0.226592
0.406272
0.456448
0.360704
0.221408
0.221472
0.223232
0.223296
0.221088
0.219776
0.227040
0.220704
0.219392
0.219776
0.219904
0.219680
0.219264
0.219456
0.219968
0.219456
0.219424
0.219392
0.219360
0.219648
0.219488
0.219296
0.219680
0.220192
0.219648
0.219616
0.220544
0.223456
0.223232
0.220960
0.220160
0.220672
0.219264
0.220000
0.220096
0.471264
0.221184
0.221184
0.219552
0.219296
0.220064
0.219360
0.219424
0.220608
0.220608
0.219488
0.219456
0.219488
0.219616
0.219136
0.219936
0.221184
0.221408
0.219488
0.219744
0.219136
0.220320
0.219424
0.219424
0.219776
0.220320
0.219648
0.219968
0.220064
0.220576
0.219136
0.219552
0.399360
0.501824
0.221184
0.220416
0.219296
0.219904
0.219744
0.218944
0.222752
0.222496
0.219584
0.219584
0.337600
0.220800
0.220160
0.219200
0.220256
0.219392
0.219264
0.219520
0.220192
0.219360
0.219488
0.220416
0.219136
0.220864
0.220960
0.220096
0.219424
0.219680
0.219328
0.219712
0.220128
0.219488
0.220512
0.221184
0.473088
0.222976
0.221472
0.220992
0.219552
0.220192
0.220448
0.219584
0.243712
0.220800
0.219328
0.219648
0.220448
0.219136
0.234752
0.220224
0.219648
0.219744
0.219136
0.219232
0.219424
0.219712
0.219200
0.220352
0.219840
0.219488
0.219936
0.219296
0.219456
0.219360
0.219552
0.219328
0.220000
0.219488
0.219648
0.219456
0.219264
0.219520
0.220160
0.219584
0.220992
0.221248
0.220896
0.219264
0.220064
0.219616
0.220288
0.220288
0.219392
0.220320
0.219392
0.219296
0.219616
0.219136
0.220224
0.220160
0.219840
0.220000
0.219424
0.220032
0.221056
0.220320
0.219424
0.220288
0.220160
0.219552
0.219200
0.219136
0.219488
0.219584
0.219136
0.219392
0.220320
0.219712
0.219360
0.219424
0.219360
0.219584
0.220608
0.219168
0.220064
0.220480
0.219552
0.220224
0.219680
0.220288
0.219200
0.220224
0.219520
0.220064
0.219136
0.219296
0.219808
0.220352
0.220192
0.234624
0.242752
0.245504
0.222368
0.219808
0.240672
0.221952
0.241664
0.220352
0.220672
0.219552
0.219584
0.218976
0.219968
0.219552
0.219264
0.219456
0.219936
0.220480
0.219296
0.219200
0.220224
0.219584
0.219232
0.219200
0.219392
0.219264
0.219648
0.219136
0.219424
0.219456
0.219296
0.219296
0.220480
0.219584
0.219520
0.219680
0.219552
0.219200
0.220384
0.219360
0.219584
0.219392
0.219712
0.219520
0.219616
0.219136
0.220000
0.219104
0.219424
0.220128
0.226464
0.219520
0.219648
0.219552
0.220224
0.219456
0.220384
0.219456
0.219392
0.219136
0.219168
0.219616
0.219872
0.219584
0.219136
0.220000
0.226208
0.338592
0.219296
0.220384
0.220128
0.219424
0.219744
0.219456
0.219136
0.219392
0.219808
0.219104
0.219328
0.219136
0.220160
0.219488
0.219520
0.219104
0.220224
0.219360
0.220320
0.220704
0.219360
0.220416
0.219200
0.219456
0.219584
0.219424
0.219136
0.220032
0.219552
0.219456
0.403328
0.343904
0.502400
0.221024
0.219488
0.219552
0.220064
0.219424
0.219328
0.219232
0.219360
0.219808
0.219264
0.219360
0.219200
0.219552
0.467904
0.221184
0.221184
0.220000
0.229696
0.219872
0.220160
0.219520
0.219552
0.219136
0.220224
0.219616
0.219520
0.219136
0.220192
0.219616
0.219616
0.219296
0.219136
0.220096
0.219616
0.227904
0.220576
0.219744
0.219232
0.219904
0.219328
0.219136
0.219296
0.219136
0.220288
0.219232
0.219296
0.219136
0.219840
0.219168
0.219264
0.219616
0.220544
0.219520
0.220448
0.219488
0.219200
0.219168
0.219296
0.218976
0.220480
0.219488
0.219488
0.219136
0.219328
0.220512
0.219424
0.219232
0.219392
0.220448
0.219520
0.220256
0.220352
0.219456
0.220224
0.219712
0.219424
0.219136
0.220064
0.219424
0.219936
0.219488
0.219392
0.219200
0.219200
0.219168
0.219936
0.219136
0.219168
0.219936
0.219616
0.233792
0.221024
0.220576
0.219840
0.221632
0.228960
0.226880
0.221344
0.220704
0.220480
0.219520
0.219392
0.220032
0.219584
0.219296
0.220480
0.219872
0.220032
0.219712
0.219392
0.220640
0.220224
0.219168
0.217312
0.217376
0.217408
0.217440
0.217344
0.217472
0.217472
0.217632
0.217088
0.217280
0.218688
0.217536
0.217728
0.218176
0.233312
0.233024
0.219136
0.239456
0.218112
0.218208
0.217536
0.217600
0.217792
0.218688
0.218720
0.217312
0.218304
0.218880
0.241440
0.225248
0.251648
0.245952
0.225152
0.222368
0.222016
0.375360
0.220096
0.217504
0.218112
0.218912
0.218336
0.217536
0.217984
0.218976
0.219072
0.414272
0.347744
0.499200
0.221184
0.223232
0.918944
0.220928
0.217536
0.217760
0.217504
0.217728
0.218080
0.218272
0.217568
0.217248
0.220704
0.217216
0.235328
0.218720
0.218432
0.218240
0.217760
0.217536
0.217824
0.217728
0.218336
0.217408
0.218720
0.219104
0.218208
0.217600
0.217504
0.217600
0.218080
0.217408
0.217472
0.217696
0.217920
0.218176
0.217344
0.217024
0.217152
0.217536
0.217280
0.217344
0.229376
0.219104
0.218304
0.217088
0.217280
0.217248
0.218464
0.217088
0.218080
0.217472
0.217600
0.217216
0.218048
0.217536
0.463520
0.220384
0.219168
0.218048
0.408512
0.508384
0.219552
0.218240
0.218304
0.217408
0.218304
0.230176
0.234848
0.217472
0.217920
0.217344
0.217600
0.218816
0.218784
0.217344
0.218048
0.217792
0.217312
0.218464
0.217088
0.217472
0.218208
0.227808
0.340960
0.219136
0.219136
0.218144
0.217504
0.217472
0.227648
0.217984
0.218208
0.217280
0.217792
0.218880
0.217664
0.217440
0.217280
0.218496
0.217152
0.217344
0.217440
0.217280
0.218208
0.217536
0.218400
0.217568
0.217632
0.217856
0.218016
0.218592
0.217152
0.218240
0.217600
0.217248
0.218208
0.217120
0.218144
0.217696
0.468480
0.219488
0.219136
0.229216
0.218592
0.218240
0.217600
0.218400
0.217504
0.217632
0.217376
0.218176
0.218144
0.217376
0.217216
0.217888
0.217376
0.217792
0.217184
0.218112
0.217568
0.217056
0.218144
0.217856
0.218208
0.218848
0.392736
0.341536
0.667648
0.218464
0.217728
0.217472
0.217472
0.217248
0.217440
0.217312
0.217824
0.217760
0.217696
0.217984
0.217536
0.217088
0.217376
0.217824
0.220448
0.216992
0.217440
0.217760
0.218144
0.217568
0.217312
0.217408
0.217312
0.217344
0.217088
0.217472
0.217536
0.217344
0.218208
0.218304
0.217472
0.217408
0.217696
0.217344
0.217376
0.218304
0.217088
0.218336
0.217728
0.466560
0.219136
0.219968
0.217984
0.218880
0.217504
0.217344
0.218048
0.217376
0.217216
0.218016
0.217184
0.217856
0.217440
0.217568
0.217088
0.217408
0.217408
0.217824
0.218528
0.223616
0.225344
0.217472
0.218112
0.220896
0.229504
0.219968
0.218496
0.217248
0.218464
0.217312
0.217216
0.216896
0.218656
0.218880
0.231264
0.218720
0.229376
0.218048
0.217792
0.218112
0.217440
0.226400
0.217696
0.218144
0.217600
0.217696
0.217184
0.218240
0.217088
0.217728
0.217408
0.217280
0.218592
0.218176
0.217504
0.218016
0.218208
0.217472
0.227392
0.218560
0.217440
0.217664
0.217920
0.217312
0.217184
0.217568
0.217472
0.217792
0.217088
0.218144
0.218080
0.217376
0.218336
0.217696
0.217568
0.218080
0.217472
0.217248
0.217216
0.218880
0.219200
0.217600
0.217504
0.217280
0.217920
0.217472
0.217536
0.217408
0.217696
0.219776
0.221696
0.220288
0.220416
0.219200
0.219232
0.219232
0.220192
0.219360
0.219520
0.219840
0.220352
0.219264
0.219808
0.219232
0.219744
0.219264
0.219072
0.220000
0.219552
0.220384
0.219328
0.225440
0.338528
0.219520
0.219648
0.219456
0.219456
0.398368
0.343424
0.539008
0.219552
0.219168
0.219776
0.219424
0.219776
0.219264
0.220128
0.219168
0.220352
0.219136
0.219776
0.219392
0.219360
0.219520
0.220096
0.219488
0.220320
0.219296
0.468320
0.222976
0.220704
0.219584
0.219264
0.219136
0.220032
0.219328
0.220000
0.219232
0.219648
0.219136
0.219296
0.219168
0.219264
0.219328
0.219552
0.219232
0.231520
0.220704
0.219392
0.219360
0.220448
0.219424
0.226944
0.234816
0.220960
0.219584
0.219968
0.229024
0.220544
0.220288
0.219552
0.219424
0.219648
0.219584
0.219488
0.219392
0.219136
0.219616
0.220192
0.219360
0.220064
0.220192
0.219616
0.219136
0.218848
0.219264
0.219552
0.218848
0.219488
0.220320
0.219840
0.220768
0.219232
0.220352
0.220352
0.219584
0.220096
0.219872
0.220000
0.219360
0.219328
0.220064
0.219296
0.219808
0.219232
0.220320
0.219328
0.219968
0.220256
0.219744
0.219584
0.220576
0.219552
0.219936
0.219328
0.219968
0.219712
0.219328
0.219712
0.219232
0.219456
0.220096
0.219360
0.219328
0.219200
0.220256
0.219232
0.220288
0.220576
0.219456
0.219616
0.221728
0.222912
0.219136
0.220224
0.219424
0.221184
0.219456
0.219136
0.220128
0.219168
0.219584
0.219136
0.219136
0.219904
0.220224
0.219712
0.220256
0.219104
0.219200
0.219296
0.219136
0.219968
0.223488
0.221312
0.220672
0.219424
0.219136
0.219136
0.220416
0.219328
0.220160
0.219360
0.219584
0.220256
0.219168
0.219360
0.219136
0.220160
0.233824
0.256000
0.221792
0.231424
0.233120
0.224640
0.220608
0.220416
0.219552
0.219456
0.219264
0.219392
0.220704
0.219264
0.219424
0.220672
0.219296
0.220064
0.219136
0.219328
0.219328
0.219296
0.219136
0.219136
0.219328
0.218848
0.218848
0.220064
0.219648
0.220384
0.220800
0.220256
0.220192
0.219520
0.219040
0.219840
0.220224
0.219584
0.219232
0.219968
0.219808
0.219552
0.222912
0.221504
0.234720
0.220352
0.219488
0.219872
0.220160
0.219840
0.219392
0.219264
0.219296
0.219264
0.220736
0.231488
0.220928
0.219520
0.219296
0.219136
0.218912
0.219424
0.219808
0.219488
0.219136
0.220064
0.220192
0.219424
0.219200
0.219936
0.220192
0.219424
0.220096
0.219648
0.219648
0.220160
0.218912
0.219328
0.220576
0.220160
0.219232
0.219136
0.219584
0.220768
0.221184
0.222208
0.221408
0.221888
0.221408
0.221408
0.221312
0.221920
0.221312
0.222272
0.221696
0.221920
0.222560
0.221216
0.222720
0.221440
0.231104
0.221600
0.222080
0.222400
0.221664
0.221760
0.222272
0.221856
0.221344
0.221184
0.222112
0.221536
0.221536
0.222496
0.221184
0.222240
0.221568
0.222112
0.222496
0.221632
0.221376
0.222304
0.221536
0.221184
0.221824
0.221280
0.221344
0.222336
0.221280
0.221344
0.221184
0.235136
0.341856
0.222016
0.221536
0.222496
0.221472
0.221664
0.222336
0.221280
0.222208
0.221600
0.221280
0.222336
0.221760
0.222816
0.221344
0.221408
0.221600
0.221888
0.221184
0.221728
0.222144
0.221440
0.221472
0.409024
0.360160
0.222432
0.222208
0.222816
0.222272
0.221440
0.222016
0.221312
0.221760
0.222080
0.221312
0.221536
0.222240
0.221504
0.222080
0.221472
0.221600
0.221216
0.221952
0.222496
0.221632
0.222048
0.221600
0.221312
0.222240
0.222784
0.221536
0.222016
0.231104
0.237696
0.221696
0.228352
0.222144
0.223072
0.224096
0.222944
0.221792
0.221248
0.222240
0.221632
0.221408
0.221312
0.221344
0.221824
0.221440
0.222048
0.221696
0.222720
0.221440
0.221632
0.222432
0.221632
0.221408
0.221376
0.221472
0.222848
0.222432
0.221504
0.222464
0.222944
0.222432
0.221888
0.222304
0.222336
0.221792
0.221536
0.227040
0.471008
0.223712
0.223232
0.222944
0.221344
0.221216
0.222400
0.221440
0.221952
0.221664
0.222144
0.221504
0.221472
0.221920
0.222304
0.221248
0.221568
0.221472
0.221504
0.223936
0.259008
0.225088
0.236512
0.241952
0.223040
0.222400
0.222656
0.221120
0.221184
0.222144
0.221760
0.237568
0.222560
0.221600
0.221440
0.221376
0.222432
0.221440
0.233376
0.222464
0.221632
0.222208
0.221536
0.221184
0.222560
0.221184
0.222240
0.221728
0.221824
0.222112
0.222528
0.221280
0.221920
0.221600
0.221632
0.221248
0.221472
0.222400
0.221248
0.222144
0.221472
0.221856
0.221216
0.222400
0.221280
0.242336
0.222016
0.221408
0.221248
0.221440
0.222016
0.221472
0.222112
0.222528
0.221344
0.221728
0.221248
0.222112
0.222240
0.221216
0.221280
0.222176
0.221568
0.222464
0.223008
0.221664
0.221696
0.221504
0.221376
0.221472
0.221472
0.221184
0.222176
0.222016
0.221760
0.222368
0.221408
0.222336
0.221504
0.221600
0.221216
0.222304
0.221632
0.221888
0.222208
0.221920
0.222848
0.221440
0.231008
0.221376
0.235392
0.222848
0.222784
0.221440
0.235904
0.221344
0.221344
0.222208
0.221696
0.221824
0.221696
0.221632
0.221568
0.221568
0.235488
0.341664
0.221952
0.222176
0.221568
0.221312
0.221920
0.221280
0.221824
0.222560
0.221312
0.235040
0.222848
0.221504
0.222464
0.221216
0.222336
0.221248
0.222400
0.221472
0.222752
0.222336
0.222016
0.222144
0.221504
0.221600
0.221568
0.221568
0.221184
0.222848
0.222048
0.222208
0.221280
0.222240
0.221920
0.221568
0.221472
0.222144
0.221632
0.403360
0.360448
0.223648
0.221344
0.221568
0.222592
0.221408
0.229792
0.244416
0.227328
0.237760
0.222144
0.222880
0.233472
0.222176
0.222624
0.221184
0.221184
0.222464
0.221696
0.222112
0.222944
0.221600
0.221504
0.221312
0.221408
0.221184
0.228128
0.221984
0.221568
0.221312
0.222080
0.221312
0.222304
0.221696
0.221376
0.222176
0.221664
0.221792
0.222272
0.221312
0.468448
0.223328
0.221856
0.219392
0.220000
0.219808
0.219168
0.219328
0.219200
0.219136
0.219776
0.219680
0.219168
0.220192
0.219392
0.220480
0.219200
0.220032
0.219392
0.219424
0.219744
0.219136
0.219296
0.219232
0.219936
0.219488
0.219168
0.219296
0.220736
0.220256
0.219456
0.219904
0.219232
0.219456
0.219520
0.219968
0.220832
0.219424
0.219424
0.219424
0.219488
0.219136
0.218240
0.220000
0.220320
0.237088
0.220416
0.219424
0.219616
0.220672
0.220224
0.219168
0.219136
0.219328
0.219136
0.219232
0.219776
0.219616
0.219232
0.220832
0.225632
0.260096
0.220576
0.219136
0.220192
0.219488
0.219872
0.219136
0.220576
0.219552
0.219744
0.219168
0.219296
0.221472
0.219584
0.219552
0.219520
0.219648
0.219392
0.219328
0.219136
0.219840
0.219072
0.219328
0.219680
0.219264
0.220608
0.219936
0.219488
0.219200
0.219552
0.219936
0.219392
0.219136
0.219392
0.219136
0.220608
0.219328
0.220096
0.219232
0.220384
0.219424
0.219136
0.219104
0.220480
0.219424
0.219520
0.219488
0.220224
0.219680
0.219424
0.219296
0.220224
0.219616
0.219328
0.219392
0.219584
0.219456
0.219136
0.219168
0.219008
0.220512
0.219264
0.219168
0.219616
0.219776
0.219424
0.219552
0.219136
0.220224
0.220224
0.219616
0.219360
0.219648
0.220704
0.220832
0.219136
0.220320
0.219424
0.219808
0.219424
0.219584
0.220000
0.219264
0.219136
0.220096
0.219680
0.219584
0.219264
0.219328
0.219392
0.219264
0.219552
0.219200
0.219168
0.219328
0.220480
0.219264
0.220224
0.220224
0.219296
0.219136
0.220288
0.219488
0.219776
0.220352
0.219424
0.219136
0.219456
0.219360
0.219712
0.219136
0.219520
0.220096
0.219232
0.219136
0.219520
0.219168
0.219392
0.219584
0.219200
0.221248
0.221184
0.222336
0.221408
0.221504
0.221312
0.221536
0.221408
0.221696
0.222272
0.225088
0.222400
0.221952
0.243136
0.221472
0.222400
0.221280
0.222688
0.221184
0.222208
0.221408
0.221696
0.221536
0.221760
0.221280
0.221344
0.221376
0.221344
0.349184
0.223040
0.222176
0.221568
0.221344
0.221824
0.224960
0.259392
0.223232
0.222272
0.240032
0.223232
0.222752
0.221376
0.221280
0.222784
0.222624
0.221536
0.222624
0.222880
0.222240
0.221568
0.221184
0.221376
0.222176
0.221280
0.222464
0.222880
0.221664
0.225248
0.222336
0.222656
0.221760
0.221728
0.221184
0.231328
0.222016
0.222496
0.221248
0.222464
0.221408
0.221536
0.221504
0.221952
0.221696
0.222432
0.221568
0.221600
0.221280
0.221536
0.222048
0.221568
0.222432
0.405888
0.348032
0.361216
0.223552
0.221312
0.222368
0.222496
0.221760
0.221568
0.221760
0.221696
0.222016
0.221664
0.222592
0.222304
0.221760
0.222368
0.222272
0.221376
0.221376
0.469920
0.224064
0.223232
0.221184
0.221344
0.221344
0.221280
0.221344
0.222432
0.221536
0.221984
0.222752
0.222272
0.221632
0.222016
0.222496
0.221280
0.222144
0.222560
0.221664
0.221984
0.221184
0.221696
0.221280
0.221536
0.221376
0.221664
0.221408
0.221792
0.222336
0.221536
0.221920
0.221632
0.221824
0.221280
0.221568
0.221952
0.221184
0.222336
0.221184
0.221472
0.222240
0.221728
0.222688
0.221760
0.221920
0.221824
0.222528
0.222368
0.221536
0.221600
0.221408
0.222016
0.222624
0.222528
0.221984
0.222112
0.221888
0.221536
0.221888
0.233600
0.221408
0.222112
0.249664
0.222816
0.222400
0.222656
0.221856
0.221504
0.221184
0.221984
0.221440
0.221440
0.221440
0.222400
0.222272
0.221504
0.221184
0.221472
0.221632
0.221440
0.221248
0.221888
0.222336
0.221504
0.221568
0.221792
0.222304
0.221344
0.222560
0.221696
0.221344
0.222144
0.221440
0.221440
0.221344
0.222304
0.222944
0.223232
0.222304
0.221760
0.222112
0.221536
0.222592
0.222304
0.221216
0.221344
0.222304
0.221760
0.222304
0.221440
0.222240
0.222208
0.221504
0.221376
0.222784
0.222848
0.221184
0.222400
0.221600
0.222336
0.222336
0.221376
0.222112
0.221440
0.221472
0.221568
0.222080
0.221472
0.221728
0.221536
0.221728
0.221312
0.221408
0.222528
0.221568
0.222080
0.221248
0.221536
0.222656
0.221440
0.222816
0.222784
0.221536
0.235136
0.222816
0.222656
0.221344
0.222432
0.221280
0.221728
0.221472
0.221568
0.222208
0.225216
0.222464
0.221472
0.221440
0.221664
0.222112
0.221632
0.222400
0.221632
0.221504
0.221600
0.221536
0.221792
0.221632
0.221248
0.228512
0.222912
0.221408
0.222624
0.221696
0.221824
0.250592
0.223904
0.222784
0.222720
0.221472
0.222400
0.221984
0.222208
0.221632
0.222240
0.221984
0.222048
0.222816
0.222560
0.221152
0.221952
0.222528
0.221696
0.222304
0.222656
0.221728
0.223584
0.229536
0.222496
0.221792
0.221312
0.221472
0.222816
0.222336
0.221344
0.221472
0.222240
0.221504
0.221344
0.222304
0.221696
0.342112
0.223072
0.222144
0.221856
0.221760
0.221600
0.221728
0.221856
0.222624
0.221472
0.222112
0.221440
0.221568
0.222240
0.221536
0.222720
0.221536
0.221408
0.221376
0.221376
0.222208
0.221632
0.221568
0.221376
0.222560
0.222944
0.222496
0.221472
0.222176
0.221632
0.221952
0.222496
0.221568
0.221408
0.221184
0.220128
0.219488
0.220320
0.219616
0.220448
0.219392
0.220064
0.220160
0.219552
0.220096
0.219552
0.219424
0.220480
0.219616
0.220128
0.219456
0.219776
0.220288
0.219168
0.219392
0.219840
0.219424
0.219840
0.219488
0.219424
0.219168
0.219712
0.219328
0.220160
0.219392
0.219232
0.220768
0.220800
0.220576
0.219360
0.219616
0.219776
0.219680
0.402688
0.230656
0.220192
0.361184
0.349632
0.385024
0.539104
0.220064
0.219712
0.219360
0.219200
0.219136
0.219744
0.220288
0.233344
0.219552
0.220288
0.219616
0.220320
0.219424
0.219424
0.219136
0.220288
0.219136
0.220064
0.220096
0.219488
0.219136
0.220032
0.219840
0.220224
0.219392
0.219136
0.219040
0.219232
0.220576
0.219488
0.219360
0.220736
0.219328
0.220064
0.219616
0.219456
0.219328
0.219200
0.219552
0.219872
0.217536
0.217920
0.218144
0.218048
0.217120
0.218464
0.218784
0.218752
0.218112
0.217472
0.217536
0.217408
0.217472
0.217632
0.217280
0.218272
0.218624
0.217152
0.468608
0.236576
0.224832
0.220864
0.219136
0.219072
0.217472
0.217312
0.217472
0.217184
0.218592
0.218528
0.217312
0.217632
0.217536
0.217376
0.217760
0.217376
0.217792
0.217184
0.217344
0.218272
0.217536
0.217856
0.217856
0.217536
0.217600
0.225280
0.219136
0.218688
0.217216
0.218528
0.217504
0.217216
0.218144
0.217376
0.218144
0.218720
0.217248
0.217280
0.217408
0.217984
0.217824
0.217472
0.217824
0.218624
0.217408
0.217568
0.217152
0.217440
0.217920
0.217568
0.217536
0.217344
0.217184
0.218336
0.217088
0.218016
0.218272
0.217312
0.217408
0.218336
0.218496
0.217280
0.217920
0.217280
0.224832
0.232928
0.225280
0.219136
0.218112
0.227392
0.217600
0.217248
0.218496
0.218656
0.218240
0.233760
0.347424
0.219136
0.217504
0.218208
0.217472
0.217440
0.218400
0.217216
0.218176
0.217600
0.217088
0.217344
0.217504
0.218112
0.217952
0.219136
0.218112
0.217408
0.397312
0.341504
0.405888
0.221184
0.219744
0.217504
0.218496
0.217152
0.218080
0.217472
0.217792
0.237024
0.219040
0.218720
0.218336
0.217344
0.217216
0.217536
0.218560
0.218304
0.217664
0.218560
0.218016
0.217504
0.217312
0.218112
0.218432
0.217504
0.218624
0.218208
0.218560
0.217184
0.217696
0.217728
0.218272
0.218944
0.218144
0.217568
0.229056
0.217920
0.218144
0.217376
0.217280
0.465024
0.219168
0.219136
0.223232
0.219360
0.217792
0.218112
0.217312
0.217120
0.218528
0.217344
0.218336
0.217088
0.217344
0.217856
0.218240
0.217696
0.217440
0.217504
0.218080
0.217824
0.217792
0.349696
0.218592
0.217376
0.217312
0.218176
0.217248
0.218112
0.217344
0.217600
0.217728
0.217536
0.217696
0.218528
0.217408
0.217760
0.217120
0.229824
0.218880
0.218208
0.391808
0.425984
0.219136
0.218528
0.217088
0.218144
0.217408
0.217536
0.217248
0.217120
0.217440
0.216864
0.217472
0.217920
0.218176
0.217280
0.218688
0.217184
0.218624
0.218208
0.217088
0.218240
0.217536
0.217568
0.464896
0.220576
0.219392
0.218432
0.217344
0.218560
0.217440
0.217632
0.218080
0.217664
0.218176
0.217696
0.217472
0.217888
0.217216
0.217440
0.217184
0.218496
0.217216
0.217984
0.217536
0.217792
0.218144
0.217792
0.218240
0.218464
0.217248
0.218016
0.217344
0.217728
0.218176
0.217440
0.217280
0.217312
0.217632
0.217280
0.218016
0.218240
0.217568
0.217536
0.217760
0.218272
0.218176
0.217600
0.218272
0.217696
0.217376
0.218048
0.217440
0.218336
0.218304
0.217440
0.218304
0.217216
0.217280
0.218368
0.217280
0.218304
0.217248
0.217696
0.217920
0.217472
0.218240
0.217312
0.217792
0.219104
0.217600
0.217152
0.217888
0.221344
0.229984
0.217792
0.226176
0.221472
0.217440
0.217920
0.219808
0.217888
0.218656
0.218368
0.217792
0.218240
0.217696
0.218368
0.218432
0.217312
0.218272
0.217504
0.218208
0.219136
0.232608
0.217664
0.217312
0.224096
0.217760
0.217888
0.218304
0.217536
0.217408
0.218336
0.217248
0.217792
0.217472
0.236608
0.233888
0.243360
0.218720
0.217408
0.218176
0.217376
0.217856
0.217536
0.217824
0.218432
0.218560
0.217376
0.216992
0.217280
0.218560
0.217728
0.218816
0.218208
0.217760
0.217728
0.217152
0.220160
0.219552
0.219616
0.220512
0.219136
0.220352
0.220768
0.219616
0.219200
0.220384
0.219136
0.219520
0.220256
0.219552
0.220832
0.220000
0.220480
0.219392
0.219904
0.219456
0.220128
0.219520
0.220192
0.220192
0.219360
0.219232
0.220640
0.219136
0.219680
0.219296
0.219488
0.219040
0.219776
0.219840
0.238208
0.338944
0.220672
0.219328
0.219904
0.219648
0.219872
0.219456
0.219936
0.220224
0.219392
0.220416
0.219456
0.219296
0.219456
0.219616
0.219264
0.219552
0.219168
0.219616
0.219296
0.219200
0.219328
0.220288
0.220640
0.219424
0.220416
0.219488
0.219168
0.219136
0.219296
0.219392
0.219744
0.220160
0.219776
0.220288
0.220288
0.218976
0.219136
0.220224
0.219744
0.219520
0.220992
0.220160
0.219520
0.220032
0.219424
0.220192
0.219072
0.219840
0.220160
0.399872
0.423936
0.220480
0.219360
0.220576
0.220800
0.231296
0.234528
0.228160
0.220768
0.219424
0.219424
0.219360
0.219328
0.219424
0.219264
0.220480
0.219424
0.219840
0.219456
0.234176
0.219584
0.220576
0.219392
0.219360
0.219200
0.219232
0.219392
0.219040
0.219232
0.219328
0.220480
0.220096
0.219456
0.219136
0.220192
0.219456
0.219168
0.220256
0.219264
0.220192
0.220800
0.219136
0.221056
0.221152
0.221024
0.221280
0.220416
0.221824
0.221024
0.219552
0.219136
0.219936
0.219136
0.219744
0.220160
0.219360
0.219136
0.225568
0.235008
0.219328
0.219328
0.219360
0.220224
0.219264
0.220128
0.219392
0.219072
0.219808
0.219136
0.219328
0.219264
0.219264
0.465152
0.222752
0.221184
0.220896
0.219360
0.220064
0.219616
0.219200
0.219232
0.219168
0.219136
0.220096
0.219424
0.219264
0.220640
0.219712
0.219136
0.219424
0.219296
0.219808
0.219840
0.219168
0.219936
0.220192
0.219456
0.219104
0.219808
0.219776
0.220064
0.219264
0.219904
0.220288
0.219136
0.219488
0.219392
0.219552
0.219264
0.219968
0.219616
0.220096
0.220288
0.218976
0.219392
0.219296
0.220064
0.220096
0.219456
0.220032
0.219456
0.219424
0.219136
0.219968
0.219328
0.220256
0.219360
0.219584
0.219488
0.219456
0.219296
0.219520
0.219744
0.219232
0.219424
0.219328
0.219360
0.219232
0.250048
0.257088
0.221600
0.230304
0.236864
0.219680
0.219968
0.234624
0.220384
0.219648
0.220768
0.232704
0.219712
0.236896
0.219456
0.219200
0.219232
0.220096
0.219392
0.220096
0.219520
0.219552
0.219200
0.220128
0.219648
0.220416
0.219936
0.229600
0.219616
0.219776
0.220320
0.219008
0.219136
0.219840
0.220224
0.219552
0.219584
0.219936
0.220096
0.219296
0.220128
0.219712
0.220096
0.219424
0.220512
0.219488
0.219136
0.219328
0.219136
0.220192
0.219328
0.219520
0.219584
0.219488
0.219232
0.219392
0.220704
0.219520
0.219744
0.219616
0.220800
0.219456
0.219680
0.219136
0.219264
0.220064
0.219520
0.219392
0.219264
0.220096
0.219424
0.219136
0.219424
0.219168
0.219136
0.219488
0.219424
0.220192
0.219808
0.219040
0.220512
0.220320
0.219584
0.219392
0.219744
0.219808
0.219520
0.219424
0.219136
0.220064
0.220352
0.219680
0.220192
0.219328
0.219328
0.219424
0.220576
0.227232
0.220096
0.219264
0.220608
0.219296
0.219232
0.219360
0.219136
0.337920
0.219840
0.219296
0.220352
0.219616
0.219168
0.219200
0.220288
0.220640
0.219616
0.219136
0.220064
0.219392
0.219136
0.219136
0.219392
0.219680
0.219296
0.220256
0.220128
0.219648
0.219360
0.219200
0.219232
0.219712
0.219232
0.220096
0.220416
0.219328
0.220352
0.219296
0.219360
0.220896
0.219136
0.220192
0.219648
0.219616
0.219328
0.219008
0.219520
0.220384
0.219584
0.219584
0.219936
0.219616
0.220224
0.219136
0.219200
0.220704
0.219520
0.219360
0.220288
0.219392
0.219616
0.235840
0.223424
0.219360
0.219584
0.219936
0.219744
0.220704
0.219712
0.395840
0.343744
0.361824
0.221184
0.220000
0.220256
0.219648
0.219200
0.219168
0.220224
0.232128
0.219744
0.219936
0.220736
0.219232
0.220288
0.219232
0.219200
0.219232
0.219264
0.219584
0.220448
0.219232
0.219296
0.219264
0.220160
0.219680
0.219136
0.220384
0.219584
0.219520
0.220160
0.219424
0.219488
0.219296
0.220256
0.219296
0.220320
0.219200
0.219840
0.219456
0.219328
0.219328
0.467584
0.221184
0.221184
0.219744
0.220000
0.219232
0.220032
0.219840
0.219776
0.219232
0.218016
0.218336
0.218240
0.217440
0.218080
0.217568
0.218240
0.217472
0.217792
0.218240
0.218208
0.217088
0.217984
0.218240
0.217440
0.217536
0.217856
0.217984
0.218656
0.218368
0.217184
0.218784
0.217440
0.218368
0.217696
0.226464
0.221184
0.218880
0.229248
0.226080
0.218048
0.229504
0.232320
0.218432
0.217440
0.217568
0.217984
0.218208
0.217504
0.217376
0.217344
0.218432
0.217344
0.217568
0.217600
0.217184
0.217760
0.217504
0.218880
0.217824
0.218464
0.236992
0.218880
0.219136
0.218944
0.218112
0.217824
0.217728
0.218400
0.217184
0.218336
0.217568
0.217888
0.217312
0.217344
0.217408
0.217632
0.218144
0.217952
0.218752
0.217440
0.218272
0.217504
0.217984
0.217440
0.217088
0.217408
0.217760
0.217216
0.217216
0.218432
0.218912
0.221376
0.221280
0.222752
0.222240
0.221984
0.222624
0.221536
0.222048
0.221568
0.221792
0.221184
0.221888
0.221408
0.222368
0.222336
0.221600
0.222624
0.342112
0.223296
0.223232
0.222784
0.221248
0.221504
0.221728
0.221440
0.221152
0.401408
0.347424
0.360448
0.223328
0.221440
0.221536
0.221920
0.222464
0.221632
0.221600
0.222016
0.221472
0.222336
0.222528
0.221280
0.221888
0.221696
0.222208
0.221568
0.221856
0.474560
0.223328
0.223488
0.252224
0.221984
0.221440
0.221184
0.222272
0.221344
0.222432
0.221952
0.221536
0.222400
0.221536
0.222112
0.221696
0.222208
0.221856
0.222240
0.221664
0.221536
0.221472
0.221824
0.221664
0.222016
0.222720
0.221760
0.221184
0.222592
0.221280
0.252800
0.221536
0.221472
0.222816
0.222944
0.235520
0.223872
0.222720
0.227072
0.224384
0.222080
0.353792
0.221728
0.221408
0.222336
0.221728
0.222304
0.221600
0.222976
0.221504
0.221600
0.221248
0.221504
0.222432
0.221344
0.235520
0.222912
0.221504
0.221792
0.222112
0.221568
0.221696
0.222528
0.402784
0.348128
0.425984
0.223584
0.221696
0.222816
0.227296
0.222176
0.221856
0.221280
0.222176
0.222464
0.221504
0.221504
0.221728
0.221600
0.222464
0.221664
0.222560
0.221472
0.221536
0.223168
0.223168
0.222048
0.222336
0.221952
0.222528
0.221248
0.221184
0.222208
0.221824
0.229056
0.223232
0.251456
0.222432
0.221888
0.222336
0.229280
0.222528
0.221440
0.221952
0.225696
0.223040
0.231872
0.221696
0.221696
0.221664
0.221344
0.222112
0.221664
0.222848
0.221216
0.221472
0.222080
0.221888
0.222240
0.221664
0.222432
0.222176
0.221760
0.226400
0.220704
0.219584
0.220416
0.219136
0.220256
0.219456
0.219552
0.219136
0.219296
0.219648
0.220160
0.232544
0.471008
0.237760
0.222400
0.221216
0.219680
0.219328
0.219456
0.220352
0.219424
0.220128
0.219456
0.219488
0.219360
0.220768
0.385024
0.221184
0.220544
0.219264
0.219552
0.230400
0.220192
0.219776
0.219584
0.219392
0.220768
0.219456
0.219680
0.219136
0.219456
0.219360
0.218464
0.219520
0.220320
0.219456
0.219584
0.219136
0.219520
0.224320
0.219680
0.220256
0.219584
0.219680
0.219552
0.219360
0.220288
0.220640
0.219648
0.219904
0.220416
0.220064
0.219424
0.219136
0.219296
0.220160
0.220320
0.219264
0.220096
0.219328
0.221472
0.220192
0.219520
0.219456
0.219136
0.220480
0.219392
0.219360
0.219168
0.218368
0.219296
0.219104
0.219136
0.219488
0.220224
0.219776
0.219392
0.219328
0.220224
0.219136
0.219296
0.219488
0.220000
0.219136
0.219136
0.219136
0.220000
0.219904
0.404832
0.344064
0.407616
0.220736
0.219424
0.219232
0.219296
0.219648
0.219360
0.220096
0.220352
0.219136
0.220320
0.219296
0.219136
0.220576
0.221440
0.229632
0.229856
0.220672
0.219328
0.219872
0.219264
0.219296
0.219552
0.219296
0.219136
0.219392
0.219200
0.220096
0.232128
0.221408
0.354784
0.219808
0.219360
0.219392
0.220736
0.220160
0.219456
0.219296
0.219392
0.219360
0.219296
0.219456
0.219520
0.220544
0.219296
0.219296
0.219776
0.468992
0.221760
0.221184
0.221184
0.220544
0.219552
0.219296
0.219872
0.219968
0.219328
0.219488
0.219136
0.219424
0.219232
0.219840
0.219488
0.219552
0.219264
0.220384
0.219200
0.220064
0.220256
0.218816
0.217472
0.217472
0.218496
0.217472
0.217568
0.217184
0.218080
0.217440
0.218080
0.217536
0.218496
0.218464
0.396480
0.341536
0.476704
0.219072
0.218560
0.217120
0.218304
0.218592
0.217280
0.217504
0.217376
0.217952
0.229088
0.217504
0.217632
0.218240
0.218240
0.217632
0.218432
0.217376
0.217216
0.217376
0.217568
0.217984
0.217472
0.217536
0.217184
0.217664
0.217152
0.217600
0.468544
0.219584
0.219232
0.218496
0.217312
0.218368
0.217952
0.217888
0.217184
0.217792
0.218368
0.217952
0.217504
0.218080
0.217312
0.218848
0.218144
0.217344
0.217888
0.217216
0.218304
0.217376
0.217280
0.218208
0.218528
0.217440
0.218272
0.217664
0.217280
0.218624
0.217184
0.217952
0.217408
0.217472
0.217600
0.217344
0.217472
0.235456
0.235520
0.222912
0.217600
0.219072
0.217920
0.217792
0.218400
0.217440
0.217344
0.218176
0.217504
0.217408
0.218336
0.217248
0.219040
0.218496
0.218304
0.217312
0.218208
0.217664
0.218976
0.231744
0.218080
0.218272
0.217632
0.217600
0.218656
0.217088
0.218304
0.218208
0.217280
0.217760
0.217728
0.217152
0.218112
0.217344
0.217568
0.218272
0.217440
0.218304
0.217408
0.218048
0.218016
0.217728
0.217472
0.217120
0.217472
0.217792
0.217408
0.217376
0.218656
0.218208
0.217664
0.218080
0.218400
0.217344
0.217184
0.217824
0.218528
0.218496
0.217376
0.218144
0.217568
0.218752
0.217536
0.217504
0.217376
0.218784
0.217376
0.217568
0.217088
0.218048
0.218144
0.217440
0.218144
0.217568
0.218336
0.217088
0.217312
0.217504
0.218144
0.217632
0.217568
0.217696
0.217728
0.217536
0.217376
0.218240
0.217696
0.217504
0.218400
0.217504
0.218432
0.335520
0.218912
0.221184
0.222240
0.221856
0.222240
0.221632
0.221280
0.221312
0.222560
0.222496
0.221760
0.222528
0.222080
0.222432
0.221344
0.221728
0.222624
0.222400
0.221600
0.221664
0.222272
0.221568
0.222400
0.221472
0.221376
0.222656
0.221216
0.221440
0.221792
0.222464
0.221280
0.221504
0.221248
0.247712
0.223072
0.222272
0.221824
0.221984
0.221536
0.221472
0.221248
0.222240
0.222112
0.221568
0.222528
0.221408
0.222592
0.221536
0.222016
0.221632
0.221664
0.221984
0.222752
0.221408
0.221344
0.222048
0.221600
0.221760
0.222272
0.223168
0.237568
0.234400
0.221952
0.222880
0.222496
0.221856
0.222112
0.221792
0.221984
0.222016
0.222400
0.222016
0.230336
0.221888
0.375776
0.224960
0.362080
0.471040
0.225408
0.224736
0.223968
0.223680
0.222688
0.221632
0.221472
0.221664
0.221344
0.222080
0.222304
0.221504
0.221760
0.221408
0.221952
0.221952
0.222336
0.221600
0.222144
0.221408
0.221632
0.224384
0.221536
0.221504
0.222272
0.221568
0.222368
0.221600
0.221504
0.221600
0.221600
0.221952
0.232640
0.223488
0.224352
0.223232
0.224384
0.225248
0.223424
0.222912
0.221856
0.221536
0.221184
0.222368
0.221344
0.222496
0.221600
0.221888
0.221184
0.221408
0.222464
0.221632
0.222464
0.221600
0.222080
0.222592
0.234848
0.222752
0.221536
0.221760
0.221184
0.222208
0.222272
0.221440
0.222720
0.221248
0.221376
0.226400
0.222112
0.222592
0.221632
0.221824
0.239200
0.225952
0.225312
0.222592
0.221536
0.222464
0.222688
0.222176
0.221664
0.221568
0.221760
0.223008
0.222144
0.221792
0.221664
0.222400
0.221952
0.222432
0.222816
0.229920
0.237280
0.221312
0.222912
0.221440
0.221312
0.221344
0.221728
0.222272
0.221440
0.221888
0.221376
0.222144
0.221504
0.221216
0.222240
0.221664
0.222176
0.222624
0.221760
0.221632
0.221408
0.221440
0.221536
0.221728
0.221184
0.222208
0.221472
0.221376
0.221728
0.222336
0.225568
0.221632
0.222944
0.222304
0.237408
0.222560
0.221600
0.221184
0.222112
0.222016
0.222016
0.221472
0.222624
0.226624
0.221856
0.221984
0.223424
0.221984
0.222304
0.221632
0.221440
0.221472
0.221632
0.221376
0.221472
0.222240
0.221568
0.222304
0.221344
0.221664
0.221664
0.221536
0.221664
0.221696
0.221792
0.221248
0.221824
0.221344
0.221504
0.222336
0.221440
0.222720
0.222464
0.221888
0.222144
0.223168
0.222048
0.222496
0.222304
0.221728
0.221440
0.221248
0.222656
0.221472
0.222048
0.221376
0.221888
0.221408
0.222144
0.221728
0.223232
0.221408
0.221664
0.221664
0.221472
0.221280
0.221376
0.221792
0.221664
0.221888
0.221408
0.221344
0.221472
0.221632
0.221184
0.222432
0.222816
0.221408
0.221664
0.221248
0.221344
0.221888
0.221184
0.222112
0.221600
0.221824
0.221216
0.221440
0.221248
0.222944
0.361568
0.222368
0.221728
0.221856
0.222240
0.221376
0.221760
0.221440
0.221632
0.221344
0.222752
0.221504
0.221536
0.221504
0.412896
0.221824
0.360288
0.223520
0.221568
0.221568
0.222176
0.221184
0.222176
0.221504
0.221408
0.221376
0.221888
0.221504
0.221728
0.221440
0.221408
0.222560
0.221632
0.221664
0.221440
0.222528
0.221376
0.221024
0.221408
0.221920
0.221216
0.221312
0.221632
0.221504
0.221344
0.222144
0.222272
0.221536
0.221344
0.221664
0.225024
0.237376
0.223232
0.222624
0.222656
0.221568
0.221824
0.219616
0.219744
0.219616
0.219584
0.219136
0.219904
0.220224
0.219360
0.227200
0.222752
0.223232
0.220480
0.219392
0.219392
0.219808
0.219584
0.219136
0.220512
0.219232
0.219264
0.219936
0.219488
0.219136
0.219552
0.220032
0.219776
0.219328
0.219200
0.219040
0.219584
0.219328
0.220128
0.220128
0.219296
0.219008
0.220448
0.219808
0.219520
0.219328
0.219264
0.219840
0.220416
0.219296
0.220192
0.220320
0.241728
0.232128
0.235104
0.228960
0.240352
0.220192
0.219552
0.219040
0.219296
0.219232
0.219456
0.219136
0.219616
0.220128
0.219616
0.219424
0.219296
0.220064
0.219264
0.219200
0.220800
0.219680
0.219264
0.219936
0.219264
0.220256
0.219200
0.220096
0.219840
0.220096
0.219264
0.219744
0.219616
0.219616
0.220352
0.219360
0.219136
0.219776
0.220864
0.220672
0.219520
0.220128
0.219392
0.220256
0.219520
0.220416
0.220224
0.219360
0.219456
0.219424
0.219488
0.219328
0.219136
0.220128
0.219040
0.222304
0.219392
0.219264
0.219424
0.219584
0.219488
0.219616
0.219200
0.219296
0.219360
0.219520
0.219424
0.219232
0.219296
0.219136
0.220224
0.219360
0.219584
0.219776
0.219552
0.219264
0.219648
0.219616
0.219744
0.219296
0.219136
0.220128
0.219392
0.219136
0.220672
0.219968
0.219392
0.219136
0.219328
0.219552
0.220032
0.220384
0.219584
0.219616
0.219552
0.219424
0.237472
0.224352
0.224416
0.223296
0.234080
0.223648
0.222848
0.223552
0.255936
0.221792
0.222688
0.240224
0.226496
0.233344
0.339968
0.222304
0.222304
0.226528
0.223136
0.222656
0.223104
0.222816
0.219488
0.220832
0.219168
0.220320
0.219680
0.219680
0.219488
0.219424
0.219520
0.220192
0.219456
0.219616
0.219232
0.219840
0.220224
0.219456
0.219328
0.219360
0.220128
0.220288
0.219584
0.244096
0.220928
0.220832
0.219136
0.399264
0.343616
0.356352
0.220992
0.219424
0.219648
0.220032
0.219392
0.219136
0.220160
0.219392
0.220032
0.219584
0.219520
0.219264
0.219648
0.219296
0.219328
0.220256
0.219488
0.219328
0.219328
0.219328
0.220640
0.219232
0.470624
0.222272
0.222272
0.219200
0.220448
0.219360
0.220096
0.219968
0.219552
0.219520
0.219520
0.220160
0.219744
0.219456
0.219328
0.220608
0.220640
0.219392
0.220224
0.219392
0.235264
0.220800
0.219296
0.220288
0.220000
0.219296
0.219456
0.219360
0.219328
0.219872
0.219552
0.220224
0.220192
0.219456
0.219552
0.219360
0.219328
0.219552
0.220448
0.219424
0.221216
0.220448
0.219456
0.220544
0.219488
0.219328
0.217664
0.217568
0.217632
0.217728
0.217152
0.217664
0.217472
0.218272
0.218624
0.217088
0.218048
0.218496
0.217856
0.218400
0.217504
0.217504
0.217760
0.218144
0.217728
0.217408
0.217568
0.218336
0.217408
0.217824
0.217440
0.217088
0.218592
0.218624
0.243648
0.221184
0.217760
0.218432
0.217440
0.217792
0.217216
0.218176
0.217312
0.217984
0.218272
0.217440
0.218816
0.218112
0.217344
0.218016
0.217408
0.217888
0.219008
0.218240
0.217760
0.218176
0.218336
0.217472
0.220992
0.216928
0.217280
0.217568
0.218176
0.217216
0.218400
0.218624
0.235072
0.218368
0.217696
0.219232
0.219136
0.218272
0.217664
0.217504
0.218272
0.217088
0.218304
0.217568
0.217248
0.217504
0.218016
0.217248
0.217664
0.217696
0.217120
0.218176
0.217504
0.217664
0.218336
0.217312
0.218688
0.217792
0.218496
0.217440
0.218208
0.217440
0.217984
0.220032
0.219168
0.220288
0.219360
0.220224
0.219456
0.219200
0.220192
0.227744
0.230336
0.219360
0.219520
0.219360
0.219488
0.219424
0.219200
0.220288
0.219328
0.219488
0.219328
0.220480
0.220704
0.228832
0.221984
0.221184
0.222112
0.221600
0.223552
0.227200
0.220320
0.219264
0.220384
0.220544
0.219360
0.219936
0.219552
0.219136
0.220096
0.219712
0.219232
0.219264
0.219488
0.219296
0.220192
0.219712
0.220352
0.219392
0.220384
0.219360
0.218464
0.219520
0.219328
0.219744
0.220256
0.219136
0.220064
0.219232
0.219200
0.219776
0.220864
0.221440
0.221728
0.221312
0.219616
0.219968
0.220640
0.220864
0.220864
0.221152
0.220832
0.221632
0.222816
0.221248
0.221568
0.222272
0.242944
0.224448
0.221760
0.221024
0.222176
0.221536
0.233472
0.233184
0.221024
0.220256
0.220928
0.221184
0.221600
0.222720
0.222784
0.221216
0.222016
0.221664
0.222208
0.221472
0.244608
0.224544
0.231424
0.222112
0.221248
0.221312
0.222240
0.221376
0.221856
0.221312
0.221152
0.222304
0.221408
0.221536
0.221760
0.222176
0.221472
0.222272
0.221888
0.237280
0.220992
0.219616
0.219200
0.220288
0.219776
0.219872
0.237600
0.220736
0.221856
0.220032
0.219552
0.221088
0.219104
0.219136
0.220832
0.222944
0.220800
0.219424
0.220000
0.220960
0.220160
0.220576
0.220672
0.219392
0.219424
0.220768
0.221152
0.220864
0.222112
0.226656
0.219584
1.436768
0.221184
0.220832
0.220256
0.219328
0.356736
0.221312
0.219840
0.219488
0.219392
0.220544
0.235584
0.220160
0.220032
0.220448
0.219520
0.219264
0.219712
0.220000
0.219072
0.219168
0.219744
0.219616
0.217664
0.217344
0.217952
0.218240
0.217504
0.217312
0.218848
0.219072
0.240480
0.221952
0.235008
0.219616
0.220896
0.218240
0.217696
0.218880
0.217536
0.218112
0.218368
0.217216
0.217408
0.217152
0.218144
0.217376
0.231040
0.217440
0.218368
0.217088
0.217952
0.218176
0.217376
0.217120
0.218240
0.217440
0.217696
0.218112
0.469024
0.219680
0.219136
0.389120
0.558976
0.233632
0.239712
0.219008
0.219040
0.221312
0.224320
0.223680
0.223712
0.223680
0.225024
0.223040
0.222496
0.221696
0.223104
0.222496
0.221920
0.221472
0.226656
0.222400
0.222912
0.222464
0.247616
0.223360
0.241568
0.242016
0.223008
0.224320
0.225088
0.229408
0.224416
0.224032
0.224096
0.222816
0.224448
0.222240
0.223392
0.963232
0.221024
0.232768
0.217088
0.215456
0.215840
0.216416
0.215392
0.226784
0.233088
0.215520
0.215840
0.215776
0.218080
0.217856
0.216096
0.216960
0.216320
0.215040
0.216512
0.219616
0.217632
0.217120
0.216928
0.219328
0.235520
0.216928
0.215488
0.215616
0.216704
0.215200
0.216064
0.216672
0.216160
0.215648
0.215744
0.216128
0.216032
0.217024
0.217312
0.216608
0.215744
0.229216
0.219584
0.216992
0.255168
0.424768
0.222144
0.217088
0.234976
0.218912
0.216544
0.216768
0.217216
0.730880
0.218368
0.217088
0.216608
0.216512
0.216128
0.216384
0.215328
0.215968
0.215712
0.215520
0.214944
0.215328
0.216064
0.216800
0.216032
0.215776
0.216384
0.216256
0.215968
0.215616
0.216480
0.215840
0.216768
0.215360
0.215648
0.215232
0.215968
0.216352
0.215584
0.215520
0.227648
0.464800
0.216320
0.215456
0.214624
0.215392
0.214368
0.213280
0.213632
0.213696
0.215040
0.214816
0.213632
0.214496
0.214112
0.213600
0.214624
0.214592
0.213184
0.213504
0.214240
0.215072
0.214560
0.227008
0.219232
0.214720
0.214368
0.214880
0.214336
0.214784
0.214112
0.213760
0.214720
0.250048
0.329664
0.214752
0.213568
0.213440
0.213408
0.213824
0.215040
0.214624
0.213312
0.213536
0.215712
0.218752
0.218080
0.219136
0.218240
0.216640
0.216064
0.215584
0.216416
0.217920
0.216128
0.214048
0.213920
0.214784
0.222880
0.215328
0.213376
0.213632
0.213472
0.213632
0.213600
0.213664
0.213344
0.213728
0.213920
0.214496
0.213152
0.214560
0.214272
0.213088
0.214400
0.213120
0.235168
0.215072
0.235520
0.219136
0.216256
0.214752
0.214560
0.214368
0.213536
0.214432
0.213440
0.214432
0.214208
0.214400
0.213472
0.214048
0.217536
0.218560
0.228864
0.219136
0.219040
0.218464
0.403008
0.219136
0.668544
0.218688
0.218208
0.217344
0.218880
0.217344
0.218560
0.237824
0.218720
0.218144
0.217088
0.218624
0.217472
0.217600
0.217184
0.217120
0.218528
0.218112
0.217664
0.217856
0.217344
0.217696
0.217248
0.218080
0.217632
0.219616
0.220192
0.218880
0.218016
0.218336
0.217344
0.217152
0.217536
0.217664
0.217344
0.217792
0.218688
0.464896
0.219936
0.219136
0.217728
0.218144
0.217568
0.218112
0.217312
0.218144
0.217536
0.217088
0.218144
0.218240
0.217760
0.218016
0.217536
0.218144
0.217600
0.217088
0.217312
0.217664
0.217696
0.217280
0.235104
0.218720
0.217440
0.217248
0.217504
0.217600
0.218144
0.217856
0.218656
0.217152
0.217504
0.218048
0.217504
0.218176
0.217184
0.218752
0.218656
0.217472
0.218752
0.219008
0.217248
0.217504
0.217152
0.217664
0.218144
0.217184
0.217504
0.217728
0.218112
0.217536
0.217216
0.218144
0.218368
0.217184
0.218720
0.218272
0.218624
0.218240
0.217504
0.218400
0.218528
0.217280
0.218528
0.217088
0.217568
0.218304
0.217600
0.218400
0.217568
0.217664
0.217504
0.217568
0.217312
0.217216
0.218848
0.218656
0.217408
0.217280
0.217728
0.218432
0.217376
0.217824
0.217280
0.217792
0.218240
0.217664
0.217760
0.217312
0.218304
0.217472
0.217344
0.218720
0.236736
0.233728
0.219040
0.218176
0.217440
0.218208
0.217632
0.217280
0.218592
0.217088
0.217344
0.217536
0.217376
0.217376
0.217472
0.218368
0.217504
0.217216
0.218656
0.218528
0.218624
0.336032
0.219072
0.217472
0.218336
0.395776
0.341664
0.353888
0.218848
0.219456
0.219584
0.219136
0.220672
0.219872
0.219904
0.220416
0.220320
0.219584
0.221024
0.220800
0.220384
0.220288
0.219232
0.220192
0.219232
0.219136
0.468864
0.221440
0.244864
0.235008
0.221184
0.220480
0.219840
0.220352
0.220704
0.219520
0.220544
0.219520
0.219168
0.219776
0.219360
0.219296
0.219680
0.219552
0.219776
0.219456
0.220288
0.219424
0.219584
0.219200
0.220224
0.220128
0.219744
0.219232
0.219264
0.219456
0.219712
0.219168
0.220448
0.220128
0.235584
0.227680
0.219968
0.220928
0.220896
0.220352
0.219616
0.220928
0.225184
0.223072
0.219520
0.219040
0.219520
0.219264
0.219584
0.219392
0.219648
0.220224
0.219840
0.219136
0.219200
0.220736
0.235552
0.219776
0.219392
0.219136
0.220512
0.219136
0.220064
0.219424
0.220032
0.220256
0.219776
0.219552
0.220704
0.219136
0.220032
0.220192
0.219552
0.221152
0.221536
0.220032
0.220320
0.219424
0.221024
0.220928
0.219456
0.220288
0.219168
0.220288
0.220416
0.219360
0.220352
0.219648
0.219584
0.219296
0.219392
0.219424
0.219776
0.220448
0.219136
0.220032
0.219328
0.219552
0.219520
0.219296
0.220256
0.220672
0.219552
0.219616
0.219488
0.219360
0.219360
0.220192
0.219424
0.220416
0.220736
0.220256
0.219872
0.219616
0.220576
0.219264
0.220160
0.219424
0.219392
0.220160
0.219392
0.219328
0.220384
0.220192
0.219392
0.219904
0.219392
0.225792
0.220160
0.219552
0.220256
0.220352
0.219616
0.220160
0.219648
0.220032
0.220320
0.219552
0.219584
0.219648
0.220352
0.219136
0.220448
0.219584
0.227840
0.219776
0.219584
0.219616
0.220448
0.219200
0.219872
0.219616
0.219616
0.219360
0.220000
0.219392
0.219584
0.219136
0.219872
0.219808
0.219136
0.219488
0.219648
0.219648
0.219488
0.219904
0.219552
0.219392
0.219520
0.219456
0.220000
0.220352
0.219360
0.219136
0.219584
0.219136
0.219200
0.219840
0.220288
0.227872
0.220000
0.220224
0.219360
0.220352
0.220192
0.219296
0.219488
0.219168
0.220384
0.219552
0.219680
0.220128
0.219584
0.219968
0.219520
0.219232
0.220160
0.219392
0.220288
0.220640
0.219424
0.220192
0.219456
0.222336
0.226272
0.231424
0.241856
0.226528
0.225408
0.224672
0.225696
0.225632
0.224832
0.223424
0.223328
0.224544
0.224992
0.224960
0.224800
0.223840
0.224448
0.225600
0.223712
0.224096
0.223936
0.225280
0.224960
0.225664
0.225568
0.226592
0.225920
0.226336
0.224288
0.370496
0.222944
0.219584
0.219840
0.220192
0.220832
0.225344
0.242208
0.220192
0.220864
0.219200
0.220480
0.219328
0.219328
0.219168
0.220640
0.219680
0.219968
0.219296
0.220224
0.219200
0.219136
0.220544
0.219424
0.219392
0.219392
0.219968
0.220704
0.227232
0.232608
0.337824
0.219744
0.219872
0.219840
0.221024
0.219360
0.219232
0.219520
0.219328
0.219264
0.219744
0.219584
0.219200
0.219424
0.219232
0.219168
0.219136
0.220160
0.219136
0.220736
0.220352
0.229856
0.234048
0.219808
0.220320
0.219744
0.491968
0.223168
0.220800
0.220224
0.243104
0.544352
0.573792
0.237376
0.220480
0.219840
0.220000
0.219680
0.220352
0.219616
0.219648
0.219360
0.219520
0.220320
0.219456
0.219424
0.219232
0.219552
0.219520
0.219136
0.236352
0.221472
0.219776
0.219200
0.219936
0.219616
0.219648
0.219136
0.220192
0.219552
0.219552
0.220416
0.219168
0.219488
0.219232
0.220192
0.219648
0.225472
0.219104
0.218848
0.218624
0.217568
0.218592
0.218400
0.217536
0.217120
0.218016
0.218528
0.217504
0.218848
0.217600
0.218560
0.217696
0.218624
0.217312
0.218464
0.466496
0.220064
0.219136
0.388864
0.340768
0.524608
0.219456
0.218624
0.218368
0.217600
0.218048
0.217568
0.225280
0.233696
0.218272
0.217376
0.217632
0.218720
0.217504
0.219040
0.218816
0.217792
0.218176
0.217664
0.218016
0.217280
0.217600
0.217152
0.218240
0.217568
0.218400
0.219072
0.217536
0.218112
0.217440
0.217824
0.218240
0.217536
0.218272
0.217408
0.217248
0.217344
0.217568
0.218208
0.217664
0.218208
0.217824
0.218752
0.228768
0.218816
0.218144
0.217504
0.217632
0.217312
0.217600
0.218720
0.218432
0.217568
0.217888
0.218176
0.217408
0.217888
0.217152
0.217952
0.461472
0.220288
0.219936
0.219136
0.219584
0.220384
0.219648
0.220448
0.219680
0.220352
0.219552
0.220480
0.221248
0.220928
0.219552
0.219744
0.219296
0.219456
0.220320
0.219648
0.220768
0.219648
0.220192
0.219520
0.219136
0.219552
0.220320
0.219584
0.220256
0.219616
0.219616
0.219136
0.219872
0.219648
0.219648
0.219616
0.219488
0.222176
0.220864
0.219360
0.219424
0.219392
0.219488
0.219200
0.219520
0.219232
0.220288
0.220352
0.219200
0.220736
0.228832
0.220320
0.233248
0.219712
0.220032
0.219936
0.219488
0.219200
0.219584
0.231360
0.231552
0.233600
0.220768
0.219648
0.219136
0.219264
0.220224
0.219392
0.219616
0.219296
0.233472
0.219616
0.219712
0.219808
0.220256
0.219488
0.219296
0.219360
0.220384
0.219296
0.219936
0.219360
0.219648
0.219296
0.220128
0.220960
0.219136
0.220192
0.219200
0.219136
0.219616
0.219808
0.219136
0.220224
0.222208
0.221760
0.222304
0.221728
0.221728
0.221440
0.221760
0.221216
0.221984
0.222752
0.222784
0.222304
0.222240
0.221792
0.222176
0.222624
0.221536
0.221248
0.224256
0.224832
0.225280
0.261088
0.255040
0.240640
0.222112
0.222528
0.221248
0.221920
0.222464
0.221536
0.229600
0.222464
0.222112
0.221408
0.221184
0.222816
0.341344
0.221536
0.221536
0.243872
0.227072
0.224384
0.222816
0.221472
0.221824
0.221408
0.222400
0.226944
0.237728
0.222080
0.221248
0.221408
0.221632
0.221856
0.221760
0.221984
0.222752
0.221504
0.221600
0.221728
0.221600
0.221600
0.221312
0.221856
0.222880
0.222880
0.222400
0.221600
0.222080
0.222496
0.221440
0.222592
0.222784
0.221408
0.222208
0.221504
0.406944
0.347520
0.531584
0.229504
0.222144
0.221696
0.222656
0.221344
0.222304
0.221280
0.222304
0.221280
0.221856
0.221696
0.221280
0.222240
0.221600
0.221536
0.240576
0.222016
0.222208
0.235200
0.222656
0.221504
0.222304
0.221504
0.221856
0.222240
0.221952
0.231264
0.226752
0.221952
0.222208
0.221472
0.221344
0.221792
0.221696
0.233376
0.222688
0.222528
0.221184
0.222272
0.472352
0.224416
0.223104
0.222720
0.221216
0.221440
0.221536
0.221344
0.221600
0.222144
0.222368
0.221728
0.221856
0.222240
0.222432
0.221504
0.221216
0.221728
0.222688
0.221472
0.221440
0.221280
0.221536
0.222592
0.221184
0.222688
0.222240
0.221280
0.221568
0.223232
0.222848
0.222784
0.221184
0.222176
0.221376
0.221536
0.221728
0.221344
0.222560
0.221408
0.221696
0.221600
0.222016
0.221440
0.221600
0.222016
0.221792
0.221632
0.222208
0.221600
0.222112
0.221632
0.222528
0.221248
0.222208
0.221568
0.221568
0.222208
0.222912
0.221792
0.222080
0.242688
0.221984
0.222240
0.221664
0.221600
0.221952
0.221248
0.221504
0.222336
0.221184
0.222528
0.221440
0.222688
0.222336
0.221376
0.222208
0.221408
0.221664
0.221216
0.221920
0.221568
0.222688
0.222560
0.221376
0.221440
0.222848
0.221280
0.221536
0.221408
0.222272
0.221600
0.221728
0.221504
0.221760
0.222144
0.221792
0.221344
0.221728
0.222240
0.221408
0.221856
0.221568
0.221856
0.222496
0.222400
0.221696
0.229824
0.222592
0.221184
0.222144
0.221408
0.222624
0.221344
0.222400
0.221408
0.222208
0.221920
0.222624
0.221664
0.221856
0.222112
0.221664
0.222592
0.221248
0.221664
0.230304
0.222304
0.221312
0.222432
0.221568
0.221536
0.233952
0.342944
0.222784
0.221472
0.222784
0.221376
0.221184
0.222240
0.221152
0.223648
0.227232
0.235424
0.222848
0.247360
0.243808
0.222240
0.221632
0.222816
0.222688
0.221376
0.222688
0.222848
0.222304
0.221536
0.221600
0.221184
0.222496
0.223168
0.221632
0.221792
0.221184
0.221664
0.221344
0.221696
0.221280
0.221408
0.221248
0.221792
0.221664
0.221440
0.221344
0.221248
0.221664
0.221472
0.221376
0.221696
0.221376
0.222112
0.221408
0.221376
0.221376
0.221472
0.222208
0.222272
0.221792
0.222656
0.222752
0.222720
0.221184
0.350080
0.360448
0.223232
0.221568
0.222016
0.221888
0.221184
0.222080
0.221728
0.222208
0.222016
0.221600
0.222848
0.222592
0.221888
0.469152
0.224832
0.223264
0.221856
0.221600
0.221344
0.221344
0.222368
0.221632
0.221664
0.221184
0.222304
0.221536
0.221696
0.221760
0.221760
0.222304
0.221536
0.221696
0.221664
0.221920
0.221440
0.222272
0.221696
0.222304
0.221536
0.222016
0.222848
0.221568
0.221824
0.221984
0.222496
0.221216
0.222144
0.223136
0.222944
0.221472
0.222784
0.222336
0.221536
0.222144
0.221536
0.222400
0.222240
0.221312
0.221376
0.222112
0.222464
0.221696
0.223264
0.222464
0.222816
0.222240
0.221856
0.221568
0.221504
0.238304
0.222208
0.222816
0.237376
0.228992
0.221440
0.221728
0.221440
0.221504
0.222048
0.223328
0.221856
0.221504
0.222432
0.221216
0.222368
0.241856
0.221888
0.222752
0.222368
0.221760
0.221888
0.221280
0.221984
0.222272
0.222496
0.221920
0.222816
0.221248
0.221536
0.221440
0.221504
0.221280
0.221568
0.222528
0.221536
0.221568
0.221440
0.221184
0.222240
0.221472
0.221216
0.221152
0.222464
0.221728
0.223008
0.221184
0.221312
0.221472
0.222528
0.221472
0.221792
0.222400
0.221504
0.222080
0.222208
0.221600
0.221600
0.222080
0.221600
0.220672
0.221184
0.221088
0.220256
0.220864
0.242400
0.238560
0.221216
0.220800
0.220768
0.221088
0.221184
0.221248
0.220448
0.221056
0.220896
0.221184
0.220928
0.220896
0.221216
0.221184
0.220928
0.220896
0.220928
0.221120
0.220928
0.221120
0.221184
0.236672
0.231424
0.220992
0.221856
0.220800
0.221056
0.220960
0.221056
0.220800
0.221056
0.220960
0.221696
0.221312
0.220672
0.221184
0.221184
0.221152
0.220992
0.220960
0.221728
0.221056
0.220704
0.220864
0.221184
0.221120
0.220896
0.221120
0.221984
0.220768
0.220832
0.220000
0.221056
0.221056
0.221184
0.221184
0.223840
0.226112
0.264064
0.221504
0.220832
0.221120
0.235584
0.229376
0.231520
0.221184
0.221312
0.220960
0.220160
0.221184
0.220992
0.220864
0.221024
0.220896
0.220992
0.220416
0.220768
0.221184
0.221184
0.233344
0.221440
0.221408
0.234304
0.221280
0.221920
0.219968
0.221120
0.221184
0.221120
0.231424
0.340448
0.221952
0.221536
0.220736
0.220768
0.221120
0.221088
0.220864
0.220960
0.221056
0.221184
0.220864
0.220480
0.221184
0.221152
0.220288
0.224192
0.220992
0.220960
0.220704
0.220704
0.221152
0.221184
0.220800
0.220896
0.221024
0.220416
0.221632
0.221056
0.247808
0.243392
0.220672
0.221024
0.220320
0.221120
0.225920
0.224800
0.221184
0.221184
0.221152
0.220704
0.220672
0.221088
0.221248
0.221248
0.221376
0.220864
0.221184
0.220992
0.220864
0.220416
0.221184
0.221120
0.221024
0.221088
0.220992
0.220864
0.219552
0.220128
0.220960
0.221056
0.220640
0.221056
0.221088
0.220256
0.220032
0.220800
0.220832
0.220960
0.220160
0.221248
0.221088
0.221216
0.220160
0.230688
0.221088
0.404672
0.345920
0.367136
0.221312
0.220288
0.220736
0.220992
0.221088
0.220640
0.220576
0.222336
0.221184
0.220736
0.221152
0.221056
0.220704
0.220992
0.221184
0.221504
0.221376
0.221088
0.221088
0.220352
0.220928
0.220256
0.220160
0.220928
0.220992
0.220960
0.220992
0.220736
0.221024
0.221024
0.221152
0.220160
0.221024
0.220896
0.221024
0.221184
0.220512
0.220064
0.221088
0.221152
0.221184
0.220800
0.220672
0.220832
0.220960
0.220928
0.221120
0.221184
0.220928
0.220928
0.220800
0.221280
0.224768
0.474432
0.223232
0.221216
0.221248
0.220832
0.228928
0.220992
0.220960
0.219904
0.220736
0.220608
0.220544
0.220672
0.221120
0.233184
0.221184
0.220960
0.221152
0.220896
0.220544
0.220864
0.220480
0.220992
0.220992
0.220736
0.220864
0.220608
0.220704
0.220992
0.221088
0.221408
0.220256
0.221024
0.220864
0.221024
0.221312
0.220128
0.220736
0.221184
0.220160
0.220800
0.221120
0.220544
0.221184
0.221184
0.220960
0.221024
0.220992
0.220896
0.235744
0.222112
0.221184
0.220384
0.220096
0.220288
0.221056
0.221184
0.221152
0.221184
0.220960
0.220768
0.220128
0.220928
0.221088
0.221184
0.221120
0.221312
0.221312
0.220800
0.221184
0.220992
0.225888
0.220896
0.220736
0.224608
0.226464
0.251904
0.221440
0.241664
0.221536
0.221472
0.221184
0.353600
0.221600
0.221056
0.221088
0.221184
0.220672
0.220224
0.220192
0.220992
0.221184
0.220992
0.220544
0.221184
0.221600
0.221184
0.221184
0.221184
0.221600
0.221184
0.407200
0.359616
0.222944
0.220768
0.220544
0.220800
0.220928
0.221056
0.221056
0.220864
0.220960
0.220096
0.220992
0.221568
0.221376
0.221120
0.220896
0.220864
0.220704
0.220768
0.221152
0.221088
0.220512
0.220000
0.220384
0.220608
0.220064
0.219968
0.221088
0.220800
0.235232
0.221600
0.220992
0.476224
0.221568
0.223232
0.221184
0.221216
0.221472
0.221024
0.219936
0.221184
0.221056
0.251168
0.221056
0.220960
0.220064
0.221472
0.221472
0.221408
0.221024
0.220224
0.221152
0.220192
0.221024
0.221056
0.220896
0.221344
0.221376
0.221088
0.221184
0.220960
0.221056
0.221024
0.220992
0.221184
0.220160
0.219936
0.220192
0.221184
0.221120
0.221088
0.220960
0.221056
0.221184
0.220128
0.220384
0.219840
0.220832
0.220704
0.220672
0.220736
0.221024
0.220480
0.221184
0.220896
0.220768
0.220928
0.220320
0.220800
0.220704
0.221120
0.221056
0.220160
0.220928
0.220672
0.220672
0.220576
0.220192
0.220864
0.221184
0.221344
0.220384
0.220032
0.220224
0.221152
0.220288
0.220512
0.220160
0.220960
0.221152
0.220992
0.220800
0.221024
0.220320
0.220672
0.219968
0.220128
0.221312
0.222240
0.219520
0.220064
0.227392
0.220800
0.221184
0.221056
0.221376
0.220992
0.220416
0.220736
0.220992
0.220928
0.220704
0.221248
0.222560
0.221472
0.221184
0.221024
0.220928
0.220928
0.220544
0.220992
0.220736
0.221184
0.221184
0.220928
0.221088
0.220960
0.220736
0.221216
0.220896
0.220960
0.220320
0.221088
0.220896
0.220992
0.221312
0.221248
0.220032
0.220000
0.221056
0.220992
0.220896
0.220512
0.220608
0.221184
0.221184
0.221024
0.220128
0.221184
0.221184
0.221184
0.221184
0.221152
0.220576
0.221280
0.221120
0.220512
0.220160
0.220768
0.220896
0.221184
0.220768
0.221248
0.220768
0.236544
0.231200
0.236000
0.235488
0.221312
0.221632
0.220736
0.221120
0.220576
0.221184
0.220768
0.221024
0.229696
0.221728
0.221408
0.226208
0.220992
0.220512
0.220928
0.221120
0.221184
0.221248
0.221376
0.221152
0.221056
0.221088
0.221120
0.221088
0.220672
0.219968
0.220256
0.220640
0.223392
0.225664
0.243808
0.222080
0.237152
0.223232
0.234176
0.221184
0.221152
0.220352
0.220448
0.221120
0.221152
0.221152
0.220928
0.220448
0.220288
0.220288
0.220192
0.220416
0.221568
0.221056
0.220896
0.220320
0.221184
0.221344
0.220480
0.220928
0.220928
0.221088
0.221024
0.220128
0.221024
0.220800
0.220768
0.220064
0.221152
0.221184
0.220992
0.220096
0.220960
0.220800
0.221024
0.221184
0.221184
0.221184
0.220992
0.220320
0.220224
0.220928
0.221120
0.220736
0.221120
0.221056
0.221376
0.220768
0.239168
0.340288
0.221152
0.221312
0.220576
0.220928
0.220032
0.221184
0.221120
0.221184
0.221120
0.220608
0.221120
0.221056
0.221184
0.220160
0.220192
0.220352
0.220288
0.220128
0.221312
0.221184
0.221184
0.220096
0.221184
0.221184
0.220864
0.220992
0.220480
0.220256
0.220448
0.220064
0.403648
0.345696
0.358400
0.221984
0.221376
0.220896
0.221056
0.468160
0.222976
0.222912
0.220704
0.220928
0.220736
0.221184
0.221056
0.220128
0.220928
0.221056
0.221120
0.233472
0.222304
0.220928
0.241248
0.221184
0.221088
0.239840
0.221792
0.233056
0.221248
0.221920
0.221184
0.221088
0.221184
0.221216
0.222144
0.221344
0.220928
0.220992
0.221152
0.220960
0.220000
0.221344
0.221152
0.221024
0.221184
0.220160
0.219904
0.220096
0.220384
0.219456
0.220064
0.219424
0.220064
0.219264
0.220192
0.221184
0.220064
0.219712
0.219136
0.220224
0.220064
0.219456
0.219136
0.220224
0.220096
0.219616
0.219424
0.219616
0.220384
0.219456
0.219680
0.219136
0.220736
0.220032
0.220800
0.219296
0.219264
0.219424
0.219488
0.219264
0.219584
0.220544
0.219328
0.219680
0.219456
0.219648
0.220320
0.219392
0.219424
0.219968
0.219776
0.219456
0.220032
0.220416
0.220192
0.219168
0.220320
0.219488
0.219392
0.219360
0.220416
0.219648
0.220128
0.219200
0.219936
0.219680
0.220160
0.219200
0.220576
0.220384
0.221056
0.237760
0.219456
0.219296
0.219360
0.220160
0.219520
0.219712
0.219168
0.219648
0.219648
0.219936
0.219264
0.219136
0.219520
0.233184
0.220640
0.219200
0.219648
0.219456
0.219712
0.219136
0.220608
0.220160
0.219328
0.219392
0.221376
0.220224
0.219680
0.220384
0.219360
0.219616
0.219936
0.219488
0.220320
0.219328
0.219232
0.219136
0.219488
0.219488
0.220160
0.219168
0.219136
0.219936
0.219136
0.238432
0.233920
0.222592
0.219840
0.220256
0.223712
0.228384
0.220480
0.220416
0.219552
0.219296
0.220000
0.219808
0.219136
0.219584
0.219712
0.219616
0.219328
0.219616
0.219360
0.219456
0.219136
0.219712
0.219200
0.219488
0.219712
0.342208
0.234784
0.219168
0.219392
0.219392
0.219360
0.220512
0.219616
0.219392
0.219136
0.219872
0.219168
0.219968
0.219552
0.220352
0.219584
0.220160
0.219680
0.219584
0.219360
0.220448
0.219168
0.220256
0.219584
0.219456
0.219168
0.219328
0.219136
0.219456
0.219040
0.219392
0.219232
0.219488
0.220256
0.219616
0.219360
0.219040
0.219264
0.219968
0.219616
0.219392
0.218976
0.219168
0.220224
0.219328
0.219360
0.219264
0.219936
0.219392
0.219456
0.412768
0.220512
0.356096
0.220576
0.220288
0.219456
0.220448
0.219392
0.220448
0.219136
0.219904
0.219552
0.219520
0.219424
0.219616
0.219520
0.219936
0.220224
0.219168
0.220288
0.219200
0.220384
0.234688
0.220768
0.219520
0.219808
0.219136
0.219936
0.219840
0.220864
0.219808
0.219232
0.220160
0.245920
0.219936
0.220352
0.229504
0.221184
0.219712
0.219968
0.219456
0.219328
0.219584
0.220256
0.219296
0.220416
0.219200
0.219712
0.219232
0.219520
0.219360
0.219424
0.219968
0.469312
0.221184
0.221344
0.219296
0.219360
0.219584
0.219232
0.219328
0.220480
0.219456
0.219424
0.219136
0.219552
0.219392
0.219328
0.219552
0.220192
0.219456
0.219264
0.219136
0.219968
0.219424
0.220032
0.219648
0.220576
0.219200
0.219392
0.219296
0.219808
0.220416
0.223072
0.223424
0.219936
0.220736
0.231232
0.220256
0.231360
0.220480
0.219488
0.219392
0.220128
0.219904
0.220256
0.219520
0.220192
0.219424
0.219744
0.219136
0.220288
0.220640
0.220448
0.219328
0.229856
0.221184
0.220832
0.219584
0.220000
0.220160
0.219616
0.219520
0.219136
0.220320
0.219968
0.234912
0.235424
0.221184
0.220672
0.219520
0.220416
0.219392
0.219360
0.219200
0.343712
0.221216
0.221184
0.219776
0.219392
0.219680
0.219232
0.219392
0.220128
0.219424
0.219200
0.219488
0.237408
0.220480
0.219584
0.220512
0.220832
0.219296
0.219968
0.219136
0.220256
0.219616
0.219136
0.220448
0.220768
0.219456
0.219712
0.219136
0.219360
0.219232
0.220224
0.219520
0.220704
0.220224
0.220576
0.220672
0.220736
0.222592
0.220352
0.219744
0.220832
0.219712
0.220128
0.237792
0.224640
0.244928
0.235680
0.223584
0.220000
0.219904
0.219584
0.219776
0.220160
0.350432
0.221024
0.219296
0.219968
0.219136
0.219744
0.219424
0.219744
0.219296
0.226016
0.220864
0.228320
0.219808
0.219776
0.344000
0.221664
0.221184
0.219264
0.219392
0.219840
0.219424
0.219168
0.219456
0.221184
0.219008
0.219936
0.219488
0.220544
0.219136
0.220192
0.219616
0.219232
0.220448
0.219136
0.220672
0.220352
0.219168
0.219872
0.219264
0.220032
0.219424
0.219616
0.219424
0.219296
0.219616
0.219808
0.234720
0.219872
0.231520
0.219904
0.233248
0.220736
0.219872
0.219424
0.219648
0.398272
0.477184
0.220256
0.219424
0.239712
0.220608
0.339648
0.221024
0.219136
0.219424
0.219328
0.363456
0.476832
0.221440
0.219584
0.219520
0.219136
0.219328
0.219456
0.220864
0.219648
0.217440
0.466752
0.219872
0.219360
0.217568
0.217952
0.218272
0.217152
0.218432
0.217120
0.217312
0.217856
0.217472
0.218144
0.217536
0.217920
0.218720
0.217152
0.217472
0.217440
0.218080
0.217408
0.217344
0.218592
0.217280
0.218144
0.217312
0.217888
0.218304
0.217568
0.217312
0.217600
0.218656
0.219488
0.217568
0.217088
0.217696
0.218272
0.217376
0.218400
0.217536
0.217728
0.218208
0.217376
0.218176
0.218464
0.244160
0.228192
0.219008
0.218912
0.231424
0.249024
0.240032
0.233632
0.231616
0.218304
0.217856
0.217600
0.218144
0.217600
0.217952
0.217248
0.217632
0.217248
0.217600
0.218304
0.218592
0.217248
0.218880
0.218528
0.218688
0.217344
0.340384
0.219520
0.219520
0.217184
0.218048
0.219040
0.218048
0.217888
0.218112
0.217728
0.218336
0.217856
0.218592
0.231200
0.218240
0.218816
0.218848
0.219072
0.217216
0.218272
0.217568
0.217600
0.217472
0.217952
0.217856
0.218112
0.217344
0.217536
0.217696
0.217376
0.217696
0.218848
0.218720
0.217664
0.217600
0.217632
0.217152
0.217760
0.217088
0.218304
0.217376
0.217664
0.218048
0.227616
0.218816
0.230304
0.232832
0.220448
0.217632
0.218560
0.217440
0.228576
0.217664
0.236096
0.218688
0.218368
0.217536
0.218304
0.218464
0.217312
0.217728
0.217664
0.218656
0.217376
0.217408
0.217152
0.217440
0.218656
0.217344
0.217728
0.217152
0.218144
0.217664
0.217152
0.217504
0.217376
0.217792
0.217664
0.218080
0.217504
0.217408
0.217344
0.218400
0.218048
0.219968
0.234752
0.227392
0.218752
0.227968
0.217984
0.217856
0.217408
0.217760
0.217536
0.217664
0.218528
0.217472
0.217632
0.218176
0.217184
0.219040
0.219424
0.222624
0.219520
0.220384
0.219584
0.219520
0.219232
0.220448
0.220832
0.220768
0.220640
0.219136
0.220480
0.219584
0.219136
0.220352
0.219360
0.219744
0.220128
0.219584
0.220480
0.219360
0.219456
0.220032
0.224736
0.219392
0.219488
0.219456
0.219648
0.219488
0.219168
0.220384
0.219136
0.219040
0.219264
0.220160
0.219296
0.220544
0.219616
0.220032
0.219744
0.220224
0.219296
0.219840
0.219360
0.219392
0.219200
0.220096
0.219008
0.219168
0.220064
0.219328
0.219584
0.219136
0.219584
0.220544
0.219616
0.219616
0.219392
0.219360
0.219104
0.219296
0.219360
0.219264
0.219584
0.219296
0.220224
0.219360
0.219584
0.219200
0.219104
0.219392
0.220832
0.219296
0.219936
0.219392
0.219392
0.219360
0.219360
0.219392
0.219680
0.220448
0.219680
0.219488
0.219744
0.219648
0.219136
0.220224
0.235904
0.233440
0.225120
0.220224
0.219744
0.219808
0.219136
0.219936
0.219648
0.219296
0.219360
0.219712
0.219648
0.338336
0.220800
0.220224
0.219488
0.220192
0.219360
0.219520
0.221408
0.219680
0.219104
0.219616
0.219168
0.220256
0.220960
0.220416
0.219264
0.219136
0.219776
0.219424
0.219232
0.219552
0.219392
0.219424
0.369248
0.221280
0.357312
0.221152
0.220224
0.219520
0.219168
0.219360
0.220288
0.219296
0.219616
0.219136
0.219168
0.219552
0.219552
0.220320
0.220704
0.219456
0.219392
0.219328
0.219392
0.219136
0.220224
0.219552
0.219328
0.219136
0.219200
0.219200
0.219200
0.220416
0.219264
0.219776
0.219776
0.219872
0.220224
0.219680
0.219488
0.219616
0.220160
0.219328
0.219552
0.219232
0.219584
0.220096
0.219584
0.219456
0.219360
0.219456
0.219232
0.219136
0.219520
0.219360
0.219808
0.219552
0.219744
0.220032
0.469312
0.221184
0.221088
0.220672
0.219232
0.219968
0.219744
0.219840
0.219424
0.219264
0.219296
0.219296
0.219200
0.219264
0.219616
0.219488
0.220448
0.219360
0.219200
0.220192
0.219616
0.219264
0.219232
0.220736
0.219488
0.219168
0.219104
0.219968
0.220096
0.220480
0.219648
0.219936
0.220064
0.219360
0.220192
0.219776
0.219296
0.219552
0.219776
0.219392
0.219712
0.219936
0.219680
0.220224
0.219488
0.219136
0.219616
0.220192
0.219776
0.219360
0.222176
0.225280
0.222688
0.220544
0.228640
0.219712
0.220672
0.219360
0.219584
0.219744
0.219456
0.219904
0.219232
0.219520
0.220736
0.220448
0.220608
0.221184
0.220288
0.219360
0.220192
0.219584
0.219488
0.220448
0.220640
0.220896
0.220096
0.219296
0.220224
0.219552
0.219872
0.219232
0.220160
0.219392
0.219552
0.219360
0.219616
0.219296
0.219456
0.219168
0.219584
0.219360
0.219584
0.220192
0.219392
0.220192
0.219520
0.219488
0.219296
0.220416
0.219424
0.219488
0.220352
0.219264
0.220032
0.220320
0.219520
0.219456
0.219456
0.219360
0.219584
0.220192
0.219552
0.219168
0.220704
0.219136
0.219520
0.219968
0.219552
0.219200
0.220000
0.219488
0.219680
0.219136
0.219200
0.220160
0.219488
0.219616
0.219360
0.219936
0.219552
0.219584
0.219200
0.220064
0.219712
0.219552
0.219552
0.219520
0.220352
0.219616
0.338624
0.219552
0.219360
0.220384
0.220416
0.219456
0.219584
0.219840
0.219488
0.219296
0.219328
0.219744
0.219136
0.219264
0.220096
0.220448
0.219552
0.219616
0.219424
0.219232
0.219616
0.219424
0.219296
0.220160
0.219424
0.219520
0.220288
0.219616
0.219328
0.219136
0.221056
0.221504
0.221856
0.222368
0.222272
0.221632
0.402368
0.358848
0.222944
0.221664
0.221824
0.221280
0.221632
0.221568
0.221568
0.221536
0.222080
0.222688
0.221632
0.221824
0.221216
0.221344
0.222432
0.221184
0.222240
0.221472
0.221600
0.222336
0.221888
0.221600
0.221728
0.222528
0.221440
0.221600
0.240032
0.222816
0.228064
0.221824
0.468224
0.223744
0.223232
0.221312
0.222016
0.221632
0.221824
0.222176
0.222272
0.221472
0.222624
0.221440
0.222656
0.222048
0.222208
0.221664
0.221216
0.221440
0.222272
0.221440
0.222144
0.221568
0.221856
0.221600
0.221760
0.222048
0.221664
0.222240
0.221152
0.221216
0.222016
0.222880
0.222400
0.221536
0.221536
0.221696
0.221664
0.221888
0.221824
0.222304
0.221312
0.221536
0.221760
0.221952
0.222272
0.221792
0.222464
0.222592
0.221632
0.221888
0.221216
0.221600
0.222496
0.221664
0.222784
0.221664
0.221280
0.222048
0.221536
0.221568
0.222624
0.221312
0.222208
0.221376
0.221632
0.222304
0.222816
0.221728
0.221728
0.222240
0.221664
0.221760
0.239424
0.221952
0.222784
0.222240
0.221600
0.222464
0.221376
0.222048
0.221440
0.222016
0.221344
0.222240
0.221600
0.221568
0.222272
0.221312
0.225120
0.226880
0.224832
0.222656
0.222432
0.221952
0.222496
0.221184
0.221568
0.221504
0.221408
0.221696
0.235520
0.222848
0.221920
0.222720
0.222688
0.221280
0.222400
0.221376
0.222336
0.221568
0.221248
0.221344
0.222176
0.221312
0.221664
0.222528
0.221824
0.221440
0.222816
0.222240
0.221696
0.222592
0.221536
0.222016
0.222720
0.221664
0.221952
0.222240
0.221376
0.221440
0.221440
0.222144
0.221984
0.222432
0.221664
0.222496
0.223232
0.222816
0.227328
0.222752
0.222464
0.222528
0.221920
0.221568
0.221344
0.221504
0.221504
0.222080
0.222176
0.222368
0.221568
0.221568
0.221248
0.234816
0.221664
0.221856
0.221600
0.222336
0.222400
0.221408
0.222496
0.221312
0.222272
0.221632
0.222304
0.221600
0.222688
0.221472
0.222144
0.221536
0.222912
0.221600
0.221760
0.222176
0.221920
0.221760
0.222816
0.222592
0.221600
0.221696
0.221344
0.222080
0.221504
0.221536
0.221280
0.221408
0.221408
0.221472
0.222688
0.222496
0.221536
0.222176
0.222528
0.221248
0.221888
0.221184
0.221536
0.222336
0.221376
0.222400
0.222336
0.221152
0.221280
0.221984
0.221824
0.221568
0.222656
0.221472
0.221920
0.221792
0.221280
0.222304
0.221472
0.221600
0.221344
0.222432
0.221664
0.221344
0.245824
0.222880
0.342016
0.221760
0.221856
0.222528
0.221536
0.221760
0.221632
0.222496
0.221344
0.222304
0.222304
0.221760
0.222080
0.221696
0.221824
0.222144
0.221760
0.221568
0.221696
0.222272
0.221184
0.222432
0.222272
0.221664
0.221696
0.221600
0.221536
0.221632
0.221984
0.221280
0.221536
0.222176
0.221440
0.221184
0.221216
0.221408
0.221888
0.221472
0.222176
0.222720
0.222336
0.221440
0.222560
0.221504
0.221728
0.222464
0.221536
0.221184
0.222144
0.222368
0.221536
0.221600
0.221600
0.401408
0.348160
0.538880
0.223392
0.223232
0.221824
0.229504
0.237440
0.230496
0.241984
0.227680
0.221920
0.222208
0.221184
0.221760
0.221536
0.221792
0.222720
0.221216
0.222240
0.221600
0.221440
0.222208
0.221792
0.221504
0.221344
0.222208
0.221632
0.221280
0.222272
0.222496
0.221312
0.221792
0.221568
0.222048
0.220000
0.220000
0.219040
0.219264
0.219296
0.219168
0.219232
0.219552
0.219264
0.220064
0.220960
0.220256
0.219392
0.219296
0.219200
0.219360
0.221504
0.223936
0.236672
0.223840
0.230528
0.223808
0.224128
0.234656
0.225472
0.245984
0.238560
0.223456
0.237536
0.223808
0.225088
0.225344
0.225024
0.222016
0.220992
0.219392
0.220224
0.220512
0.219488
0.219680
0.220000
0.219424
0.219712
0.220416
0.219232
0.219648
0.219552
0.219744
0.220896
0.219456
0.220160
0.219456
0.220672
0.219168
0.219424
0.220288
0.219648
0.220352
0.219264
0.219520
0.219008
0.219104
0.219456
0.235968
0.219744
0.219136
0.220192
0.219296
0.227712
0.220256
0.219744
0.220448
0.219328
0.219136
0.219968
0.219200
0.220768
0.219200
0.219552
0.219264
0.219520
0.219328
0.219296
0.220384
0.220192
0.219328
0.220160
0.219872
0.219360
0.219328
0.219360
0.219264
0.219616
0.219168
0.219328
0.219328
0.219520
0.219584
0.220768
0.219200
0.220192
0.219872
0.219456
0.219136
0.219968
0.220512
0.220384
0.219488
0.219616
0.219296
0.220288
0.219520
0.219200
0.227424
0.243136
0.219584
0.239712
0.225536
0.220864
0.220576
0.219136
0.220512
0.224480
0.219616
0.219680
0.219328
0.219456
0.220896
0.232320
0.219968
0.220288
0.219968
0.219360
0.219136
0.219296
0.219488
0.219488
0.219136
0.220224
0.219552
0.219584
0.219392
0.220448
0.219136
0.219360
0.219136
0.220352
0.219456
0.219520
0.219104
0.219392
0.219584
0.219168
0.219296
0.218400
0.219360
0.219136
0.219328
0.220352
0.219552
0.219136
0.219424
0.219136
0.219968
0.219456
0.219360
0.219008
0.219200
0.219520
0.219648
0.220160
0.219232
0.219104
0.219136
0.219680
0.219424
0.219456
0.219136
0.219488
0.219168
0.219648
0.222784
0.238368
0.225440
0.219456
0.219968
0.229440
0.235040
0.219456
0.218848
0.219904
0.220512
0.219424
0.220832
0.220352
0.220256
0.219232
0.220224
0.338624
0.220928
0.219168
0.218912
0.219264
0.219168
0.219136
0.219040
0.220160
0.219296
0.220480
0.243872
0.220992
0.220448
0.219520
0.218944
0.221600
0.218816
0.219456
0.219392
0.219200
0.219360
0.219168
0.219648
0.219136
0.220064
0.219200
0.219936
0.220352
0.219744
0.219584
0.219040
0.219936
0.219392
0.219136
0.219424
0.219136
0.220032
0.219552
0.219456
0.220544
0.219136
0.219328
0.219456
0.220448
0.219328
0.219616
0.219840
0.219808
0.219360
0.219200
0.219328
0.220032
0.219392
0.220320
0.219136
0.219200
0.219488
0.219360
0.219168
0.219584
0.219360
0.219072
0.219328
0.219584
0.222048
0.220576
0.219968
0.219168
0.220256
0.239616
0.219648
0.438080
0.357184
0.358112
0.220896
0.219456
0.219936
0.220096
0.219680
0.219712
0.219232
0.219264
0.220256
0.219584
0.219360
0.219712
0.219296
0.219360
0.219360
0.219264
0.220352
0.219008
0.219136
0.219904
0.219168
0.220160
0.219648
0.220320
0.219680
0.219328
0.219392
0.219584
0.219392
0.219328
0.220320
0.219488
0.219360
0.219136
0.219296
0.219648
0.219136
0.219584
0.219456
0.219328
0.219232
0.220320
0.220544
0.219360
0.466048
0.221184
0.219904
0.220512
0.219552
0.219232
0.219520
0.220448
0.219200
0.219136
0.219648
0.219552
0.219936
0.220448
0.219136
0.219968
0.220288
0.219616
0.219520
0.219488
0.219648
0.219296
0.220192
0.219584
0.219392
0.219200
0.219296
0.219776
0.219616
0.220256
0.219712
0.220224
0.220032
0.219488
0.219200
0.219168
0.219232
0.220384
0.219200
0.219520
0.219488
0.219456
0.225504
0.220032
0.219840
0.219840
0.220512
0.219744
0.219584
0.219136
0.220416
0.219360
0.219424
0.219776
0.220736
0.220512
0.219136
0.220064
0.219488
0.219680
0.219264
0.220096
0.219360
0.219488
0.219648
0.219136
0.219392
0.219136
0.219616
0.219488
0.219136
0.219296
0.219168
0.219456
0.219168
0.219712
0.220288
0.219264
0.219968
0.219456
0.219424
0.219232
0.220480
0.220416
0.219520
0.220288
0.219680
0.219136
0.219456
0.219296
0.219872
0.219712
0.220928
0.219328
0.220192
0.219296
0.233856
0.339520
0.220480
0.219648
0.219584
0.219712
0.220160
0.219392
0.219232
0.219744
0.226656
0.225120
0.236064
0.235840
0.219840
0.398528
0.220928
0.356352
0.221184
0.220768
0.219232
0.219968
0.219488
0.219520
0.219136
0.221184
0.219712
0.219296
0.219968
0.219232
0.217472
0.217952
0.217472
0.218016
0.220320
0.218304
0.217888
0.218048
0.218496
0.218080
0.462656
0.219136
0.219136
0.229952
0.218432
0.217568
0.217408
0.218176
0.217600
0.217216
0.218112
0.218368
0.217440
0.218336
0.217312
0.218208
0.218144
0.217568
0.217504
0.217312
0.217440
0.217984
0.217504
0.217792
0.217504
0.218336
0.217568
0.217216
0.218528
0.218016
0.218688
0.218176
0.217568
0.217664
0.218528
0.217408
0.217824
0.218080
0.218560
0.217280
0.217280
0.217920
0.217376
0.217568
0.217120
0.218464
0.219040
0.218432
0.217248
0.218560
0.218464
0.218144
0.217792
0.218368
0.218208
0.217728
0.218208
0.217568
0.218464
0.217408
0.217728
0.217152
0.218592
0.218560
0.217248
0.218624
0.218528
0.218592
0.218240
0.217824
0.217696
0.217792
0.217440
0.217792
0.217216
0.217600
0.217728
0.217408
0.217056
0.217216
0.217504
0.217984
0.217408
0.218048
0.217920
0.218496
0.217440
0.218784
0.220800
0.224000
0.223264
0.224064
0.222176
0.220192
0.220768
0.220832
0.221344
0.223744
0.236864
0.221984
0.220224
0.221088
0.220992
0.221632
0.220928
0.219072
0.217632
0.217536
0.217312
0.218112
0.218176
0.217600
0.218176
0.217344
0.217248
0.218016
0.217632
0.218624
0.224288
0.233792
0.218272
0.217344
0.217472
0.217888
0.218176
0.217088
0.218240
0.218208
0.217472
0.218080
0.217568
0.217472
0.217344
0.218016
0.218400
0.218528
0.218464
0.217568
0.217824
0.217312
0.217952
0.217568
0.217760
0.217216
0.217088
0.218368
0.217472
0.218176
0.217440
0.217824
0.218400
0.217504
0.217216
0.217888
0.217824
0.218848
0.217472
0.218400
0.217504
0.218496
0.218528
0.222208
0.221856
0.221504
0.221856
0.221792
0.221472
0.221824
0.221184
0.222240
0.222752
0.223168
0.222880
0.222624
0.222176
0.222176
0.221344
0.221184
0.221632
0.222336
0.221408
0.222784
0.221952
0.222688
0.221312
0.222112
0.221664
0.221920
0.222048
0.221472
0.222720
0.222400
0.221632
0.222784
0.223072
0.221920
0.221632
0.221760
0.222464
0.222432
0.221472
0.221472
0.221568
0.222784
0.221664
0.222112
0.221952
0.224640
0.243104
0.225280
0.226080
0.227872
0.228800
0.228672
0.228928
0.227872
0.262496
0.227328
0.224800
0.235968
0.223008
0.222752
0.222688
0.221696
0.233376
0.222848
0.221728
0.221984
0.222880
0.222208
0.222752
0.221504
0.231136
0.221536
0.221824
0.222240
0.221632
0.223008
0.222016
0.221824
0.222240
0.221504
0.223200
0.222144
0.221824
0.222272
0.222944
0.222368
0.221536
0.223712
0.343616
0.229056
0.227328
0.227104
0.227136
0.228544
0.227328
0.227552
0.251968
0.227680
0.226272
0.226688
0.227680
0.227360
0.226848
0.227328
0.227264
0.226272
0.226688
0.226304
0.226496
0.228512
0.227328
0.227360
0.227360
0.243520
0.227840
0.228032
0.228512
0.227392
0.226528
0.225056
0.224416
0.223040
0.221248
0.222592
0.221248
0.222592
0.222368
0.222400
0.221504
0.222336
0.221504
0.221952
0.221920
0.221600
0.221696
0.222560
0.221568
0.221760
0.222240
0.221600
0.221600
0.221984
0.221536
0.221792
0.222688
0.221344
0.222080
0.227488
0.225280
0.222944
0.221728
0.221472
0.222400
0.222176
0.221600
0.222848
0.222752
0.223040
0.221792
0.221920
0.222176
0.225248
0.225760
0.352832
0.360800
0.346112
0.348128
0.345504
0.347936
0.344064
0.342368
0.423008
0.220512
0.735328
0.219776
0.220096
0.220512
0.219296
0.474368
0.221184
0.221184
0.220480
0.220384
0.219488
0.219552
0.219840
0.220160
0.221120
0.220480
0.219360
0.219200
0.219200
0.220256
0.219552
0.219136
0.219648
0.219328
0.219744
0.219136
0.220576
0.219168
0.219616
0.219200
0.220704
0.219488
0.219456
0.219616
0.219232
0.220800
0.219552
0.219968
0.220224
0.220160
0.219776
0.219328
0.219744
0.220064
0.220192
0.219776
0.219360
0.219264
0.220512
0.222720
0.225920
0.225408
0.224352
0.221440
0.220256
0.219584
0.219648
0.219200
0.219968
0.219328
0.219680
0.220224
0.219520
0.219680
0.219264
0.219040
0.219712
0.220672
0.219744
0.219712
0.220320
0.219296
0.219136
0.219296
0.218944
0.215040
0.215808
0.215488
0.215936
0.216096
0.215520
0.215264
0.215712
0.215232
0.216864
0.217088
0.215744
0.215648
0.215040
0.215968
0.215616
0.216160
0.215360
0.216224
0.215680
0.215456
0.215392
0.215392
0.215744
0.215808
0.215424
0.215968
0.216800
0.215680
0.216320
0.215136
0.215872
0.216064
0.215744
0.216064
0.216736
0.215136
0.215328
0.215552
0.218688
0.221152
0.218912
0.215584
0.215968
0.216736
0.215904
0.333920
0.219680
0.216448
0.216480
0.215296
0.215904
0.216288
0.215488
0.215584
0.216064
0.215392
0.216064
0.216160
0.215488
0.215264
0.215584
0.216672
0.216000
0.217024
0.216288
0.215392
0.215392
0.215872
0.216160
0.215424
0.215712
0.215072
0.216064
0.215520
0.215936
0.215520
0.215840
0.215840
0.215648
0.215104
0.225184
0.216160
0.395840
0.216896
0.720896
0.219136
0.218464
0.218464
0.217376
0.218304
0.218144
0.218112
0.217664
0.231424
0.219328
0.218944
0.217312
0.217376
0.217408
0.217536
0.218528
0.219360
0.223232
0.223232
0.223232
0.225024
0.225280
0.247584
0.222944
0.221248
0.223040
0.223392
0.222880
0.221376
0.222560
0.221952
0.223040
0.223232
0.222208
0.222528
0.223360
0.222560
0.222272
0.235520
0.225024
0.243328
0.224512
0.223840
0.223424
0.222816
0.222464
0.223232
0.222944
0.223360
1.049344
0.220288
0.219264
0.217920
0.217568
0.218464
0.218464
0.217184
0.217856
0.218016
0.218496
0.217472
0.217760
0.218016
0.217856
0.218048
0.217120
0.218304
0.217088
0.218912
0.218176
0.217152
0.218464
0.217184
0.218272
0.218688
0.218944
0.218208
0.217856
0.218080
0.218688
0.217088
0.217056
0.217792
0.217856
0.217824
0.217376
0.217536
0.395040
0.217088
0.689312
0.218080
0.218144
0.217088
0.216800
0.216096
0.215808
0.215392
0.215584
0.215232
0.216000
0.215328
0.215744
0.216640
0.215392
0.215136
0.216544
0.216768
0.216384
0.215520
0.215488
0.215680
0.216896
0.456704
0.217184
0.217088
0.216832
0.215520
0.216160
0.215648
0.216544
0.216416
0.215552
0.215968
0.216832
0.216480
0.215040
0.216640
0.216640
0.215200
0.216320
0.216384
0.215264
0.216288
0.215616
0.215392
0.216032
0.216096
0.215648
0.215776
0.216288
0.216224
0.216768
0.215616
0.215584
0.215648
0.216064
0.215552
0.215904
0.216640
0.215520
0.215616
0.215616
0.215552
0.216256
0.215488
0.215552
0.215392
0.215936
0.216416
0.215456
0.215296
0.216032
0.215488
0.216160
0.215488
0.215456
0.216704
0.216352
0.216320
0.217024
0.217024
0.218816
0.218528
0.218720
0.217184
0.218304
0.217088
0.217504
0.218880
0.218176
0.217984
0.219040
0.217824
0.217440
0.217472
0.219520
0.217440
0.218112
0.217664
0.249856
0.221024
0.217600
0.217408
0.217472
0.217696
0.217920
0.217792
0.218528
0.218304
0.217312
0.217632
0.218336
0.218752
0.218560
0.217600
0.217824
0.218496
0.218464
0.217568
0.217856
0.218048
0.217376
0.218368
0.217792
0.217760
0.217568
0.217888
0.217664
0.218144
0.217568
0.217728
0.217568
0.217632
0.218240
0.218080
0.217344
0.218208
0.217408
0.217856
0.218784
0.217152
0.218048
0.217728
0.218464
0.217344
0.217792
0.217600
0.217088
0.218368
0.217216
0.218048
0.217568
0.217824
0.217568
0.217376
0.218112
0.217600
0.334432
0.217664
0.218080
0.218112
0.217632
0.217504
0.217568
0.217792
0.218112
0.217088
0.218304
0.218304
0.217312
0.217504
0.217856
0.217952
0.219072
0.219808
0.219296
0.219968
0.220032
0.219392
0.219392
0.220512
0.220256
0.220224
0.220704
0.220192
0.220320
0.219648
0.220384
0.219648
0.219904
0.219264
0.219136
0.219584
0.219744
0.219584
0.219936
0.219840
0.219168
0.220544
0.219168
0.219680
0.219296
0.219488
0.219520
0.219808
0.219264
0.219264
0.220224
0.219712
0.219360
0.220320
0.220160
0.219584
0.220032
0.219456
0.219680
0.219136
0.219360
0.220224
0.220320
0.219488
0.220192
0.219296
0.219200
0.220160
0.219552
0.220416
0.219648
0.219776
0.221088
0.219808
0.220544
0.220832
0.374848
0.366816
0.221440
0.671744
0.220480
0.219712
0.220416
0.220256
0.219648
0.219232
0.219968
0.219936
0.219936
0.219552
0.219776
0.219136
0.219328
0.220160
0.219552
0.219296
0.219328
0.219488
0.219392
0.220288
0.220224
0.219776
0.219232
0.221536
0.219360
0.219232
0.220544
0.219680
0.219456
0.220256
0.219616
0.219424
0.219648
0.219584
0.219200
0.220288
0.219136
0.220192
0.220416
0.219296
0.220000
0.219680
0.219840
0.220480
0.219104
0.219136
0.219520
0.220128
0.219616
0.219424
0.220640
0.219616
0.219552
0.219168
0.220512
0.220128
0.219616
0.219968
0.219616
0.219968
0.219648
0.219360
0.220928
0.220000
0.220448
0.220608
0.219360
0.468640
0.221568
0.221184
0.219520
0.219648
0.220032
0.219168
0.220128
0.219552
0.219936
0.219584
0.219904
0.220416
0.219360
0.219520
0.219136
0.220320
0.220224
0.219200
0.220320
0.219360
0.220512
0.219968
0.219040
0.219328
0.219872
0.219424
0.219488
0.220416
0.219456
0.219136
0.220096
0.219456
0.220608
0.220512
0.221856
0.219520
0.220384
0.227552
0.220704
0.224320
0.225248
0.223904
0.237312
0.221696
0.220544
0.219584
0.220480
0.219264
0.220192
0.219520
0.219552
0.220224
0.219840
0.219232
0.219392
0.220384
0.219488
0.220256
0.219552
0.220032
0.219584
0.219424
0.219872
0.219904
0.344256
0.220832
0.221184
0.220896
0.220352
0.219136
0.219104
0.219040
0.219168
0.219328
0.219392
0.220288
0.220224
0.219616
0.220288
0.219616
0.219520
0.219968
0.219776
0.220512
0.219520
0.220160
0.219552
0.401408
0.356512
0.220800
0.219360
0.220160
0.219328
0.219616
0.219840
0.219168
0.219968
0.219584
0.219840
0.220704
0.219520
0.219392
0.219584
0.220256
0.219456
0.220224
0.219520
0.219968
0.219392
0.219136
0.219744
0.220480
0.219328
0.220192
0.220128
0.219488
0.219040
0.219360
0.219136
0.219520
0.219488
0.219488
0.219392
0.220128
0.219680
0.220416
0.219328
0.219392
0.233504
0.219840
0.220544
0.219328
0.219552
0.220160
0.219392
0.220160
0.219648
0.219968
0.463264
0.221568
0.221120
0.219776
0.219392
0.219488
0.220160
0.219648
0.220736
0.220256
0.219296
0.219456
0.219264
0.219392
0.218880
0.220032
0.219520
0.219488
0.219552
0.219904
0.219584
0.219200
0.220064
0.219136
0.220096
0.219456
0.220640
0.219264
0.219328
0.219776
0.219136
0.220128
0.220192
0.219584
0.220288
0.219360
0.219584
0.219456
0.219232
0.219936
0.220320
0.220160
0.219712
0.220416
0.220384
0.219648
0.219744
0.219136
0.220256
0.219424
0.219520
0.219136
0.219136
0.219776
0.219296
0.219904
0.219552
0.219584
0.219136
0.219872
0.219520
0.220000
0.219456
0.219712
0.220160
0.219744
0.219584
0.220224
0.219744
0.219680
0.220544
0.219136
0.220224
0.219584
0.219168
0.219136
0.221248
0.221856
0.222912
0.222752
0.222944
0.221440
0.221568
0.222112
0.221440
0.222336
0.223200
0.221664
0.222816
0.221568
0.222144
0.222240
0.221504
0.222976
0.222848
0.222368
0.223168
0.222752
0.221632
0.221184
0.221760
0.222464
0.221504
0.221600
0.221696
0.221792
0.221248
0.221792
0.221408
0.221248
0.221984
0.222336
0.222912
0.222080
0.222560
0.221440
0.222080
0.221344
0.222368
0.221184
0.222112
0.221568
0.222592
0.221472
0.221920
0.221184
0.221472
0.222496
0.221728
0.221760
0.222432
0.223360
0.222976
0.222240
0.221632
0.221888
0.221408
0.221376
0.221504
0.221632
0.221184
0.221248
0.221440
0.222496
0.221184
0.222432
0.235808
0.239616
0.228096
0.233376
0.236352
0.222304
0.222080
0.221632
0.221664
0.221600
0.221184
0.222304
0.221408
0.221440
0.221344
0.357376
0.221664
0.221280
0.221696
0.249920
0.222880
0.221472
0.221568
0.221536
0.221856
0.221184
0.221504
0.221184
0.221792
0.221440
0.221632
0.221696
0.221472
0.221280
0.354240
0.481728
0.224256
0.221760
0.221312
0.221600
0.222208
0.221280
0.221184
0.221984
0.221504
0.221568
0.222176
0.221280
0.221600
0.221216
0.221504
0.221536
0.221536
0.222176
0.221472
0.221216
0.222656
0.221952
0.474464
0.223456
0.223232
0.221952
0.222272
0.221664
0.221056
0.221472
0.221536
0.234048
0.368640
0.222784
0.222816
0.221184
0.222304
0.221184
0.221824
0.222368
0.221728
0.222240
0.221248
0.222400
0.221408
0.220608
0.223104
0.221952
0.226944
0.222944
0.221312
0.222208
0.221568
0.221376
0.222112
0.222528
0.221280
0.222080
0.221504
0.221504
0.222688
0.221344
0.222304
0.222496
0.221824
0.221120
0.219808
0.219840
0.219584
0.219168
0.219136
0.219712
0.220288
0.222272
0.221344
0.221472
0.219552
0.219296
0.219552
0.219456
0.219136
0.398304
0.495968
0.221056
0.219296
0.219232
0.219296
0.468544
0.221184
0.221216
0.219456
0.219136
0.219296
0.219232
0.219360
0.219712
0.220288
0.219456
0.220064
0.219616
0.219136
0.219296
0.220512
0.219200
0.219360
0.219264
0.220480
0.219296
0.220064
0.219520
0.219616
0.219392
0.219200
0.219904
0.219712
0.219520
0.220512
0.219200
0.220256
0.219264
0.220064
0.219360
0.220320
0.220448
0.219456
0.219488
0.219296
0.219424
0.219840
0.219136
0.219872
0.219616
0.219648
0.219360
0.220064
0.219328
0.220352
0.219456
0.219616
0.219104
0.219232
0.219520
0.219360
0.219520
0.219264
0.219456
0.219232
0.219296
0.220096
0.220096
0.224192
0.219808
0.220192
0.220288
0.219424
0.219200
0.219488
0.219488
0.219264
0.219168
0.219136
0.220064
0.220160
0.219808
0.222272
0.219136
0.219552
0.219200
0.219936
0.233664
0.220416
0.219712
0.219456
0.228032
0.241152
0.219424
0.219232
0.219456
0.219296
0.219680
0.220096
0.219104
0.219136
0.219968
0.219136
0.219200
0.220320
0.220608
0.219296
0.219392
0.219520
0.219424
0.219680
0.219136
0.220224
0.219360
0.220256
0.219008
0.219136
0.219520
0.219968
0.219616
0.220192
0.219424
0.220640
0.223104
0.224064
0.222016
0.220320
0.219424
0.220416
0.219456
0.219136
0.219168
0.219712
0.219168
0.219584
0.219360
0.219360
0.219392
0.219488
0.219712
0.235520
0.219264
0.219520
0.219264
0.219904
0.219616
0.219136
0.219808
0.219360
0.219424
0.218944
0.219296
0.219904
0.225120
0.219392
0.219296
0.219488
0.219968
0.220512
0.221568
0.221504
0.221632
0.221792
0.221184
0.222848
0.224448
0.221600
0.221568
0.221984
0.222880
0.221248
0.221984
0.221408
0.222048
0.221568
0.222432
0.221664
0.222144
0.221376
0.221504
0.224992
0.222496
0.221664
0.221664
0.222400
0.221472
0.221248
0.221408
0.222560
0.221536
0.221696
0.221184
0.222528
0.221504
0.221664
0.221792
0.221312
0.222176
0.221760
0.222048
0.221440
0.221600
0.221408
0.221280
0.221184
0.221632
0.221536
0.221888
0.222080
0.221472
0.221472
0.221184
0.221664
0.221568
0.221824
0.221376
0.222656
0.221664
0.221184
0.221184
0.222432
0.221472
0.222176
0.221696
0.222336
0.221472
0.221728
0.221312
0.221984
0.242496
0.221888
0.222272
0.221664
0.221760
0.221504
0.221408
0.221216
0.221472
0.223456
0.348064
0.222656
0.221472
0.221504
0.221312
0.221600
0.221888
0.221344
0.222208
0.221184
2253.969116
