0.221280
0.217184
0.217088
0.216928
0.216704
0.215264
0.215552
0.216128
0.215776
0.215936
0.228832
0.219200
0.229472
0.227520
0.216672
0.215168
0.215360
0.215488
0.215488
0.215104
0.216832
0.216960
0.216352
0.215296
0.216544
0.215264
0.215808
0.215328
0.216288
0.215488
1.379136
0.217408
0.216800
0.215520
0.215872
0.215456
0.216192
0.215168
0.216320
0.216608
0.215104
0.216288
0.215392
0.215520
0.216576
0.216224
0.215488
0.215904
0.216128
0.215712
0.216800
0.216800
0.216288
0.370720
0.216608
0.552064
0.217088
0.215648
0.216576
0.215264
0.216096
0.215552
0.215488
0.216000
0.216000
0.215168
0.215328
0.216096
0.215296
0.215456
0.215872
0.337120
0.217056
0.216128
0.216448
0.214784
0.209632
0.209760
0.210176
0.209664
0.210240
0.210272
0.210784
0.210944
0.733184
0.211040
0.210528
0.210144
0.209440
0.209696
0.210336
0.209696
0.210528
0.210112
0.209664
0.210272
0.209344
0.210304
0.466784
0.212640
0.211392
0.210336
0.209632
0.210144
0.209696
0.210336
0.210080
0.209504
0.209536
0.209248
0.209952
0.217696
0.211072
0.211136
0.224224
0.212640
0.210944
0.210880
0.211168
0.210528
0.210752
0.209504
0.210592
0.210592
0.210112
0.209856
0.210560
0.209472
0.209536
0.210816
0.209664
0.209728
0.210304
0.209856
0.210528
0.209408
0.209824
0.210656
0.210240
0.390944
0.209920
0.209760
0.566944
0.212032
0.209568
0.210368
0.209792
0.209728
0.212288
0.209120
0.210336
0.209760
0.210624
0.210112
0.209728
0.209312
0.210016
0.209696
0.210528
0.210720
0.209408
0.209664
0.210688
0.209920
0.210304
0.210240
0.467456
0.212192
0.211040
0.210944
0.210496
0.209376
0.209568
0.209600
0.210464
0.209088
0.210624
0.209440
0.210624
0.209920
0.210400
0.209312
0.210496
0.210720
0.210656
0.210560
0.210528
0.210208
0.209408
0.210208
0.209344
0.210432
0.209920
0.210400
0.210464
0.210304
0.209824
0.209312
0.209856
0.210528
0.210048
0.211200
0.210816
0.210560
0.210208
0.209376
0.209728
0.209888
0.209632
0.210112
0.210336
0.209632
0.210976
0.223776
0.211424
0.215328
0.211840
0.211296
0.210944
0.210944
0.210880
0.209696
0.210624
0.209984
0.209888
0.210368
0.210368
0.210688
0.209920
0.209664
0.210528
0.210368
0.210784
0.210528
0.210304
0.209440
0.210496
0.209312
0.212064
0.212064
0.210528
0.209376
0.209856
0.210560
0.210816
0.210560
0.209504
0.209856
0.210784
0.210464
0.210464
0.209088
0.212672
0.212992
0.213632
0.213600
0.213504
0.214400
0.214464
0.213536
0.214816
0.229664
0.214912
0.213152
0.213792
0.214528
0.214624
0.214560
0.214560
0.213472
0.213376
0.213856
0.214304
0.213248
0.213696
0.220320
0.213504
0.214208
0.214208
0.213536
0.213920
0.213536
0.213184
0.213120
0.214272
0.213696
0.213632
0.214368
0.213120
0.213920
0.213600
0.213440
0.221184
0.329312
0.213728
0.213696
0.213632
0.213472
0.213792
0.214432
0.214432
0.213152
0.214144
0.213536
0.213632
0.214400
0.213344
0.213952
0.429760
0.213600
0.524352
0.213536
0.213952
0.213568
0.213056
0.214176
0.213408
0.213024
0.214272
0.213312
0.213280
0.213088
0.214496
0.213024
0.213312
0.233824
0.214112
0.212992
0.213120
0.214240
0.214048
0.213568
0.213984
0.213408
0.213664
0.212992
0.214080
0.213248
0.213440
0.213824
0.213440
0.212992
0.213504
0.214304
0.213504
0.213536
0.213408
0.213248
0.214016
0.213024
0.213568
0.214048
0.213312
0.214112
0.213312
0.214080
0.213344
0.213792
0.213344
0.212992
0.213376
0.214496
0.232608
0.213856
0.214240
0.213440
0.214144
0.213600
0.213888
0.213376
0.213728
0.213312
0.213312
0.214208
0.213216
0.214080
0.213728
0.213536
0.214144
0.477120
0.215040
0.216160
0.214848
0.213632
0.213632
0.214240
0.213440
0.213472
0.213280
0.213440
0.214240
0.213632
0.213408
0.213440
0.213696
0.213152
0.213856
0.213536
0.213664
0.213888
0.213312
0.214048
0.214048
0.213728
0.213152
0.213312
0.224608
0.215040
0.214144
0.213952
0.220384
0.215232
0.235520
0.241312
0.219296
0.235392
0.227936
0.224448
0.219616
0.218432
0.217504
0.217216
0.220960
0.218400
0.218688
0.218368
0.219008
0.220032
0.220672
0.219872
0.220576
0.220992
0.229696
0.225920
0.221248
0.222560
0.235936
0.241664
0.231136
0.220608
0.391520
0.223200
0.219520
0.218816
0.217792
0.217920
0.218912
0.219552
0.217376
0.216928
0.224512
0.215840
0.215872
0.215360
0.215648
0.215168
0.215840
0.215040
0.215648
0.215360
0.215680
0.216320
0.216768
0.215456
0.215744
0.216416
0.216288
0.215904
0.215808
0.216064
0.216992
0.440320
0.498912
0.218784
0.217088
0.215328
0.215808
0.215520
0.215936
0.216224
0.215072
0.216800
0.216800
0.216032
0.215872
0.215296
0.216224
0.215712
0.215328
0.215168
0.216192
0.215328
0.215680
0.215392
0.215488
0.214400
0.215456
0.215616
0.215232
0.216224
0.216832
0.216512
0.215648
0.215520
0.215168
0.215424
0.215936
0.215488
0.215648
0.215232
0.215840
0.217056
0.216512
0.216800
0.216672
0.215232
0.215456
0.216128
0.475168
0.218368
0.217472
0.215776
0.215584
0.215584
0.215360
0.215424
0.216448
0.215232
0.215584
0.215328
0.215360
0.215328
0.215520
0.215328
0.215232
0.216704
0.216896
0.215264
0.215424
0.216352
0.215328
0.215456
0.215296
0.215712
0.216512
0.215392
0.216224
0.215360
0.215424
0.215040
0.229312
0.215904
0.216192
0.215744
0.216704
0.216064
0.215552
0.215392
0.215232
0.221504
0.217024
0.216480
0.215584
0.215808
0.215776
0.215840
0.215744
0.215520
0.215616
0.216000
0.216288
0.215808
0.215616
0.215328
0.215712
0.215296
0.216288
0.216096
0.215584
0.216128
0.220096
0.374080
0.217312
0.216032
0.216192
0.215648
0.215488
0.216032
0.225536
0.216160
0.215456
0.215456
0.215360
0.215680
0.215840
0.215744
0.215840
0.216320
0.216224
0.215488
0.215168
0.215136
0.215552
0.215680
0.216160
0.215264
0.216256
0.216160
0.215424
0.216064
0.215552
0.215680
0.216288
0.215360
0.216192
0.215392
0.216192
0.215040
0.216672
0.216096
0.216160
0.215264
0.215104
0.216096
0.215200
0.215936
0.215424
0.215392
0.215872
0.216704
0.215168
0.216480
0.392384
0.216736
0.497056
0.216928
0.215360
0.216000
0.215424
0.215520
0.216096
0.215520
0.215840
0.216352
0.215264
0.215200
0.215296
0.215520
0.215264
0.215648
0.216608
0.215232
0.215808
0.215072
0.215488
0.215552
0.215456
0.215872
0.215840
0.215808
0.215424
0.215456
0.480096
0.218304
0.217152
0.215424
0.216640
0.215840
0.216672
0.215264
0.216032
0.216416
0.215232
0.215520
0.215840
0.215712
0.216320
0.215168
0.216320
0.215232
0.215488
0.215840
0.216640
0.215104
0.215520
0.216160
0.215360
0.216032
0.215680
0.216352
0.215456
0.216160
0.216512
0.215392
0.215712
0.215168
0.216384
0.216512
0.215424
0.215680
0.225632
0.216416
0.215584
0.215840
0.220576
0.216832
0.231392
0.216736
0.215456
0.215296
0.215936
0.216768
0.216064
0.215456
0.216704
0.216416
0.215584
0.215936
0.215584
0.215104
0.216576
0.215488
0.215488
0.215808
0.222368
0.216928
0.233184
0.217216
0.216800
0.215456
0.216640
0.216512
0.216608
0.215168
0.216448
0.216032
0.215584
0.216352
0.215360
0.215520
0.215232
0.215296
0.216000
0.215360
0.215616
0.216352
0.215904
0.215680
0.216128
0.215360
0.215424
0.215808
0.215968
0.216448
0.215456
0.216096
0.216544
0.215072
0.216512
0.215264
0.216192
0.216480
0.217024
0.215392
0.215680
0.216352
0.215968
0.215904
0.216000
0.216064
0.215744
0.216608
0.215264
0.215264
0.216576
0.215360
0.215872
0.215552
0.216160
0.215712
0.216192
0.215328
0.215488
0.216736
0.216640
0.215296
0.215584
0.216448
0.215200
0.216064
0.215776
0.216416
0.215168
0.216640
0.216384
0.216288
0.215872
0.215616
0.215264
0.216384
0.215648
0.216640
0.217056
0.332512
0.216992
0.215296
0.216448
0.215360
0.215264
0.216480
0.216288
0.215552
0.215936
0.215328
0.215168
0.215968
0.215488
0.215936
0.216640
0.215328
0.215456
0.215552
0.216032
0.215552
0.215520
0.215296
0.216512
0.216064
0.215648
0.215424
0.215776
0.215232
0.216032
0.216352
0.215424
0.216160
0.215648
0.216224
0.215520
0.216448
0.215776
0.215712
0.215680
0.215744
0.216576
0.215168
0.215648
0.215904
0.215648
0.224832
0.216896
0.216576
0.215264
0.232320
0.216704
0.215456
0.216448
0.216736
0.216192
0.215520
0.215904
0.216512
0.215360
0.216448
0.215488
0.216352
0.215456
0.215776
0.215616
0.216128
0.215488
0.364320
0.338208
0.351968
0.218144
0.215616
0.215104
0.214816
0.218720
0.222560
0.221088
0.219648
0.220640
0.220512
0.219296
0.219328
0.220768
0.219360
0.220288
0.219328
0.220160
0.220128
0.220576
0.219232
0.220416
0.220032
0.220128
0.220896
0.221184
0.220448
0.221536
0.221024
0.219840
0.369888
0.218080
0.216448
0.215104
0.214976
0.215040
0.214944
0.215328
0.214592
0.214848
0.214880
0.214976
0.215232
0.214880
0.214624
0.215040
0.215040
0.214976
0.215008
0.215648
0.221184
0.214976
0.214848
0.215296
0.215040
0.214240
0.214688
0.214976
0.214944
0.215008
0.214912
0.215168
0.214496
0.215168
0.215008
0.214976
0.214784
0.216192
0.215104
0.215808
0.214848
0.476800
0.217088
0.217088
0.215040
0.215008
0.214848
0.215040
0.215040
0.214944
0.215072
0.214848
0.215104
0.214912
0.230496
0.215776
0.215392
0.215328
0.392608
0.337696
0.413632
0.587776
0.217792
0.215840
0.215040
0.215072
0.214848
0.215616
0.215872
0.215328
0.214944
0.214176
0.215008
0.214656
0.215200
0.215232
0.214688
0.215232
0.215008
0.215872
0.215040
0.215040
0.215040
0.215040
0.215488
0.216064
0.215328
0.216032
0.215104
0.215232
0.215232
0.215040
0.215168
0.214944
0.214528
0.214784
0.214720
0.215712
0.215264
0.214720
0.214848
0.215872
0.214656
0.215424
0.215808
0.215264
0.215040
0.474752
0.217088
0.216576
0.215520
0.214944
0.215040
0.214976
0.215040
0.215360
0.215072
0.215104
0.214848
0.215008
0.215232
0.215040
0.214784
0.215200
0.389120
0.215456
0.402304
0.217088
0.215552
0.214752
0.214784
0.215392
0.214976
0.215040
0.214688
0.215136
0.216032
0.214848
0.215136
0.216000
0.214944
0.215104
0.214912
0.214304
0.215008
0.214784
0.215008
0.214784
0.215264
0.214176
0.214144
0.214560
0.215040
0.215200
0.215648
0.215232
0.215104
0.215520
0.215040
0.215008
0.214240
0.214848
0.214880
0.215040
0.214880
0.214912
0.215008
0.215040
0.214976
0.215040
0.214656
0.215456
0.216064
0.215072
0.214144
0.215040
0.215040
0.471488
0.216736
0.215616
0.216352
0.215200
0.215040
0.331360
0.215520
0.215040
0.215072
0.215136
0.215040
0.215040
0.214688
0.214976
0.214880
0.215392
0.214368
0.215040
0.215040
0.215232
0.214336
0.214880
0.215168
0.215040
0.214944
0.215040
0.214912
0.214880
0.214656
0.215072
0.215040
0.214912
0.215040
0.392288
0.215296
0.520096
0.215840
0.215040
0.214784
0.214944
0.214784
0.214656
0.215520
0.215008
0.215040
0.215264
0.215040
0.214816
0.214816
0.215744
0.215200
0.216224
0.215072
0.215008
0.214848
0.214336
0.213920
0.215744
0.214880
0.215040
0.214976
0.214912
0.214592
0.472768
0.217088
0.216928
0.215040
0.214976
0.214752
0.214848
0.214016
0.214720
0.215136
0.215040
0.214688
0.214912
0.214944
0.216704
0.216192
0.215232
0.215040
0.215072
0.214592
0.214592
0.214752
0.214912
0.214720
0.215072
0.214944
0.215840
0.214848
0.214688
0.214400
0.215040
0.215040
0.215264
0.215296
0.215360
0.215072
0.215520
0.214912
0.215008
0.215296
0.215008
0.214848
0.215040
0.215392
0.215008
0.214976
0.215040
0.214976
0.215232
0.215328
0.216736
0.216256
0.235424
0.215200
0.224992
0.214848
0.215296
0.214944
0.214976
0.215040
0.214944
0.214528
0.214048
0.215072
0.214656
0.215040
0.216224
0.214528
0.215360
0.215040
0.215104
0.214720
0.214752
0.215104
0.215040
0.215040
0.215040
0.214464
0.215328
0.215040
0.214848
0.215008
0.215104
0.214880
0.214752
0.214720
0.229376
0.216448
0.215104
0.215040
0.215200
0.215008
0.214816
0.214720
0.214016
0.214752
0.214976
0.216224
0.215136
0.214912
0.215136
0.214592
0.214912
0.215040
0.215200
0.214752
0.214944
0.215040
0.215328
0.214880
0.215040
0.215040
0.214400
0.214240
0.214304
0.214976
0.214848
0.215040
0.215040
0.215008
0.215168
0.215008
0.215328
0.215104
0.215392
0.214976
0.215040
0.214976
0.215040
0.215424
0.215040
0.214880
0.214400
0.215072
0.214016
0.214784
0.213856
0.215264
0.215040
0.215040
0.215648
0.215584
0.215360
0.215040
0.215264
0.213888
0.217216
0.220032
0.220256
0.218944
0.217632
0.217088
0.217152
0.217568
0.219552
0.219392
0.217792
0.215904
0.217088
0.217248
0.218912
0.217088
0.215520
0.230016
0.216256
0.215264
0.215040
0.214848
0.215008
0.214688
0.215104
0.214944
0.215008
0.213888
0.214144
0.215104
0.215040
0.216160
0.215680
0.214880
0.215040
0.214976
0.214944
0.215040
0.214752
0.214560
0.215232
0.215040
0.215264
0.214944
0.215008
0.215040
0.214784
0.214880
0.215200
0.215040
0.215648
0.214944
0.214880
0.214656
0.215040
0.214880
0.215328
0.215040
0.215040
0.214720
0.214016
0.215104
0.214848
0.214880
0.215040
0.214016
0.214912
0.215232
0.215328
0.215840
0.216128
0.215168
0.215200
0.214912
0.215168
0.214784
0.215072
0.214016
0.215104
0.215232
0.214880
0.216192
0.214656
0.214752
0.215040
0.215200
0.215232
0.216000
0.215168
0.215072
0.215072
0.331712
0.215296
0.214272
0.215008
0.215040
0.215040
0.215040
0.214752
0.214752
0.215040
0.215232
0.214560
0.215136
0.215136
0.215040
0.215168
0.214720
0.214656
0.215040
0.215040
0.215424
0.215040
0.215072
0.214816
0.215200
0.214720
0.214592
0.214624
0.215040
0.214880
0.215232
0.215392
0.214848
0.343936
0.215040
0.215040
0.215040
0.215296
0.215040
0.215040
0.214912
0.215328
0.215136
0.215104
0.214080
0.214976
0.215040
0.378880
0.444576
0.217088
0.215360
0.215040
0.215456
0.215040
0.214784
0.215008
0.214784
0.214880
0.215168
0.214976
0.214880
0.215104
0.218880
0.216544
0.215040
0.215968
0.215328
0.215136
0.214848
0.214880
0.214784
0.214944
0.218688
0.216544
0.215040
0.215232
0.214784
0.215104
0.215040
0.214944
0.214784
0.215072
0.215712
0.214848
0.215104
0.214976
0.214720
0.214016
0.214880
0.215008
0.214944
0.215200
0.214432
0.215232
0.215136
0.215200
0.214464
0.215040
0.215264
0.215296
0.215904
0.215232
0.214848
0.214016
0.214624
0.214848
0.215008
0.215040
0.215296
0.215488
0.214368
0.214816
0.214816
0.215136
0.214720
0.214688
0.214720
0.215264
0.215616
0.215168
0.214880
0.476960
0.215904
0.216864
0.215072
0.215232
0.214016
0.214208
0.214080
0.214912
0.214144
0.214848
0.214592
0.215040
0.216032
0.215040
0.214592
0.214976
0.215072
0.215008
0.215040
0.215072
0.214976
0.215040
0.214688
0.215776
0.214272
0.215168
0.214912
0.215232
0.215680
0.215360
0.215584
0.215392
0.214432
0.214848
0.215040
0.215040
0.215040
0.215072
0.214624
0.215008
0.215040
0.215072
0.214848
0.215136
0.214656
0.214592
0.214496
0.215008
0.215392
0.215168
0.215328
0.215328
0.214912
0.215040
0.214592
0.214976
0.214304
0.215296
0.214912
0.214912
0.215040
0.214688
0.214976
0.214880
0.215040
0.215008
0.215040
0.215040
0.215104
0.215072
0.226112
0.215232
0.215264
0.214112
0.214400
0.214080
0.215168
0.215136
0.214976
0.215136
0.215200
0.215392
0.215008
0.214816
0.214944
0.215840
0.215040
0.214560
0.214944
0.215040
0.214816
0.215040
0.215328
0.215040
0.214880
0.214816
0.214912
0.214784
0.214144
0.214336
0.215456
0.331136
0.225664
0.215168
0.214944
0.213984
0.215040
0.215040
0.215040
0.215968
0.216736
0.215552
0.215008
0.214656
0.214912
0.215168
0.214816
0.214848
0.214816
0.215040
0.214944
0.215200
0.214368
0.215296
0.214944
0.214848
0.214016
0.214976
0.215296
0.214816
0.214976
0.215040
0.214240
0.214720
0.214656
0.214880
0.214048
0.215040
0.214848
0.215872
0.214752
0.215200
0.214240
0.214912
0.215072
0.214816
0.214624
0.214944
0.214848
0.214912
0.214368
0.213984
0.214176
0.214656
0.214880
0.213856
0.214016
0.214208
0.214816
0.214720
0.214912
0.393408
0.430080
0.217088
0.215104
0.214688
0.213760
0.214176
0.214880
0.215360
0.214752
0.215136
0.215040
0.214720
0.215168
0.215200
0.215200
0.215072
0.214592
0.215296
0.214784
0.215744
0.213984
0.214912
0.214784
0.214976
0.215040
0.215104
0.214912
0.215040
0.215040
0.214976
0.214944
0.215040
0.215232
0.215808
0.215808
0.215392
0.229376
0.215776
0.229632
0.216096
0.219968
0.216288
0.218560
0.215040
0.214720
0.214176
0.215296
0.215168
0.215008
0.215008
0.472416
0.217088
0.216608
0.215328
0.215040
0.229280
0.215392
0.215296
0.230272
0.215168
0.214784
0.215104
0.234240
0.216320
0.215456
0.215136
0.215008
0.215040
0.215040
0.219104
0.223232
0.220640
0.219200
0.220352
0.220928
0.221184
0.219136
0.219136
0.220288
0.219328
0.229472
0.219456
0.220320
0.220832
0.219392
0.220096
0.219872
0.220640
0.221120
0.221344
0.221184
0.221216
0.220736
0.221504
0.220672
0.219712
0.220800
0.219776
0.220096
0.923392
0.218464
0.215168
0.215968
0.215168
0.215040
0.215200
0.215392
0.216384
0.223488
0.215360
0.215328
0.215264
0.229056
0.216448
0.215232
0.215008
0.214976
0.233472
0.234272
0.216544
0.215104
0.229952
0.215360
0.215552
0.215072
0.215872
0.215232
0.215360
0.215360
0.215648
0.229312
0.216192
0.215040
0.215136
0.214752
0.215264
0.215456
0.215904
0.216064
0.216480
0.214688
0.215840
0.215008
0.215040
0.215904
0.215200
0.214848
0.214880
0.215296
0.215424
0.214272
0.214080
0.214144
0.215008
0.216096
0.469216
0.347232
0.218048
0.669440
0.216768
0.216096
0.229696
0.216928
0.215264
0.213920
0.215168
0.214048
0.214816
0.215040
0.215040
0.215008
0.215168
0.215136
0.214720
0.214784
0.215424
0.215264
0.215808
0.215520
0.229376
0.215936
0.472256
0.216704
0.215840
0.215360
0.215872
0.214848
0.215040
0.214752
0.214944
0.214944
0.214336
0.214816
0.215072
0.215040
0.215008
0.225952
0.215968
0.215424
0.214912
0.215008
0.227392
0.215328
0.227328
0.215264
0.215232
0.216032
0.215424
0.215040
0.215424
0.214880
0.215040
0.214912
0.215232
0.216224
0.215264
0.215104
0.215520
0.215008
0.213984
0.214336
0.214912
0.215040
0.222912
0.389056
0.337440
0.663680
0.233824
0.216416
0.214976
0.214752
0.215136
0.215392
0.215040
0.218912
0.222240
0.219424
0.219008
0.218976
0.218592
0.217888
0.218592
0.218304
0.220320
0.217088
0.222144
0.215360
0.215040
0.215136
0.476960
0.215040
0.215040
0.214528
0.213376
0.213664
0.213120
0.214080
0.213568
0.213408
0.214048
0.213472
0.213728
0.214432
0.217248
0.216640
0.214368
0.213792
0.213568
0.214432
0.214464
0.213376
0.213824
0.214016
0.213472
0.213472
0.213312
0.213440
0.213536
0.214240
0.213504
0.218176
0.215968
0.214752
0.214208
0.213312
0.214144
0.214400
0.213248
0.213408
0.213920
0.213952
0.214208
0.213312
0.214144
0.223104
0.214880
0.214240
0.213504
0.214336
0.214752
0.214560
0.214016
0.213344
0.216064
0.218720
0.218848
0.219136
0.217504
0.215552
0.216512
0.216064
0.217536
0.216352
0.213600
0.214592
0.219008
0.213600
0.213760
0.214240
0.213216
0.214240
0.214144
0.213216
0.212992
0.213280
0.214048
0.213280
0.214208
0.213376
0.213312
0.213984
0.213568
0.213312
0.214368
0.213408
0.214336
0.213024
0.214560
0.213792
0.213120
0.213504
0.213376
0.213280
0.213984
0.213696
0.214464
0.214048
0.213344
0.212992
0.213312
0.213600
0.216224
0.217440
0.215488
0.213536
0.214336
0.213504
0.213632
0.213088
0.213280
0.213920
0.213696
0.213312
0.213440
0.213344
0.212992
0.218784
0.213728
0.213888
0.214464
0.213600
0.213952
0.213408
0.212992
0.213856
0.213600
0.213792
0.213504
0.213408
0.213120
0.212992
0.214144
0.213408
0.214112
0.213600
0.213504
0.214240
0.217600
0.213696
0.214080
0.213760
0.214176
0.213408
0.213600
0.213376
0.213376
0.213152
0.213152
0.214208
0.213088
0.214144
0.213440
0.213344
0.213728
0.214240
0.213312
0.214784
0.213536
0.214368
0.213344
0.213088
0.214560
0.214144
0.213664
0.213376
0.213376
0.213568
0.213056
0.213888
0.213088
0.213408
0.213152
0.214080
0.214272
0.213568
0.213856
0.214240
0.213792
0.214048
0.213408
0.213248
0.214208
0.215968
0.215520
0.215936
0.215616
0.215296
0.215296
0.215712
0.215552
0.216160
0.215616
0.216768
0.216672
0.216320
0.334176
0.216576
0.215296
0.216064
0.216064
0.216288
0.215648
0.216032
0.215616
0.215136
0.216160
0.215264
0.215808
0.216896
0.402368
0.216864
0.350944
0.216992
0.215264
0.216160
0.215712
0.215808
0.215648
0.215264
0.215712
0.215520
0.215584
0.215328
0.215968
0.225536
0.217088
0.216256
0.215520
0.216288
0.216736
0.216448
0.215232
0.215264
0.216224
0.215296
0.215296
0.215584
0.216448
0.215232
0.233152
0.238304
0.217056
0.222496
0.217024
0.227168
0.216640
0.215840
0.216480
0.215392
0.215488
0.215264
0.215680
0.215200
0.216416
0.216768
0.216768
0.215552
0.215648
0.215072
0.215328
0.216000
0.216864
0.216736
0.215776
0.216096
0.215488
0.216096
0.215584
0.216640
0.226880
0.217184
0.217088
0.216832
0.216256
0.217280
0.215520
0.215712
0.215424
0.232256
0.217824
0.216736
0.216192
0.215456
0.216128
0.474208
0.217504
0.217088
0.216960
0.216032
0.215456
0.215456
0.215136
0.216256
0.216736
0.216256
0.215392
0.215968
0.215648
0.216000
0.215712
0.215040
0.216320
0.215488
0.216512
0.215424
0.215808
0.216000
0.215680
0.215296
0.216000
0.216320
0.215424
0.215488
0.216640
0.215872
0.216096
0.215520
0.216096
0.216512
0.215520
0.215360
0.215136
0.215360
0.216416
0.215488
0.215136
0.215808
0.216320
0.215712
0.215904
0.215328
0.217152
0.225952
0.216032
0.215584
0.215840
0.215392
0.215360
0.215296
0.216288
0.215776
0.215136
0.216032
0.215040
0.215584
0.216352
0.215328
0.216320
0.216448
0.215552
0.216640
0.216672
0.215584
0.216160
0.215232
0.215424
0.215264
0.216352
0.215328
0.216352
0.215360
0.215552
0.215872
0.215616
0.216128
0.215168
0.215872
0.216672
0.215648
0.216064
0.215296
0.215040
0.216128
0.215680
0.215520
0.215520
0.215584
0.216096
0.215424
0.215488
0.215200
0.216512
0.215904
0.216448
0.215424
0.216096
0.216256
0.215872
0.230496
0.236224
0.228896
0.239456
0.231424
0.225408
0.215904
0.216896
0.216416
0.215648
0.215552
0.216544
0.215456
0.215936
0.215968
0.223488
0.215840
0.216000
0.215456
0.215808
0.215840
0.216160
0.215424
0.215520
0.215360
0.215840
0.216224
0.216768
0.216640
0.216608
0.215520
0.215552
0.216448
0.216288
0.241120
0.215616
0.215616
0.216384
0.215040
0.216096
0.215648
0.215488
0.216448
0.215264
0.216160
0.216416
0.215104
0.216320
0.215296
0.215968
0.216704
0.216192
0.215616
0.216608
0.215392
0.215392
0.216224
0.215616
0.215616
0.215200
0.215584
0.215232
0.215168
0.215456
0.215456
0.216832
0.215360
0.215360
0.215520
0.215360
0.215680
0.215456
0.216224
0.215296
0.216448
0.216960
0.216192
0.215680
0.215296
0.215232
0.216160
0.215424
0.216000
0.215360
0.215968
0.216192
0.215424
0.215296
0.216064
0.215744
0.216064
0.215808
0.215328
0.216000
0.215456
0.215776
0.215232
0.215392
0.215232
0.215584
0.216736
0.333440
0.217312
0.215072
0.215648
0.241536
0.216960
0.215808
0.216512
0.216096
0.215232
0.215232
0.215648
0.215136
0.217760
0.221184
0.221376
0.223072
0.223200
0.222528
0.221344
0.221184
0.220192
0.220992
0.219552
0.219328
0.220736
0.221120
0.219776
0.220960
0.220288
0.220576
0.233760
0.222496
0.229376
0.475456
0.217248
0.353952
0.220576
0.223232
0.222592
0.221760
0.221760
0.220864
0.219424
0.370528
0.219232
0.216672
0.216864
0.216768
0.216800
0.216608
0.215552
0.215712
0.216928
0.216960
0.215808
0.216096
0.215424
0.215040
0.217920
0.216544
0.215328
0.215936
0.215328
0.215456
0.215264
0.215584
0.215360
0.215296
0.216288
0.216352
0.215872
0.216736
0.216288
0.215552
0.215872
0.216096
0.216480
0.215424
0.216960
0.216352
0.476288
0.217536
0.217120
0.216032
0.215776
0.216224
0.215648
0.216544
0.216064
0.216640
0.215200
0.215968
0.216288
0.216256
0.215488
0.216512
0.215264
0.216352
0.215136
0.215808
0.216384
0.216768
0.215424
0.391808
0.337920
0.496128
0.558080
0.218816
0.215360
0.216000
0.216160
0.215488
0.216224
0.216064
0.216064
0.215584
0.392512
0.383232
0.217600
0.217088
0.216576
0.215424
0.215520
0.215808
0.215520
0.215904
0.214144
0.214304
0.213120
0.214528
0.213376
0.213472
0.215072
0.214432
0.213504
0.214368
0.213344
0.213952
0.214368
0.213408
0.471296
0.215328
0.215040
0.215648
0.213216
0.214720
0.212992
0.214272
0.214496
0.214592
0.214848
0.214112
0.214048
0.213312
0.214144
0.213408
0.213472
0.214368
0.213088
0.213920
0.213440
0.213408
0.213600
0.213280
0.213952
0.213792
0.214272
0.213632
0.213632
0.213536
0.214496
0.213376
0.213536
0.213344
0.213472
0.213472
0.213152
0.214560
0.213728
0.213216
0.214016
0.214144
0.214016
0.213696
0.227648
0.213856
0.213920
0.231456
0.223104
0.214208
0.213632
0.213632
0.214112
0.213632
0.214016
0.214336
0.213280
0.214272
0.213280
0.213536
0.213824
0.213568
0.213184
0.214240
0.214688
0.214560
0.214144
0.213536
0.218976
0.213632
0.214368
0.213056
0.214528
0.214592
0.213408
0.213664
0.213600
0.213792
0.214080
0.213600
0.213856
0.213888
0.228096
0.214720
0.212992
0.214240
0.213472
0.214496
0.213632
0.214048
0.213504
0.213344
0.213312
0.214304
0.213248
0.214112
0.213376
0.214272
0.214144
0.213536
0.213952
0.213632
0.213152
0.213664
0.214368
0.213536
0.213440
0.214272
0.214080
0.213728
0.213280
0.213472
0.213536
0.213408
0.213504
0.214048
0.213152
0.214048
0.213472
0.214784
0.214720
0.213376
0.213408
0.214816
0.213312
0.213792
0.214400
0.213216
0.214304
0.214496
0.213248
0.214112
0.214272
0.213696
0.213888
0.213472
0.213408
0.213920
0.214112
0.213472
0.213312
0.213760
0.214944
0.329728
0.213568
0.214816
0.214400
0.213888
0.213600
0.213472
0.213824
0.214336
0.213472
0.213792
0.214144
0.214112
0.213696
0.213504
0.213728
0.214272
0.213440
0.214560
0.214720
0.213024
0.213984
0.213408
0.215392
0.216288
0.215616
0.215904
0.215168
0.216256
0.216224
0.215872
0.216480
0.216064
0.216832
0.216448
0.215488
0.216352
0.215392
0.216576
0.215040
0.215488
0.215744
0.216128
0.215488
0.216192
0.215072
0.216352
0.215392
0.216800
0.216544
0.228800
0.216544
0.215456
0.236160
0.216992
0.216000
0.216032
0.215552
0.216736
0.215488
0.215584
0.215520
0.215200
0.216224
0.215168
0.216192
0.215936
0.215616
0.216576
0.215520
0.216416
0.215424
0.366304
0.337888
0.220416
0.530432
0.216800
0.216320
0.216288
0.215552
0.216672
0.216768
0.216416
0.216992
0.215456
0.215488
0.215104
0.215456
0.216096
0.215424
0.216416
0.216544
0.216320
0.215552
0.216320
0.215328
0.216064
0.215808
0.216640
0.216160
0.216256
0.215360
0.216160
0.215584
0.215552
0.216064
0.215584
0.215968
0.216576
0.215040
0.215232
0.216128
0.215232
0.215840
0.217024
0.217184
0.215680
0.216128
0.215712
0.216128
0.215456
0.215584
0.216064
0.214976
0.215360
0.215456
0.215840
0.216320
0.215040
0.215392
0.215520
0.215680
0.216160
0.215200
0.216544
0.215136
0.216288
0.215168
0.215616
0.216192
0.215552
0.215648
0.215392
0.215424
0.476768
0.217728
0.217088
0.215648
0.221856
0.216704
0.216736
0.216352
0.215776
0.216256
0.215648
0.216288
0.215520
0.216000
0.215584
0.216128
0.216672
0.215520
0.215808
0.215264
0.215360
0.216064
0.215264
0.215904
0.217184
0.217152
0.215488
0.215936
0.215680
0.216000
0.215584
0.216224
0.215552
0.216256
0.215520
0.215904
0.216384
0.216160
0.215488
0.215456
0.215904
0.215424
0.215712
0.215424
0.215968
0.215648
0.216320
0.215392
0.216224
0.215648
0.215616
0.216128
0.215520
0.216160
0.215712
0.216192
0.215648
0.216128
0.216256
0.215584
0.216160
0.215168
0.215872
0.216800
0.215488
0.215840
0.216224
0.215296
0.216256
0.215040
0.216352
0.216640
0.215328
0.215936
0.216352
0.231424
0.216736
0.341536
0.216736
0.230912
0.216640
0.216160
0.215744
0.215456
0.216384
0.215360
0.216352
0.215520
0.215808
0.216320
0.215680
0.411360
0.350208
0.217504
0.217088
0.216576
0.215168
0.215552
0.215968
0.216064
0.215488
0.216096
0.215264
0.216128
0.215712
0.215488
0.216512
0.215456
0.215680
0.216160
0.215104
0.216320
0.216352
0.215520
0.215616
0.216608
0.215168
0.215968
0.216384
0.215488
0.216032
0.215168
0.215424
0.216224
0.215264
0.216256
0.216128
0.215648
0.216672
0.216224
0.216736
0.216288
0.215296
0.216128
0.215264
0.215424
0.215776
0.215104
0.478944
0.217824
0.217088
0.217184
0.216544
0.216192
0.216192
0.215392
0.216608
0.215328
0.216512
0.215136
0.216928
0.216064
0.216256
0.215392
0.216192
0.215648
0.215296
0.216192
0.215424
0.215776
0.216352
0.216832
0.216128
0.215584
0.215360
0.216224
0.216288
0.215840
0.216448
0.216352
0.216192
0.215520
0.216128
0.215328
0.215648
0.215296
0.216000
0.216640
0.216320
0.215456
0.216576
0.215424
0.216192
0.215072
0.216448
0.216224
0.216576
0.215072
0.216352
0.215392
0.215744
0.216672
0.215168
0.216512
0.215456
0.215520
0.216256
0.215264
0.215552
0.215104
0.227040
0.216672
0.217024
0.215488
0.215712
0.216224
0.215552
0.215136
0.215456
0.216320
0.215328
0.216224
0.216864
0.216832
0.216448
0.215232
0.215552
0.216480
0.215424
0.216672
0.215872
0.216320
0.215456
0.216064
0.215840
0.215584
0.216352
0.215552
0.216416
0.215520
0.215840
0.216128
0.215808
0.215648
0.215424
0.215936
0.215360
0.216288
0.215872
0.215872
0.215360
0.215104
0.216384
0.215264
0.216160
0.215520
0.215520
0.215648
0.216224
0.215296
0.215872
0.215456
0.215936
0.216576
0.216224
0.215360
0.216448
0.216256
0.215744
0.215520
0.216352
0.215040
0.216672
0.215584
0.215424
0.215776
0.216192
0.216288
0.215616
0.215904
0.215424
0.215456
0.216704
0.216224
0.215776
0.216608
0.215680
0.215936
0.216608
0.215360
0.215520
0.216736
0.216896
0.215520
0.216128
0.215520
0.216480
0.215392
0.216000
0.216576
0.215488
0.215872
0.216288
0.216416
0.215360
0.216352
0.215424
0.215744
0.216544
0.216352
0.215392
0.216512
0.215520
0.215904
0.215520
0.216320
0.216800
0.215296
0.215808
0.215232
0.230784
0.217472
0.215808
0.216800
0.215936
0.216480
0.215168
0.215648
0.216064
0.215392
0.216192
0.215584
0.216384
0.216384
0.215488
0.215424
0.215808
0.215712
0.215520
0.215584
0.216224
0.216192
0.215232
0.214624
0.215040
0.214976
0.215136
0.214880
0.215040
0.214912
0.214944
0.214528
0.214496
0.214784
0.215968
0.223616
0.216224
0.229248
0.220736
0.214976
0.227328
0.215360
0.215040
0.215040
0.215072
0.215136
0.215040
0.215264
0.214880
0.214848
0.214784
0.215008
0.215232
0.215072
0.215040
0.219712
0.214784
0.214848
0.214080
0.214816
0.215264
0.214880
0.214912
0.218176
0.218816
0.214848
0.228544
0.331936
0.215520
0.214976
0.214976
0.214016
0.215360
0.215040
0.214336
0.215104
0.215040
0.215264
0.215040
0.214912
0.215040
0.215008
0.214912
0.214688
0.214944
0.215072
0.214848
0.215200
0.214848
0.215168
0.215232
0.214912
0.215040
0.214976
0.215040
0.367616
0.349824
0.215680
0.215200
0.215040
0.215040
0.215040
0.215264
0.214848
0.214880
0.215008
0.215424
0.215008
0.216032
0.215232
0.214976
0.214240
0.214816
0.213984
0.214144
0.473600
0.217024
0.216800
0.215104
0.213888
0.214976
0.213824
0.214336
0.214336
0.215040
0.214976
0.214944
0.213792
0.215040
0.215040
0.215168
0.215808
0.215040
0.215040
0.220288
0.214528
0.215040
0.214944
0.213856
0.213952
0.226016
0.215040
0.214880
0.213920
0.214848
0.215008
0.214720
0.214848
0.215008
0.214240
0.215040
0.214528
0.214976
0.214784
0.214976
0.214848
0.214080
0.214720
0.215072
0.214464
0.214912
0.215040
0.214784
0.214848
0.216320
0.215040
0.215072
0.214624
0.215104
0.215072
0.214976
0.214784
0.215808
0.214944
0.214912
0.214880
0.214976
0.215168
0.215168
0.215040
0.214976
0.214144
0.214496
0.214784
0.214944
0.214976
0.240800
0.215296
0.215008
0.214944
0.223520
0.214944
0.215424
0.214784
0.215168
0.215232
0.229376
0.216000
0.215040
0.214432
0.215040
0.214784
0.215584
0.214240
0.214944
0.215040
0.215040
0.214752
0.222944
0.215168
0.214816
0.229696
0.216000
0.226816
0.215392
0.213952
0.214880
0.215072
0.215040
0.215008
0.216128
0.214880
0.214880
0.214912
0.214816
0.214112
0.215040
0.215008
0.214688
0.214720
0.214880
0.214880
0.215232
0.215040
0.215008
0.214976
0.214816
0.214976
0.214848
0.214816
0.214656
0.215648
0.214112
0.215136
0.215328
0.215104
0.214592
0.215040
0.214848
0.215296
0.215936
0.214688
0.215104
0.214592
0.214784
0.214912
0.215040
0.214944
0.214944
0.215040
0.214912
0.214912
0.214720
0.214560
0.215040
0.215264
0.215136
0.215168
0.216384
0.216128
0.215360
0.215904
0.216224
0.216832
0.216352
0.229344
0.216352
0.216736
0.216480
0.216224
0.215712
0.216256
0.216992
0.216768
0.216160
0.343552
0.226848
0.217856
0.227328
0.231264
0.217856
0.217088
0.216864
0.216224
0.215104
0.213696
0.214976
0.215264
0.215040
0.215136
0.215264
0.214880
0.225088
0.237344
0.218720
0.219264
0.225632
0.215552
0.215168
0.215520
0.215968
0.215008
0.215040
0.215040
0.215424
0.224512
0.216512
0.218528
0.215328
0.215040
0.219008
0.239168
0.217312
0.215360
0.215104
0.216288
0.215040
0.215104
0.215040
0.216096
0.391200
0.345056
0.235008
0.377056
0.217600
0.218112
0.217120
0.217824
0.216832
0.214912
0.215040
0.217056
0.215488
0.214816
0.215168
0.215040
0.215040
0.214656
0.215040
0.215296
0.215136
0.214880
0.216160
0.218688
0.215840
0.214176
0.214976
0.214880
0.215264
0.214016
0.214112
0.215104
0.214144
0.215040
0.214912
0.214848
0.215040
0.219072
0.214656
0.214784
0.214464
0.215360
0.215168
0.214912
0.215040
0.214912
0.214944
0.215104
0.214784
0.214784
0.214976
0.214752
0.215104
0.215232
0.214944
0.214848
0.214656
0.215104
0.215104
0.215104
0.215456
0.214912
0.214816
0.214784
0.214752
0.214688
0.215136
0.472544
0.217024
0.216320
0.215392
0.215040
0.214816
0.214688
0.214880
0.215104
0.214784
0.214880
0.214784
0.214816
0.214880
0.215040
0.216128
0.214112
0.215584
0.216256
0.214944
0.214784
0.215264
0.215040
0.215040
0.215232
0.215296
0.214944
0.215072
0.215136
0.214752
0.215040
0.215328
0.214816
0.215424
0.214080
0.214240
0.214656
0.214688
0.214912
0.215040
0.215040
0.215040
0.215008
0.214528
0.214752
0.214912
0.215104
0.214304
0.214528
0.214176
0.214784
0.214912
0.214944
0.214496
0.214688
0.215040
0.214944
0.214944
0.214848
0.215840
0.215104
0.214592
0.214464
0.214912
0.215360
0.215264
0.215040
0.214848
0.214912
0.214752
0.214624
0.214976
0.215040
0.214848
0.214784
0.214848
0.215008
0.214336
0.215040
0.215200
0.214592
0.215040
0.214976
0.226848
0.215104
0.215456
0.215040
0.214976
0.217088
0.215200
0.234752
0.217568
0.224640
0.219136
0.215328
0.215136
0.214720
0.214016
0.214400
0.214720
0.214816
0.215584
0.214112
0.214304
0.213952
0.214816
0.214432
0.215104
0.215168
0.215040
0.216032
0.215232
0.225600
0.218560
0.215456
0.214944
0.214880
0.214816
0.215040
0.215776
0.215104
0.214816
0.213952
0.215072
0.214944
0.215040
0.215040
0.214944
0.214784
0.214528
0.214688
0.214688
0.215040
0.214944
0.216224
0.216416
0.216064
0.215296
0.214944
0.215104
0.215296
0.233472
0.219104
0.215040
0.213952
0.214976
0.215040
0.215040
0.214912
0.215104
0.215040
0.215328
0.215232
0.215040
0.215040
0.215328
0.214944
0.215040
0.215072
0.215136
0.214656
0.214880
0.215008
0.214816
0.214784
0.214816
0.215200
0.214272
0.215072
0.214912
0.215040
0.214880
0.228960
0.215040
0.214912
0.215136
0.214880
0.215232
0.215008
0.215040
0.214688
0.214880
0.214112
0.215200
0.214976
0.215040
0.214944
0.215040
0.330016
0.215072
0.214688
0.214976
0.214624
0.215104
0.214528
0.214848
0.214944
0.215072
0.214272
0.215040
0.215040
0.214816
0.215648
0.215552
0.216704
0.216064
0.214912
0.215136
0.215040
0.215200
0.215040
0.214912
0.214784
0.214944
0.214688
0.215136
0.214560
0.215008
0.214976
0.214720
0.214752
0.215040
0.214272
0.215712
0.214944
0.215040
0.215008
0.215040
0.215040
0.214912
0.215808
0.215200
0.215040
0.214880
0.214208
0.214720
0.214784
0.214912
0.215232
0.215072
0.214784
0.214720
0.214624
0.213856
0.215840
0.215488
0.216512
0.215872
0.376640
0.350208
0.217088
0.215264
0.216000
0.215584
0.216256
0.215552
0.215488
0.216608
0.215040
0.216352
0.216544
0.215200
0.216032
0.215744
0.215520
0.215136
0.215808
0.215648
0.215488
0.215072
0.215936
0.215328
0.215296
0.216160
0.215296
0.215360
0.216352
0.216384
0.215264
0.216736
0.216160
0.215328
0.215680
0.215328
0.216224
0.215776
0.475968
0.217568
0.217216
0.215328
0.215232
0.216160
0.215200
0.216192
0.216192
0.215648
0.216192
0.215520
0.215040
0.216032
0.215520
0.216000
0.215552
0.216224
0.215200
0.216160
0.215680
0.215456
0.215616
0.215360
0.215808
0.216480
0.215552
0.215296
0.216064
0.215712
0.215296
0.215584
0.216064
0.215872
0.216416
0.215040
0.216128
0.215488
0.215712
0.215520
0.215872
0.216224
0.216352
0.215584
0.216480
0.216160
0.215840
0.216512
0.215488
0.218656
0.215264
0.216544
0.215584
0.216224
0.215424
0.216608
0.215456
0.215552
0.215200
0.216576
0.216128
0.215584
0.216160
0.215520
0.215488
0.216256
0.215488
0.216544
0.215328
0.215488
0.215392
0.215776
0.216608
0.216192
0.215424
0.216160
0.215040
0.215968
0.215584
0.215392
0.215680
0.215936
0.216096
0.215648
0.215072
0.216160
0.215776
0.219232
0.219296
0.220672
0.219360
0.219584
0.219456
0.219680
0.219456
0.219072
0.220256
0.219488
0.227808
0.220736
0.219424
0.226688
0.220000
0.220800
0.219456
0.220608
0.219488
0.219136
0.219936
0.219488
0.219424
0.219584
0.219648
0.220160
0.219360
0.219552
0.219264
0.219904
0.219552
0.221184
0.337920
0.220448
0.219488
0.220320
0.219104
0.370144
0.360448
0.221184
0.219616
0.219968
0.219904
0.220384
0.220416
0.219360
0.219136
0.219840
0.219520
0.219456
0.221408
0.222080
0.487424
0.224992
0.223584
0.221408
0.222112
0.222592
0.221536
0.221792
0.221344
0.222048
0.221536
0.222240
0.221632
0.221920
0.221248
0.222272
0.221248
0.221440
0.221440
0.221888
0.222304
0.221536
0.221984
0.222336
0.221408
0.221184
0.221664
0.222464
0.221376
0.222400
0.222240
0.221920
0.221504
0.221696
0.221440
0.221664
0.221440
0.221984
0.222464
0.221568
0.221120
0.221696
0.222464
0.222656
0.221600
0.221696
0.221216
0.221728
0.221920
0.221792
0.221568
0.221792
0.222400
0.221312
0.222208
0.221440
0.221312
0.222528
0.221376
0.221824
0.221952
0.221728
0.221504
0.228096
0.222080
0.221472
0.222464
0.221408
0.222464
0.222432
0.221344
0.222432
0.221184
0.222432
0.221600
0.222304
0.222048
0.221984
0.221248
0.222496
0.221184
0.222240
0.222560
0.221504
0.353408
0.219392
0.219264
0.219872
0.219360
0.219136
0.219168
0.219392
0.219488
0.219584
0.220160
0.219424
0.219360
0.219392
0.219136
0.219552
0.245696
0.220896
0.219488
0.220000
0.219424
0.219136
0.220384
0.219680
0.219744
0.219488
0.220064
0.220800
0.219456
0.219136
0.220000
0.219456
0.234176
0.220736
0.227616
0.220160
0.219328
0.219200
0.220000
0.219680
0.219136
0.219584
0.219488
0.219296
0.219264
0.219616
0.219264
0.219968
0.219136
0.219808
0.219392
0.219296
0.219424
0.220544
0.219104
0.219136
0.219200
0.219584
0.400064
0.220672
0.439488
0.221024
0.219936
0.219168
0.219776
0.219264
0.219456
0.220128
0.219488
0.220256
0.219360
0.220448
0.219424
0.220544
0.219456
0.220352
0.220160
0.219488
0.219168
0.219520
0.220192
0.219584
0.219168
0.219296
0.218976
0.219136
0.217632
0.217696
0.218112
0.217408
0.218688
0.217344
0.217088
0.218144
0.217440
0.218400
0.218048
0.217344
0.217536
0.217408
0.217440
0.217248
0.218112
0.217664
0.217344
0.218304
0.217440
0.218880
0.218688
0.217920
0.218720
0.218272
0.217696
0.217536
0.218272
0.218080
0.218496
0.231968
0.238720
0.491520
0.241664
0.220480
0.219136
0.218368
0.217088
0.218112
0.217472
0.217760
0.218144
0.218752
0.218144
0.217664
0.217152
0.217056
0.217664
0.218048
0.218816
0.217472
0.217728
0.218720
0.217184
0.218048
0.218656
0.218400
0.217248
0.217152
0.218432
0.218816
0.218208
0.217536
0.218208
0.217728
0.217792
0.233472
0.226944
0.218336
0.218592
0.217472
0.218208
0.217408
0.217504
0.217792
0.217088
0.218016
0.228896
0.219136
0.217952
0.217472
0.217280
0.217504
0.217632
0.217280
0.217568
0.218080
0.217600
0.217088
0.217152
0.217280
0.217568
0.217600
0.217664
0.217408
0.221248
0.335712
0.219008
0.217088
0.217504
0.217984
0.217344
0.217536
0.218304
0.217184
0.218144
0.217696
0.217184
0.217504
0.217248
0.217344
0.218144
0.218144
0.218848
0.217344
0.217472
0.217120
0.217216
0.217568
0.217504
0.217184
0.218048
0.217600
0.217248
0.218304
0.217184
0.218176
0.217376
0.218208
0.217504
0.217760
0.218880
0.393216
0.344160
0.437408
0.219136
0.217536
0.217280
0.218688
0.218368
0.217472
0.217248
0.217088
0.217504
0.217504
0.218240
0.218624
0.217280
0.218240
0.217088
0.217664
0.217472
0.217632
0.217216
0.217376
0.218336
0.217216
0.217536
0.218784
0.217440
0.217536
0.217184
0.218016
0.218432
0.217504
0.217920
0.217664
0.217536
0.217152
0.217248
0.218304
0.481248
0.219136
0.219136
0.221504
0.217440
0.218208
0.217312
0.218208
0.242112
0.217984
0.217664
0.217408
0.217280
0.218624
0.217248
0.218304
0.217632
0.217824
0.217216
0.218016
0.217504
0.217504
0.217184
0.217728
0.217120
0.218048
0.218208
0.218368
0.217344
0.218112
0.218464
0.217376
0.217280
0.217792
0.217408
0.217536
0.217408
0.217248
0.218496
0.218592
0.217344
0.217440
0.236352
0.218624
0.224864
0.218880
0.217376
0.221280
0.218688
0.230880
0.217408
0.217344
0.217728
0.217088
0.218272
0.217440
0.217376
0.218240
0.217504
0.218336
0.218464
0.217408
0.218528
0.217472
0.217376
0.217824
0.217088
0.217280
0.217408
0.218528
0.217376
0.217312
0.217344
0.217184
0.217472
0.217280
0.217088
0.217728
0.217856
0.217280
0.218464
0.218368
0.217120
0.217088
0.217280
0.217664
0.217568
0.217600
0.217088
0.217952
0.218432
0.217440
0.217088
0.217472
0.217440
0.217440
0.217344
0.217472
0.217248
0.218336
0.217152
0.217952
0.217760
0.217856
0.218304
0.217664
0.227168
0.218112
0.217088
0.217984
0.217568
0.223232
0.218624
0.217184
0.217952
0.218016
0.218464
0.217472
0.218176
0.217344
0.217632
0.217536
0.217600
0.218048
0.217408
0.217664
0.217184
0.218592
0.217248
0.217376
0.218112
0.217568
0.217088
0.217536
0.218624
0.217696
0.217504
0.217376
0.217920
0.217344
0.218304
0.228960
0.218496
0.218720
0.217632
0.217792
0.217088
0.218144
0.217504
0.217504
0.217376
0.218496
0.218144
0.217792
0.217728
0.217344
0.217728
0.217632
0.217952
0.217600
0.217568
0.217216
0.217248
0.217440
0.217824
0.217440
0.218272
0.218816
0.217408
0.217952
0.217248
0.217760
0.218304
0.217440
0.218048
0.218272
0.217536
0.218400
0.217248
0.217184
0.218016
0.217280
0.217440
0.218272
0.218432
0.217376
0.217920
0.217728
0.217792
0.218432
0.217280
0.217504
0.217312
0.218432
0.237568
0.218816
0.218816
0.240064
0.217760
0.217504
0.217600
0.218112
0.217280
0.218272
0.217536
0.218240
0.217728
0.218944
0.217504
0.218656
0.217088
0.218080
0.217696
0.218368
0.218144
0.217760
0.218368
0.335744
0.219104
0.217696
0.218272
0.217600
0.218304
0.218496
0.217376
0.218176
0.217216
0.218080
0.217472
0.217440
0.217504
0.218304
0.217120
0.218240
0.217120
0.217920
0.217088
0.218272
0.217280
0.217632
0.217312
0.217824
0.218368
0.218240
0.217216
0.218208
0.217792
0.218432
0.218304
0.217600
0.217088
0.218528
0.218400
0.217184
0.217824
0.217344
0.217280
0.218016
0.217024
0.218432
0.217248
0.217120
0.217984
0.217440
0.218336
0.218368
0.217440
0.218304
0.217376
0.217728
0.217472
0.396000
0.349856
0.363008
0.224992
0.223264
0.233888
0.216800
0.216512
0.215776
0.215808
0.216256
0.474880
0.218240
0.217184
0.215840
0.215680
0.215488
0.215872
0.216160
0.229504
0.217440
0.215136
0.216608
0.215360
0.215520
0.219552
0.215776
0.216064
0.216448
0.215328
0.215584
0.215232
0.215584
0.215520
0.215392
0.215520
0.215520
0.234304
0.217088
0.216384
0.216576
0.215168
0.215488
0.215104
0.215680
0.216448
0.215360
0.215936
0.215552
0.215296
0.215808
0.215296
0.215456
0.215680
0.215904
0.216384
0.215584
0.215424
0.216352
0.215040
0.216032
0.215456
0.215360
0.215488
0.215648
0.224640
0.227296
0.215232
0.215648
0.215264
0.216160
0.216160
0.215296
0.216224
0.217088
0.216672
0.216256
0.215488
0.215520
0.216288
0.215424
0.219136
0.216224
0.227328
0.216224
0.215200
0.215552
0.215296
0.216800
0.216128
0.215264
0.215520
0.215392
0.215904
0.216480
0.215360
0.216960
0.216096
0.215712
0.215392
0.215936
0.216224
0.215712
0.216224
0.215808
0.215904
0.216352
0.215200
0.216384
0.216608
0.215552
0.216032
0.216576
0.215936
0.216224
0.215424
0.216544
0.215104
0.215712
0.216320
0.215680
0.215520
0.215488
0.215648
0.215040
0.216000
0.216736
0.215040
0.216480
0.215520
0.216768
0.215232
0.216224
0.215136
0.216160
0.215264
0.215840
0.215424
0.215744
0.215488
0.215360
0.216160
0.215744
0.215072
0.215136
0.216160
0.215552
0.215520
0.216544
0.216480
0.215296
0.215680
0.216480
0.215392
0.215872
0.215040
0.215680
0.215328
0.216000
0.215424
0.215616
0.215776
0.215520
0.215392
0.223360
0.215584
0.215168
0.337024
0.217120
0.215424
0.216128
0.214976
0.215072
0.215584
0.216480
0.215200
0.216608
0.215840
0.218144
0.219328
0.219168
0.219904
0.220384
0.219648
0.220448
0.219552
0.219712
0.219136
0.220128
0.219168
0.219520
0.219552
0.219136
0.219168
0.219520
0.218944
0.219168
0.219136
0.220064
0.219360
0.220096
0.219328
0.219360
0.220064
0.219296
0.219136
0.219264
0.219136
0.220096
0.219264
0.219136
0.219296
0.219136
0.219008
0.219232
0.219520
0.230112
0.234464
0.220704
0.219136
0.219584
0.220288
0.219872
0.220768
0.220832
0.219712
0.219296
0.219040
0.219872
0.219488
0.219808
0.219360
0.219456
0.219520
0.219392
0.397152
0.373184
0.357536
0.221184
0.219360
0.220448
0.219680
0.219136
0.219840
0.219456
0.219136
0.221312
0.219136
0.219296
0.219904
0.219872
0.219456
0.219552
0.219072
0.220192
0.219456
0.219360
0.219904
0.219360
0.219360
0.219456
0.219136
0.219328
0.219136
0.218848
0.218912
0.218432
0.218496
0.218944
0.218464
0.217408
0.217312
0.218336
0.217216
0.217472
0.217120
0.217984
0.217632
0.217088
0.218048
0.217472
0.217600
0.217280
0.217312
0.218240
0.217312
0.218272
0.217184
0.217536
0.217728
0.217344
0.217280
0.217856
0.218368
0.217440
0.217568
0.481920
0.219136
0.219136
0.218880
0.217120
0.217408
0.218208
0.217664
0.218496
0.217600
0.217184
0.217248
0.217664
0.218176
0.217344
0.217632
0.217536
0.217472
0.218432
0.217088
0.217344
0.217472
0.218464
0.217504
0.219072
0.217568
0.218112
0.217088
0.217280
0.218080
0.217440
0.217824
0.218112
0.219936
0.218752
0.235392
0.226016
0.217920
0.218400
0.219008
0.218528
0.217504
0.218432
0.218592
0.217088
0.218592
0.217120
0.218016
0.218528
0.217504
0.218304
0.217248
0.217216
0.217216
0.217536
0.217600
0.218464
0.217280
0.217728
0.217088
0.218784
0.217440
0.217376
0.217408
0.218496
0.218560
0.217088
0.217184
0.217472
0.238816
0.217792
0.217920
0.218336
0.217440
0.217632
0.217184
0.218432
0.241664
0.232320
0.217440
0.217472
0.218176
0.217824
0.217536
0.217216
0.217920
0.218176
0.217312
0.219040
0.218336
0.218656
0.217088
0.218240
0.217600
0.218432
0.218688
0.217664
0.217824
0.217248
0.218336
0.217632
0.217344
0.217792
0.218496
0.217088
0.217568
0.217728
0.217472
0.217184
0.218240
0.217472
0.217120
0.217440
0.218528
0.217312
0.218336
0.218144
0.217536
0.217120
0.217472
0.217344
0.217472
0.217504
0.218016
0.217792
0.217120
0.217760
0.217184
0.218272
0.218144
0.217408
0.218432
0.217568
0.217696
0.217568
0.217280
0.217376
0.217408
0.217312
0.216992
0.217408
0.217536
0.217280
0.217280
0.217408
0.218112
0.218272
0.218176
0.227936
0.218464
0.218304
0.217600
0.217088
0.218656
0.218272
0.217088
0.217280
0.218304
0.217184
0.217280
0.218496
0.217536
0.218144
0.335840
0.218432
0.217696
0.217472
0.218208
0.217696
0.218240
0.217152
0.217568
0.218368
0.400928
0.354304
0.218976
0.218944
0.218272
0.217536
0.217216
0.218624
0.217376
0.218496
0.217088
0.217568
0.217376
0.217120
0.218176
0.217760
0.217920
0.217248
0.217344
0.217760
0.218432
0.217088
0.217728
0.217152
0.218272
0.217696
0.219552
0.217984
0.217728
0.217760
0.217536
0.218208
0.217344
0.217408
0.217504
0.217792
0.217440
0.227744
0.497728
0.220768
0.219136
0.219520
0.219104
0.219136
0.218336
0.218304
0.217248
0.217152
0.217728
0.217376
0.217856
0.217312
0.217792
0.218240
0.218144
0.217632
0.218304
0.218848
0.217664
0.218272
0.216992
0.218432
0.218176
0.217568
0.218304
0.217568
0.218304
0.218720
0.217280
0.217504
0.217408
0.217184
0.217760
0.217696
0.218176
0.217568
0.217376
0.217344
0.217440
0.218528
0.217408
0.218144
0.217376
0.218304
0.217472
0.217728
0.218080
0.217536
0.218144
0.217440
0.217440
0.217504
0.218304
0.217184
0.218048
0.217664
0.217248
0.218560
0.217440
0.217728
0.217088
0.217344
0.216992
0.217376
0.217120
0.217760
0.218272
0.217280
0.218464
0.218400
0.223712
0.218048
0.218176
0.227456
0.218912
0.218912
0.217760
0.217888
0.217408
0.218048
0.217472
0.217184
0.217472
0.217728
0.217408
0.217312
0.217408
0.217504
0.217248
0.218400
0.217248
0.218784
0.228128
0.217856
0.218976
0.218080
0.218528
0.217728
0.217088
0.217568
0.218144
0.217280
0.217024
0.217440
0.217952
0.217280
0.218368
0.217408
0.217536
0.218176
0.217216
0.217984
0.217632
0.217088
0.217088
0.217664
0.217536
0.218304
0.217440
0.217344
0.217984
0.217568
0.217344
0.217184
0.217536
0.217344
0.217248
0.217184
0.217280
0.217440
0.217504
0.217248
0.217152
0.217504
0.217344
0.217088
0.218304
0.217568
0.217440
0.217536
0.217760
0.217408
0.217088
0.218336
0.218048
0.233472
0.237536
0.219040
0.219424
0.227616
0.218080
0.217696
0.222464
0.217696
0.217568
0.217760
0.217184
0.218368
0.217184
0.217568
0.217088
0.217376
0.217504
0.217440
0.217280
0.218208
0.217088
0.218848
0.217248
0.217504
0.218560
0.217600
0.219136
0.218720
0.217088
0.218368
0.217440
0.217600
0.217120
0.218720
0.219168
0.217920
0.218624
0.219104
0.218240
0.218208
0.217760
0.217536
0.217376
0.217504
0.217344
0.217472
0.217184
0.217920
0.217856
0.218304
0.217440
0.217664
0.218528
0.217088
0.216736
0.216160
0.216128
0.215680
0.216320
0.215424
0.215296
0.215040
0.216320
0.215232
0.216512
0.216128
0.215584
0.215328
0.215168
0.215488
0.215424
0.215456
0.216160
0.216224
0.215552
0.216352
0.215456
0.215680
0.216576
0.222304
0.215712
0.215456
0.216128
0.215072
0.215840
0.215776
0.215296
0.228704
0.216000
0.216256
0.216256
0.216480
0.215200
0.215264
0.215200
0.215424
0.225984
0.332480
0.216736
0.216384
0.214912
0.216096
0.215776
0.216384
0.215168
0.216192
0.215648
0.215424
0.215328
0.215776
0.215072
0.215456
0.215520
0.215456
0.215552
0.215936
0.215328
0.215520
0.215040
0.215936
0.216192
0.215552
0.226304
0.216832
0.216384
0.404672
0.216480
0.351744
0.216992
0.215456
0.216000
0.215424
0.215584
0.215136
0.215904
0.215168
0.216256
0.475104
0.218240
0.218560
0.215456
0.215872
0.215808
0.215392
0.215712
0.216160
0.215616
0.222976
0.215040
0.216320
0.215392
0.215904
0.215232
0.215392
0.216096
0.215680
0.215360
0.218368
0.233248
0.216096
0.215168
0.216224
0.216320
0.215456
0.215296
0.215488
0.215136
0.215424
0.216640
0.216768
0.215104
0.215520
0.216032
0.215744
0.215232
0.221184
0.216736
0.215360
0.215968
0.216224
0.215488
0.215296
0.216384
0.215232
0.215360
0.216704
0.215136
0.215968
0.215200
0.215616
0.215072
0.215520
0.216128
0.216384
0.215488
0.216128
0.216352
0.215712
0.215808
0.215040
0.231168
0.215648
0.216064
0.215648
0.216288
0.216416
0.215200
0.215232
0.215168
0.216256
0.215648
0.216416
0.215264
0.216672
0.215200
0.215296
0.215488
0.215520
0.216096
0.215840
0.215264
0.215552
0.215616
0.215072
0.215200
0.215904
0.215360
0.215360
0.215232
0.215392
0.216416
0.216224
0.215040
0.215424
0.215456
0.215520
0.215168
0.216160
0.215264
0.215520
0.215200
0.216224
0.216416
0.226880
0.215456
0.215872
0.215328
0.215456
0.216000
0.216192
0.215456
0.216128
0.215488
0.215520
0.216064
0.215840
0.215616
0.216096
0.215680
0.216064
0.216064
0.215840
0.215040
0.216032
0.215616
0.215392
0.215776
0.215392
0.214976
0.216128
0.215616
0.216032
0.215552
0.216288
0.215232
0.216288
0.215072
0.216288
0.215360
0.215328
0.215808
0.215584
0.216192
0.215136
0.216192
0.215392
0.215680
0.216384
0.215424
0.216064
0.216544
0.215392
0.215968
0.215360
0.215392
0.216736
0.231200
0.216416
0.237952
0.230688
0.215488
0.216096
0.215712
0.215744
0.215328
0.215744
0.215360
0.215456
0.215264
0.215456
0.215360
0.215392
0.215616
0.215392
0.216320
0.215072
0.215392
0.215488
0.231296
0.333248
0.217024
0.215584
0.215680
0.216768
0.215584
0.223584
0.216448
0.227328
0.216736
0.216736
0.215264
0.215840
0.215328
0.215232
0.215136
0.215520
0.216192
0.215232
0.216736
0.215200
0.215264
0.215776
0.216288
0.215168
0.215936
0.215744
0.215392
0.215616
0.215712
0.215232
0.215360
0.216064
0.215648
0.216256
0.215392
0.215616
0.215328
0.216032
0.216128
0.215456
0.387648
0.348000
0.356096
0.217056
0.215424
0.215904
0.215232
0.215104
0.216160
0.215136
0.222624
0.216064
0.216160
0.215264
0.216128
0.215488
0.216384
0.216288
0.215584
0.216160
0.216288
0.215584
0.216768
0.215360
0.215296
0.216384
0.215328
0.216640
0.215840
0.216320
0.215232
0.216512
0.215456
0.216544
0.215168
0.215648
0.215040
0.215360
0.216096
0.215520
0.215520
0.216352
0.215104
0.216064
0.215104
0.216416
0.215520
0.216576
0.215392
0.216384
0.215840
0.215040
0.216096
0.215520
0.215616
0.216576
0.215296
0.216512
0.216704
0.215840
0.215136
0.215424
0.215744
0.215424
0.216544
0.216352
0.475584
0.217856
0.217120
0.215552
0.215264
0.215648
0.215200
0.216320
0.215360
0.215328
0.215200
0.216224
0.215296
0.216064
0.216096
0.215584
0.216576
0.216384
0.216256
0.217536
0.221568
0.221024
0.221184
0.220544
0.218688
0.217920
0.218304
0.217504
0.219616
0.220480
0.218848
0.218432
0.218400
0.218752
0.241888
0.217600
0.216480
0.217408
0.216320
0.216416
0.215360
0.215488
0.215232
0.216544
0.215168
0.215968
0.215232
0.216384
0.215360
0.215360
0.215520
0.217024
0.217088
0.216416
0.216224
0.215552
0.215872
0.215360
0.215392
0.215136
0.215872
0.216128
0.215520
0.216672
0.215136
0.215392
0.215360
0.215552
0.215040
0.215648
0.216800
0.216832
0.215104
0.215584
0.215200
0.215552
0.215392
0.215232
0.216480
0.216768
0.215168
0.214432
0.214336
0.213312
0.214400
0.212992
0.213344
0.214592
0.214272
0.213376
0.213216
0.214208
0.213184
0.214400
0.213440
0.214048
0.213696
0.214368
0.213376
0.213760
0.214336
0.213728
0.214144
0.215040
0.214208
0.213344
0.214720
0.213536
0.213760
0.214176
0.213440
0.214240
0.214176
0.213472
0.214432
0.214272
0.214112
0.213600
0.213920
0.214208
0.214624
0.213280
0.213376
0.212992
0.236672
0.214464
0.213216
0.214400
0.213184
0.213440
0.213984
0.213632
0.214016
0.214368
0.215936
0.213824
0.214848
0.213696
0.213280
0.213696
0.213440
0.213344
0.213568
0.214176
0.213920
0.214336
0.214304
0.214112
0.213632
0.227008
0.214720
0.214784
0.216704
0.214112
0.214656
0.213376
0.213632
0.213344
0.213472
0.214560
0.214208
0.214592
0.213600
0.214944
0.216544
0.217504
0.217120
0.219616
0.231360
0.218624
0.218208
0.217824
0.218528
0.221632
0.217504
0.218528
0.218272
0.217376
0.218272
0.217408
0.217248
0.218048
0.217440
0.217248
0.217312
0.217056
0.217216
0.228672
0.335008
0.218848
0.217088
0.218016
0.217568
0.217728
0.217088
0.218496
0.217344
0.217632
0.217792
0.217568
0.217504
0.218336
0.217088
0.217248
0.218688
0.217440
0.218592
0.217344
0.217440
0.218432
0.217408
0.217888
0.217184
0.218112
0.218944
0.218176
0.217536
0.217568
0.217344
0.217664
0.217184
0.218176
0.217408
0.217728
0.217632
0.217088
0.217248
0.217248
0.217472
0.217248
0.217280
0.218272
0.217632
0.218656
0.217216
0.217984
0.217760
0.217344
0.217120
0.218496
0.218144
0.217536
0.218144
0.217440
0.217600
0.217312
0.217920
0.400640
0.341664
0.355360
0.218784
0.217344
0.218176
0.218272
0.217504
0.218336
0.217632
0.217344
0.217568
0.217696
0.217568
0.217312
0.217696
0.218208
0.217472
0.217696
0.217728
0.218144
0.217920
0.217472
0.218368
0.217504
0.217440
0.217376
0.217280
0.217792
0.218112
0.217568
0.217696
0.217408
0.217472
0.217248
0.217632
0.218304
0.217440
0.217472
0.479168
0.219584
0.219232
0.217312
0.217728
0.218176
0.217600
0.217088
0.217792
0.218368
0.217152
0.218208
0.217408
0.218752
0.217184
0.218144
0.217632
0.218016
0.218208
0.217440
0.218496
0.217376
0.217728
0.225632
0.217856
0.218336
0.218176
0.235808
0.221184
0.218144
0.217504
0.223296
0.217472
0.217792
0.218336
0.218368
0.217472
0.217888
0.217472
0.217824
0.218400
0.217600
0.218112
0.218688
0.217088
0.239200
0.218912
0.224992
0.220992
0.217760
0.218720
0.217568
0.217536
0.217440
0.215360
0.216160
0.216480
0.215296
0.215744
0.215584
0.215648
0.216064
0.215904
0.215456
0.215616
0.216352
0.215328
0.216256
0.215456
0.215200
0.216288
0.215264
0.216224
0.216096
0.215616
0.215264
0.215200
0.215616
0.216576
0.215232
0.214944
0.215968
0.215872
0.216192
0.215520
0.216544
0.216416
0.215488
0.216128
0.215616
0.215584
0.215264
0.215360
0.215520
0.215680
0.216384
0.215072
0.216448
0.215200
0.215680
0.215616
0.215328
0.215328
0.216288
0.215552
0.216800
0.215232
0.215456
0.215744
0.215136
0.216704
0.216992
0.227456
0.215520
0.219616
0.219520
0.230720
0.216544
0.215776
0.215712
0.215840
0.230528
0.216736
0.337792
0.217856
0.215488
0.216192
0.215680
0.216192
0.216608
0.215232
0.221600
0.215872
0.216352
0.215360
0.216224
0.215200
0.216800
0.215680
0.215680
0.215840
0.215680
0.215904
0.216256
0.215520
0.215456
0.216096
0.215840
0.215072
0.215296
0.216096
0.215552
0.215456
0.215936
0.216320
0.216608
0.215392
0.215680
0.215264
0.215488
0.215264
0.215552
0.215040
0.215680
0.215104
0.215584
0.215072
0.215456
0.215200
0.216352
0.215200
0.216032
0.232832
0.216480
0.215680
0.215392
0.216064
0.215264
0.216032
0.234080
0.222016
0.220480
0.220768
0.220512
0.221184
0.219520
0.220736
0.219680
0.221120
0.220800
0.222112
0.220096
0.220544
0.220992
0.221152
0.220736
0.219520
0.408384
0.341152
0.354816
0.221184
0.221632
0.220000
0.368576
0.219104
0.217088
0.215392
0.215584
0.475168
0.218400
0.217120
0.215200
0.215328
0.216256
0.216128
0.215712
0.216352
0.215584
0.216384
0.216544
0.215296
0.215904
0.215776
0.215424
0.216032
0.215552
0.216128
0.216288
0.213408
0.214496
0.213312
0.214048
0.214176
0.213728
0.213984
0.213472
0.213664
0.214208
0.213216
0.214976
0.214720
0.213440
0.213888
0.214080
0.214176
0.213952
0.213728
0.213408
0.213824
0.213728
0.214336
0.213472
0.214176
0.214112
0.213376
0.214144
0.213696
0.214560
0.215168
0.214240
0.213312
0.213376
0.213728
0.214400
0.213472
0.213280
0.214496
0.386848
0.335584
0.494112
0.215456
0.214784
0.216160
0.213984
0.474848
0.216960
0.215072
0.214496
0.214688
0.214240
0.213376
0.214112
0.213344
0.213216
0.213088
0.213472
0.214304
0.214208
0.213632
0.214912
0.214624
0.214528
0.214240
0.213376
0.214432
0.214464
0.214688
0.213632
0.213856
0.214560
0.214656
0.214592
0.213216
0.213408
0.214560
0.213472
0.213600
0.214816
0.214016
0.214208
0.220576
0.214048
0.213792
0.213952
0.214752
0.226720
0.213536
0.234720
0.214752
0.213920
0.213984
0.214528
0.213280
0.214368
0.213248
0.214528
0.214336
0.213568
0.214304
0.213696
0.214592
0.213312
0.213440
0.213312
0.214208
0.213760
0.214432
0.214528
0.231296
0.214880
0.213728
0.214592
0.213472
0.214784
0.214944
0.214560
0.214272
0.229120
0.213408
0.213600
0.213120
0.213408
0.234784
0.234528
0.213824
0.214304
0.213312
0.214144
0.213536
0.216192
0.218528
0.221760
0.218464
0.217952
0.217184
0.217184
0.216736
0.217024
0.218240
0.220448
0.216192
0.213600
0.214176
0.214176
0.213632
0.214976
0.214208
0.214624
0.214240
0.214016
0.213632
0.213760
0.213568
0.214656
0.213664
0.214624
0.213216
0.214304
0.213376
0.213312
0.214528
0.214336
0.213440
0.213824
0.213184
0.213536
0.213280
0.213600
0.213824
0.213888
0.214240
0.213600
0.213632
0.213152
0.214208
0.213696
0.215104
0.215840
0.215488
0.216928
0.215328
0.335648
0.215872
0.216224
0.215680
0.216096
0.216864
0.216384
0.215456
0.215616
0.215104
0.216160
0.215424
0.216032
0.215264
0.216032
0.215488
0.215456
0.215520
0.215712
0.394432
0.216992
0.493952
0.217088
0.215456
0.215744
0.215552
0.216256
0.215648
0.215264
0.216128
0.216448
0.215360
0.216320
0.215232
0.215520
0.216672
0.216576
0.216480
0.216288
0.215360
0.216160
0.215360
0.216320
0.215360
0.215680
0.215520
0.215840
0.215360
0.215968
0.221184
0.223552
0.216608
0.230400
0.215488
0.229024
0.216544
0.215648
0.215328
0.216608
0.216640
0.215392
0.215360
0.215168
0.216096
0.216384
0.215360
0.215392
0.215648
0.215616
0.216320
0.215456
0.230528
0.216928
0.220608
0.215488
0.216192
0.479232
0.218752
0.217216
0.227552
0.215904
0.215648
0.215040
0.216032
0.215520
0.215584
0.215968
0.215200
0.215232
0.215840
0.230976
0.215072
0.216256
0.215424
0.216512
0.216224
0.215776
0.215456
0.215200
0.216160
0.215264
0.215936
0.216416
0.215520
0.216256
0.215136
0.215712
0.215520
0.215904
0.216192
0.215136
0.216448
0.215264
0.216192
0.215488
0.215648
0.216288
0.215552
0.216768
0.216416
0.215200
0.215840
0.215552
0.215648
0.216352
0.215520
0.215904
0.216672
0.216416
0.215072
0.216224
0.215232
0.215744
0.216320
0.215136
0.215968
0.215232
0.215520
0.215072
0.216256
0.215520
0.216608
0.231552
0.216640
0.216032
0.215616
0.216128
0.215136
0.215424
0.216064
0.215712
0.215136
0.216448
0.215936
0.215264
0.216416
0.219360
0.215840
0.216416
0.215456
0.215712
0.215040
0.215616
0.216672
0.216768
0.215136
0.216128
0.215488
0.216064
0.215584
0.216288
0.215200
0.215872
0.217600
0.217408
0.217408
0.218464
0.217088
0.218144
0.218112
0.217792
0.218464
0.217280
0.217568
0.217088
0.217504
0.217312
0.218944
0.217216
0.236864
0.233184
0.218240
0.218528
0.221792
0.227328
0.218912
0.218656
0.218432
0.218912
0.217184
0.217408
0.217248
0.217568
0.217280
0.218112
0.218176
0.217632
0.218656
0.217152
0.217408
0.217376
0.217472
0.217440
0.217376
0.218688
0.231424
0.218912
0.218880
0.218784
0.217216
0.218688
0.218624
0.222080
0.218656
0.218304
0.217280
0.217568
0.218144
0.217568
0.218048
0.218624
0.217088
0.217984
0.217440
0.218144
0.217696
0.217536
0.218016
0.218432
0.217472
0.217376
0.217248
0.217216
0.217536
0.217088
0.218848
0.217440
0.217216
0.218432
0.217248
0.218432
0.218528
0.217472
0.218368
0.217120
0.216384
0.218240
0.217344
0.217152
0.218016
0.217248
0.217760
0.217088
0.218016
0.218208
0.217248
0.217344
0.217408
0.218112
0.218592
0.217664
0.217472
0.218336
0.217536
0.217376
0.217280
0.217568
0.218176
0.217696
0.218304
0.217088
0.218048
0.217440
0.217472
0.217536
0.217120
0.217568
0.217792
0.218368
0.217664
0.217504
0.217216
0.217696
0.346208
0.218816
0.217248
0.217344
0.217280
0.217472
0.218080
0.217152
0.217216
0.217568
0.217600
0.218432
0.217120
0.218016
0.218272
0.217088
0.218208
0.217696
0.218016
0.217376
0.217888
0.217536
0.217568
0.217568
0.217344
0.218336
0.217280
0.217664
0.217376
0.217792
0.218720
0.218592
0.217216
0.218336
0.217600
0.217088
0.399072
0.341120
0.355712
0.219488
0.218688
0.348256
0.218080
0.243552
0.218688
0.217152
0.218496
0.227520
0.218944
0.219136
0.414944
0.574656
0.219136
0.218016
0.217088
0.217888
0.217248
0.220768
0.217600
0.217632
0.479232
0.219136
0.219136
0.218848
0.217184
0.217344
0.218016
0.218176
0.217088
0.217632
0.218208
0.217536
0.217376
0.218112
0.218336
0.217856
0.217312
0.217216
0.217504
0.218368
0.217312
0.218336
0.217536
0.217728
0.218400
0.217312
0.217600
0.218176
0.217376
0.217280
0.217696
0.217440
0.217280
0.217984
0.217312
0.217472
0.217728
0.218112
0.217504
0.218080
0.217216
0.218112
0.217728
0.217312
0.217312
0.217376
0.217504
0.217184
0.217184
0.217568
0.217568
0.217312
0.217504
0.217696
0.217216
0.217536
0.218144
0.217312
0.218112
0.217760
0.218272
0.218528
0.217216
0.218144
0.217344
0.217280
0.217376
0.217472
0.217408
0.218464
0.217408
0.217280
0.217504
0.217696
0.217248
0.218240
0.217120
0.218304
0.217664
0.230880
0.216896
0.215072
0.233792
0.216992
0.217984
0.245408
0.217024
0.216416
0.215168
0.216448
0.215680
0.215456
0.215616
0.215392
0.215904
0.216160
0.215232
0.216608
0.215264
0.216192
0.215616
0.216288
0.215328
0.215552
0.216224
0.215552
0.216864
0.217152
0.216096
0.215616
0.216128
0.215616
0.215808
0.215392
0.215904
0.215200
0.215296
0.216192
0.215392
0.215136
0.215968
0.215552
0.215328
0.215936
0.216512
0.216736
0.216160
0.215392
0.215200
0.216352
0.216800
0.215200
0.230624
0.216704
0.216192
0.215424
0.215424
0.216128
0.215520
0.216064
0.232096
0.217856
0.215808
0.216416
0.215200
0.215232
0.215328
0.216896
0.216608
0.215296
0.215552
0.215264
0.215200
0.215520
0.215360
0.230176
0.352576
0.227328
0.217024
0.216672
0.216128
0.215552
0.216192
0.216320
0.215808
0.216160
0.215296
0.215680
0.215360
0.215520
0.216096
0.215808
0.215200
0.215488
0.216960
0.234016
0.216672
0.215360
0.216192
0.215424
0.215488
0.216288
0.215424
0.215968
0.216064
0.215520
0.215200
0.215424
0.215680
0.215936
0.216256
0.215584
0.215264
0.215392
0.221888
0.216288
0.215296
0.216288
0.215328
0.215296
0.221280
0.216768
0.215488
0.215520
0.215168
0.216192
0.215680
0.215552
0.215040
0.216160
0.216224
0.215520
0.216320
0.215392
0.215392
0.216192
0.215424
0.215552
0.215040
0.216160
0.215168
0.216544
0.215136
0.215264
0.394624
0.215776
0.432544
0.218240
0.215936
0.215904
0.215488
0.215424
0.215680
0.215040
0.216704
0.215264
0.215264
0.215456
0.215616
0.215488
0.215424
0.215200
0.215392
0.216544
0.216384
0.215680
0.215296
0.215040
0.215488
0.215264
0.215808
0.215168
0.216320
0.216640
0.215072
0.216512
0.216160
0.215040
0.215840
0.215264
0.215296
0.215680
0.216000
0.215328
0.215264
0.216672
0.216128
0.215648
0.215488
0.215712
0.215680
0.215712
0.215488
0.215264
0.215360
0.215808
0.215296
0.215840
0.237984
0.216352
0.225664
0.216224
0.233376
0.216800
0.215456
0.476160
0.218624
0.217088
0.216224
0.215488
0.215040
0.215136
0.216320
0.215232
0.215520
0.216608
0.215104
0.216544
0.215296
0.215456
0.215776
0.216320
0.215424
0.215360
0.216160
0.215360
0.216576
0.216480
0.216576
0.216576
0.215232
0.215456
0.215232
0.215168
0.215296
0.216224
0.215488
0.215680
0.216320
0.215264
0.215872
0.215424
0.215552
0.215232
0.216096
0.216320
0.215616
0.216224
0.215776
0.233472
0.215840
0.216448
0.215136
0.227776
0.216640
0.215456
0.215648
0.215072
0.215488
0.216480
0.215264
0.216224
0.216064
0.215392
0.215200
0.215776
0.215200
0.215424
0.215040
0.216224
0.215680
0.215872
0.216608
0.215168
0.215744
0.215840
0.215264
0.215680
0.216864
0.215520
0.215072
0.215424
0.215616
0.215168
0.215584
0.215360
0.215328
0.215328
0.215264
0.229376
0.217088
0.215328
0.215360
0.215584
0.215200
0.215552
0.229664
0.216608
0.216480
0.218720
0.215552
0.215200
0.216032
0.215616
0.216000
0.215232
0.215872
0.216416
0.215584
0.216096
0.215712
0.215456
0.215424
0.216672
0.216160
0.215456
0.215040
0.216128
0.216224
0.215360
0.215200
0.215968
0.215552
0.215104
0.215680
0.215200
0.215552
0.215936
0.215136
0.216352
0.216128
0.215808
0.215392
0.215808
0.215040
0.215616
0.215232
0.216320
0.215392
0.215168
0.215392
0.215648
0.215072
0.215424
0.215488
0.215776
0.216064
0.215680
0.215488
0.216384
0.215200
0.215232
0.215040
0.216512
0.215232
0.216608
0.215936
0.229728
0.215840
0.216672
0.215744
0.216480
0.215648
0.215776
0.216640
0.215712
0.215424
0.215360
0.215168
0.215456
0.216352
0.215136
0.216544
0.216512
0.216576
0.333408
0.216704
0.216224
0.215328
0.239296
0.346112
0.352192
0.217248
0.215616
0.215328
0.215232
0.215488
0.216384
0.215392
0.216576
0.215936
0.215232
0.216192
0.215360
0.215552
0.215808
0.216128
0.215616
0.215520
0.216192
0.215264
0.216128
0.215584
0.215520
0.215040
0.215840
0.215584
0.215552
0.216224
0.215424
0.216672
0.216192
0.215616
0.216032
0.215232
0.215584
0.215584
0.223232
0.475136
0.225888
0.218176
0.216000
0.216160
0.215360
0.215200
0.215424
0.215104
0.216160
0.215392
0.216032
0.215776
0.215104
0.215104
0.216192
0.216832
0.215456
0.215936
0.216192
0.215360
0.215136
0.215392
0.234592
0.215808
0.215552
0.215040
0.216512
0.215936
0.216512
0.215136
0.216224
0.215200
0.215872
0.215072
0.216224
0.214624
0.214112
0.213504
0.214272
0.213984
0.213408
0.214176
0.213280
0.214336
0.214304
0.213056
0.214400
0.214368
0.214688
0.213344
0.213568
0.213248
0.213184
0.214080
0.213152
0.213728
0.213376
0.213216
0.214496
0.212992
0.214240
0.213408
0.213696
0.214048
0.213408
0.213792
0.214592
0.214176
0.213312
0.213280
0.214272
0.213248
0.214016
0.214464
0.236448
0.227040
0.229632
0.214656
0.239616
0.215680
0.219712
0.214400
0.222144
0.214784
0.213280
0.213632
0.213632
0.213440
0.213472
0.213216
0.214176
0.213504
0.214112
0.213280
0.214336
0.214816
0.213824
0.213344
0.213792
0.213696
0.214912
0.215136
0.214016
0.213792
0.213728
0.214592
0.214368
0.213600
0.213632
0.213184
0.214464
0.212992
0.213568
0.213888
0.214720
0.233248
0.214880
0.214368
0.214240
0.213856
0.213568
0.213440
0.214784
0.213312
0.213728
0.213728
0.213472
0.213760
0.214048
0.214528
0.213344
0.214272
0.213376
0.213440
0.213824
0.214368
0.213216
0.214720
0.213824
0.214432
0.214400
0.213056
0.213312
0.214368
0.213376
0.213952
0.213824
0.214304
0.212992
0.214528
0.214720
0.213152
0.213696
0.214144
0.213728
0.237696
0.215072
0.214112
0.213728
0.214144
0.213664
0.213376
0.213856
0.213760
0.214400
0.213344
0.213824
0.213696
0.213440
0.213728
0.214528
0.212992
0.213728
0.214528
0.329600
0.216000
0.215072
0.213088
0.213792
0.213344
0.214336
0.213536
0.213888
0.212992
0.214432
0.214528
0.214400
0.213472
0.214880
0.213632
0.213408
0.217792
0.214080
0.214112
0.213696
0.214208
0.213472
0.213728
0.392512
0.339712
0.348160
0.215136
0.214624
0.214560
0.213056
0.213920
0.217152
0.217088
0.217888
0.217568
0.479872
0.219904
0.219200
0.218432
0.218496
0.217440
0.217312
0.217536
0.217568
0.218656
0.217248
0.232128
0.218496
0.234528
0.219200
0.218080
0.217344
0.217664
0.228032
0.217920
0.217568
0.217824
0.218304
0.217504
0.218464
0.217408
0.217568
0.217344
0.218976
0.217600
0.217696
0.218688
0.218560
0.217216
0.218976
0.231424
0.218784
0.217280
0.218080
0.217184
0.218240
0.217184
0.217152
0.217344
0.218144
0.217344
0.217216
0.217760
0.218528
0.217408
0.217216
0.217440
0.217088
0.217216
0.217280
0.217024
0.218080
0.217472
0.217472
0.217216
0.218592
0.217440
0.217952
0.217376
0.217824
0.217568
0.219040
0.217216
0.217760
0.218496
0.217344
0.218368
0.217664
0.217568
0.217472
0.217120
0.218176
0.217408
0.217696
0.217120
0.218592
0.218080
0.217280
0.217472
0.217984
0.217984
0.218080
0.217568
0.217088
0.217824
0.217248
0.217824
0.217536
0.217184
0.217248
0.217344
0.218560
0.217216
0.217536
0.217152
0.218176
0.217312
0.217280
0.217632
0.218176
0.217408
0.217216
0.217248
0.218336
0.217152
0.217088
0.217536
0.218400
0.217408
0.218112
0.217440
0.217600
0.217088
0.242912
0.218912
0.221184
0.230848
0.219264
0.218720
0.218560
0.218240
0.217568
0.217120
0.217568
0.218208
0.217600
0.217120
0.217376
0.218112
0.217248
0.218048
0.217760
0.218304
0.227904
0.218816
0.217536
0.217600
0.217376
0.218304
0.217632
0.218176
0.217792
0.217408
0.217728
0.217536
0.217088
0.218112
0.217664
0.217088
0.217472
0.217536
0.217856
0.218208
0.218336
0.217440
0.218144
0.217600
0.217952
0.217568
0.217344
0.218144
0.217664
0.217952
0.218912
0.217504
0.217664
0.217696
0.217632
0.217504
0.232224
0.217728
0.217984
0.225280
0.227328
0.219136
0.219168
0.217952
0.218048
0.228192
0.245696
1.404928
0.217856
0.217824
0.218240
0.217568
0.218208
0.217504
0.217792
0.217440
0.217696
0.217312
0.217504
0.217792
0.218112
0.217504
0.217312
0.218560
0.218496
0.217504
0.217696
0.217888
0.364032
0.229728
0.220224
0.219136
0.217664
0.217408
0.217440
0.217504
0.389088
0.226720
0.571520
0.219392
1.384128
0.217728
0.218432
0.217376
0.217248
0.217856
0.217472
0.234272
0.235264
0.217120
0.218304
0.333504
0.219104
0.217824
0.217248
0.217408
0.217472
0.229824
0.222752
0.219328
0.219264
0.217312
0.217600
0.218048
0.217600
0.217312
0.216032
0.211424
0.212256
0.211840
0.212320
0.211488
0.211968
0.212192
0.212352
0.212224
0.212288
0.211680
0.212672
0.211456
0.212352
0.212256
0.241792
0.213120
0.212192
0.211456
0.467744
0.213504
0.212992
0.212992
0.212544
0.212608
0.212480
0.211456
0.211808
0.211584
0.211968
0.212064
0.211712
0.212352
0.212384
0.211616
0.212768
0.212000
0.212448
0.211232
0.212288
0.211040
0.212480
0.211616
0.212448
0.211712
0.212416
0.211200
0.355264
0.212480
0.569344
0.213312
0.211712
0.212128
0.211456
0.212192
0.211328
0.212480
0.211520
0.212608
0.212160
0.211552
0.212384
0.226880
0.212992
0.212448
0.212608
0.212032
0.212384
0.211328
0.211968
0.211520
0.212096
0.211552
0.212768
0.211968
0.212096
0.211488
0.212320
0.211264
0.211584
0.211840
0.212544
0.212128
0.221888
0.212992
0.212992
0.212544
0.452800
0.213632
0.214176
0.211712
0.212544
0.212576
0.211424
0.211616
0.212160
0.212640
0.211488
0.212928
0.225120
0.219488
0.213184
0.211712
0.211648
0.211200
0.212256
0.211456
0.212608
0.211584
0.212096
0.211136
0.212384
0.211104
0.212544
0.212320
0.211424
0.211808
0.212192
0.212096
0.383488
0.332288
0.550784
0.213376
0.212608
0.211424
0.211936
0.211360
0.212448
0.212064
0.211616
0.387968
0.375072
0.348160
0.213504
0.212864
0.212064
0.212352
0.211360
0.211776
0.211584
0.386112
0.332160
0.521984
0.212256
0.212992
0.212416
0.211232
0.457472
0.351232
0.214336
0.211584
0.212160
0.212256
0.212480
0.211392
0.212768
0.211872
0.211616
0.211296
0.211648
0.212736
0.211648
0.211872
0.212000
0.211616
0.211744
0.212384
0.211232
0.211584
0.212512
0.212544
0.212576
0.212448
0.212416
0.212000
0.211712
0.212096
0.211648
0.212896
0.212992
0.212672
0.212288
0.227168
0.213056
0.211616
0.212384
0.212224
0.211552
0.211616
0.212512
0.211456
0.212480
0.211200
0.212480
0.211552
0.212352
0.212448
0.212000
0.212896
0.212736
0.347008
0.212992
0.212992
0.212064
0.211744
0.212128
0.211456
0.211936
0.212576
0.211648
0.211744
0.212672
0.212160
0.211840
0.211648
0.212288
0.212640
0.212128
0.211584
0.333472
0.213696
0.212992
0.212928
0.212192
0.212640
0.212192
0.211712
0.212032
0.385280
0.333024
0.212832
0.358080
0.213344
0.212864
0.212384
0.211456
0.211840
0.211648
0.211616
0.212096
0.213088
0.211520
0.212768
0.212256
0.211296
0.212416
0.211552
0.212992
0.212928
0.212160
0.212416
0.213216
0.214528
0.213216
0.213536
0.213216
0.213760
0.214048
0.213728
0.213728
0.214272
0.213792
0.213568
0.213696
0.213376
0.214176
0.215264
0.214176
0.213952
0.214496
0.213216
0.213472
0.213824
0.213952
0.213696
0.214848
0.213376
0.213920
0.213344
0.214208
0.214464
0.213216
0.214304
0.213664
0.213600
0.213824
0.213920
0.213504
0.453248
0.216576
0.215136
0.213792
0.214560
0.214400
0.355904
0.214560
0.213568
0.213344
0.213824
0.214400
0.213568
0.213696
0.213472
0.214048
0.213696
0.214080
0.214496
0.213504
0.214400
0.213408
0.213184
0.213824
0.214272
0.213344
0.213632
0.214752
0.213280
0.389408
0.334784
0.368288
0.243360
0.214656
0.347488
0.215232
0.214016
0.214720
0.225472
0.357824
0.335584
0.558656
0.219520
0.215296
0.213824
0.213632
0.215936
0.216704
0.215040
0.216608
0.215360
0.215744
0.216832
0.216992
0.216064
0.215808
0.216128
0.215680
0.215968
0.216736
0.216000
0.215808
0.215584
0.458880
0.218752
0.217344
0.216128
0.215584
0.216032
0.215744
0.215200
0.215488
0.215744
0.215872
0.215648
0.229728
0.216128
0.216704
0.215328
0.216160
0.215040
0.216160
0.216256
0.215584
0.216640
0.215488
0.215040
0.215296
0.215488
0.215040
0.215616
0.216192
0.215424
0.215040
0.215904
0.216416
0.215232
0.216256
0.215456
0.215648
0.215424
0.215168
0.215488
0.216672
0.215232
0.215328
0.215520
0.215776
0.215136
0.216608
0.215360
0.215168
0.216416
0.216160
0.215552
0.215200
0.216288
0.215232
0.216224
0.215392
0.215424
0.215488
0.216064
0.215616
0.215648
0.366240
0.354080
0.350560
0.350208
0.216768
0.463488
0.217088
0.217120
0.215456
0.215456
0.215040
0.216352
0.216416
0.215584
0.337920
0.350208
0.350496
0.215744
0.216160
0.215424
0.216160
0.215456
0.215840
0.216512
0.216128
0.391168
0.350816
0.217376
0.215616
0.216928
0.216320
0.215552
0.216256
0.216800
0.215072
0.349088
0.215904
0.215936
0.215968
0.216256
0.215648
0.215840
0.216192
0.216224
0.215872
0.215968
0.216512
0.239040
0.223456
0.216320
0.215392
0.215424
0.216576
0.215520
0.215648
0.215552
0.215584
0.216128
0.215488
0.215744
0.216256
0.215616
0.216704
0.331776
0.216448
0.215168
0.460576
0.218368
0.217248
0.215200
0.216224
0.215360
0.215744
0.216160
0.215360
0.215904
0.215424
0.215808
0.216544
0.215392
0.216640
0.215680
0.215520
0.215776
0.215328
0.215232
0.215968
0.212640
0.211680
0.211648
0.212416
0.211168
0.212384
0.212128
0.212480
0.211232
0.212256
0.212768
0.211872
0.212320
0.211232
0.212288
0.211968
0.212192
0.211552
0.211936
0.211968
0.384992
0.212544
0.356480
0.344256
0.224960
0.212960
0.212448
0.211232
0.212544
0.211808
0.211776
0.211424
0.385632
0.351648
0.214272
0.211520
0.212160
0.211680
0.211936
0.212736
0.212672
0.212832
0.212224
0.453856
0.350464
0.214336
0.211744
0.212224
0.211296
0.211680
0.212352
0.211200
0.212032
0.211872
0.211776
0.211840
0.212608
0.213728
0.212448
0.212416
0.212384
0.211360
0.211584
0.212256
0.212064
0.212224
0.220672
0.222688
0.213184
0.212064
0.211808
0.212416
0.211264
0.212352
0.224960
0.212896
0.211552
0.212512
0.227328
0.212640
0.213248
0.212704
0.212320
0.212864
0.212608
0.212256
0.211616
0.212352
0.212800
0.212672
0.211008
0.218816
0.212416
0.212960
0.212480
0.212224
0.211488
0.211968
0.211968
0.211584
0.211872
0.212544
0.212256
0.211648
0.212608
0.211680
0.212448
0.211232
0.212192
0.212608
0.212160
0.220096
0.230272
0.212832
0.211968
0.332544
0.215040
0.214208
0.212160
0.211968
0.387232
0.345568
0.344832
0.215936
0.211360
0.212736
0.211616
0.212768
0.211328
0.211872
0.211712
0.384864
0.332288
0.524256
0.212928
0.211936
0.211872
0.212896
0.212320
0.212768
0.212672
0.212512
0.212928
0.212608
0.212960
0.214368
0.214208
0.213184
0.211776
1.374976
0.212224
0.213056
0.212384
0.212768
0.213152
0.212256
0.212448
0.211104
0.212448
0.212608
0.211520
0.211616
0.212160
0.211392
0.212352
0.211872
0.211840
0.212608
0.212288
0.212992
0.212672
0.212192
0.467488
0.213184
0.212992
0.213152
0.213440
0.211712
0.211488
0.211232
0.211936
0.212736
0.211968
0.212640
0.212224
0.211424
0.211168
0.212864
0.212576
0.212672
0.212352
0.212096
0.211616
0.211872
0.211616
0.212736
0.212224
0.211360
0.212192
0.212736
0.212384
0.211264
0.211808
0.211872
0.212576
0.223232
0.212832
0.211872
0.211904
0.384896
0.338144
0.548768
0.213120
1.377024
0.213344
0.213664
0.212000
0.211904
0.212128
0.211776
0.212992
0.212736
0.211840
0.212672
0.212800
0.225344
0.212608
0.211488
0.211520
0.212480
0.219168
0.212608
0.212608
0.211840
0.459616
0.214496
0.213376
0.325632
0.211776
0.212096
0.323680
0.212448
0.211296
0.211168
0.209792
0.210720
0.209504
0.210880
0.209408
0.209760
0.210016
0.210368
0.209696
0.210592
0.209760
0.210336
0.209312
0.210496
0.209664
0.210560
0.222944
0.211040
0.209760
0.209696
0.209504
0.210688
0.210304
0.210688
0.210656
0.210400
0.210240
0.210880
0.210496
0.210240
0.209376
0.209728
0.209792
0.209760
0.210624
0.209952
0.209920
0.209600
0.210336
0.209568
0.210944
0.210592
0.209376
0.209664
0.210944
0.327776
0.211200
0.210944
0.565952
0.211008
0.210848
0.210560
0.209376
0.211136
0.209824
0.210656
0.210400
0.455936
0.211008
0.212576
0.209696
0.210336
0.209344
0.211296
0.209568
0.209600
0.209024
0.210784
0.209856
0.210112
0.210400
0.210176
0.209696
0.210368
0.210656
0.210336
0.210240
0.209632
0.209440
0.210752
0.209952
0.209600
0.210944
0.212224
0.211584
0.212768
0.212448
0.212512
0.212288
0.211424
0.212640
0.211872
0.211808
0.212928
0.212448
0.212320
0.212064
0.211296
0.212224
0.212384
0.212384
0.211328
0.211840
0.212992
0.212256
0.213280
0.212992
0.212928
0.212928
1.373760
0.212992
0.212992
0.211904
0.212224
0.211904
0.212608
0.212544
0.212832
0.211968
0.211808
0.211808
0.212320
0.212512
0.332384
0.215008
0.397920
0.338560
0.499616
1.379232
0.213248
0.212608
0.211776
0.211712
0.211968
0.212256
0.212544
0.211648
0.212448
0.212640
0.212704
0.212480
0.212512
0.212448
0.212992
0.212640
0.211456
0.211776
0.212832
0.212800
0.211744
0.211520
0.211648
0.212640
0.212928
0.212064
0.212096
0.209536
0.210240
0.209440
0.210368
0.210176
0.209920
0.209984
0.209824
0.209408
0.210592
0.210752
0.209376
0.210592
0.210272
0.209472
0.210624
0.210144
0.209504
0.210560
0.210496
0.212256
0.210144
0.209856
0.210464
0.231392
0.210880
0.210240
0.210496
0.463104
0.211200
0.212096
0.210912
0.210144
0.210624
0.210016
0.209504
0.210304
0.210112
0.210496
0.210496
0.209376
0.210080
0.210816
0.210720
0.225088
0.323584
0.211680
0.210784
0.209536
0.209888
0.382784
0.328768
0.211040
0.567200
0.210944
0.210976
0.210464
0.210144
0.209056
0.209664
0.209824
0.210720
0.209984
0.210688
0.209952
0.209600
0.210208
0.210016
0.209536
0.209856
0.210912
0.210944
0.209376
0.210432
0.210560
0.210368
0.210784
0.210304
0.209472
0.210656
0.210944
0.210304
0.210240
0.209408
0.209760
0.209856
0.210048
0.209536
0.210560
0.210080
0.213280
0.213216
0.214912
0.215040
0.214688
0.214720
0.456704
0.216928
0.215040
0.215040
0.214880
0.214560
0.214656
0.214816
0.214592
0.213184
0.213120
0.214368
0.214240
0.213760
0.214528
0.213440
0.213792
0.214368
0.214336
0.213408
0.214304
0.214176
0.215104
0.214944
0.214688
0.214048
0.213312
0.214656
0.214176
0.213280
0.214528
0.214656
0.214528
0.214400
0.214240
0.213632
0.213760
0.214144
0.213632
0.214720
0.214720
0.214048
0.213504
0.213216
0.213472
0.213760
0.214208
0.213536
0.214496
0.213312
0.213728
0.214336
0.214688
0.213376
0.213536
0.214816
0.214208
0.214272
0.213312
0.214528
0.212992
0.213504
0.214240
0.213536
0.214560
0.213792
0.214464
0.213312
0.214528
0.215232
0.213792
0.214336
0.333920
0.216192
0.215104
0.215008
0.214304
0.213344
0.213824
0.213824
0.214080
0.213536
0.213568
0.216800
0.217376
0.217088
0.218016
0.218528
0.217344
0.217216
0.217504
0.217856
0.217504
0.217600
0.217216
0.217440
0.217440
0.217408
0.217376
0.217536
0.217664
0.217152
0.217184
0.217632
0.217600
0.218528
0.218208
0.217536
0.217760
0.217408
0.217632
0.217088
0.218464
0.217312
0.217920
0.217696
0.217760
0.217472
0.217984
0.219136
0.217376
0.218336
0.217184
0.218464
0.217312
0.217280
0.218016
0.217760
0.217312
0.217568
0.217728
0.217280
0.217376
0.217248
0.217504
0.218496
0.217248
0.217440
0.218080
0.217600
0.218400
0.217472
0.217376
0.218688
0.341472
0.219168
0.219456
0.218624
0.217728
0.218016
0.217568
0.218912
0.217536
0.218560
0.217088
0.217600
0.217408
0.217984
0.218944
0.218016
0.218240
0.217408
0.217120
0.217376
0.218336
0.217312
0.234688
0.218976
0.218432
0.217312
0.217376
0.217376
0.217632
0.218176
0.217504
0.218176
0.217376
0.218656
0.217088
0.218304
0.217696
0.217184
0.218272
0.217504
0.218112
0.218112
0.217504
0.217376
0.217664
0.218400
0.217312
0.217824
0.217472
0.218208
0.217472
0.218368
0.217408
0.217152
0.217184
0.218400
0.217344
0.217824
0.217440
0.217344
0.218176
0.217600
0.217664
0.218368
0.217152
0.218144
0.218016
0.217568
0.217632
0.218080
0.217888
0.341952
0.220896
0.219296
0.218880
0.218560
0.217088
0.217824
0.217440
0.218240
0.217664
0.218336
0.217184
0.217280
0.218464
0.217472
0.217792
0.218208
0.217344
0.217024
0.217088
0.218048
0.217440
0.217760
0.217376
0.217888
0.218336
0.217536
0.335808
0.219296
0.217920
0.218176
0.217472
0.218944
0.217472
0.217376
0.217376
0.217440
0.218336
0.218624
0.217280
0.218176
0.217216
0.217536
0.218432
0.217184
0.218240
0.217472
0.217376
0.218624
0.219136
0.218784
0.217888
0.218112
0.397280
0.346464
0.555008
0.219072
0.219136
0.217600
0.218784
0.218944
0.218848
0.217472
0.218368
0.218784
0.475136
0.220352
0.219328
0.218624
0.217344
0.218048
0.217504
0.217600
0.217504
0.217792
0.217280
0.218432
0.217472
0.217376
0.218080
0.218720
0.217920
0.218144
0.217536
0.217344
0.217568
0.217632
0.217472
0.218848
0.219296
0.218400
0.217312
0.218336
0.218496
0.217280
0.218112
0.217760
0.218528
0.218656
0.217088
0.218176
0.217696
0.217600
0.218400
0.217248
0.218688
0.217856
0.218176
0.217696
0.218528
0.217504
0.217664
0.217760
0.217216
0.217664
0.217408
0.218400
0.217504
0.217568
0.217440
0.217824
0.217088
0.217312
0.217568
0.217600
0.217504
0.217472
0.217376
0.218048
0.217184
0.217856
0.217088
0.218112
0.217824
0.218336
0.217440
0.218304
0.340672
0.220544
0.219296
0.218592
0.217216
0.218304
0.217472
0.218496
0.218240
0.217536
0.217216
0.217344
0.218080
0.217504
0.218592
0.217088
0.218176
0.217408
0.218176
0.217632
0.217504
0.217408
0.217632
0.218272
0.217792
0.217408
0.217408
0.217312
0.218112
0.218592
0.217344
0.218688
0.243712
0.217760
0.218208
0.217504
0.218144
0.217664
0.218080
0.218560
0.217344
0.217792
0.217344
0.217216
0.217600
0.217376
0.217760
0.218208
0.217696
0.218560
0.217696
0.218208
0.217536
0.217568
0.217568
0.218080
0.217408
0.217632
0.217472
0.217504
0.217248
0.217344
0.218432
0.218272
0.217312
0.218368
0.218496
0.218688
0.217504
0.217568
0.217344
0.340608
0.219136
0.219136
0.218368
0.217632
0.217664
0.217280
0.218432
0.217216
0.218208
0.217312
0.218240
0.217568
0.220544
0.218816
0.217152
0.217536
0.217632
0.217376
0.217120
0.217824
0.218208
0.230688
0.218944
0.218176
0.217696
0.218656
0.218112
0.217760
0.217472
0.218048
0.219648
0.218816
0.217184
0.218464
0.217088
0.231456
0.218112
0.217536
0.217536
0.218848
0.217280
0.218048
0.218176
0.217696
0.217472
0.217728
0.217248
0.217472
0.229184
0.218112
0.218208
0.217984
0.217376
0.218400
0.217344
0.217568
0.218080
0.217376
0.218592
0.217280
0.218304
0.217216
0.217344
0.217856
0.218176
0.218432
0.217088
0.218944
0.217312
0.217216
0.218208
0.217728
0.218272
0.217504
0.217408
0.217120
0.217504
0.217536
0.217568
0.217888
0.218336
0.218496
0.217312
0.218112
0.217184
0.217760
0.217472
0.217184
0.218176
0.218720
0.217280
0.217600
0.217184
0.218272
0.218208
0.217568
0.218112
0.217760
0.217568
0.218528
0.218144
0.217664
0.218720
0.219104
0.217568
0.217760
0.217344
0.239040
0.335392
0.218336
0.215488
0.215840
0.215872
0.216288
0.215328
0.215296
0.216128
0.215392
0.216160
0.216576
0.216576
0.216192
0.215232
0.216224
0.215360
0.216608
0.216704
0.215456
0.215264
0.215840
0.215328
0.215904
0.215616
0.216192
0.215328
0.216096
0.216672
0.215360
0.215872
0.216640
0.216256
0.339424
0.217184
0.217088
0.216512
0.216992
0.215296
0.215360
0.215200
0.215488
0.216704
0.391168
0.350464
0.217408
0.215648
0.215456
0.215168
0.216576
0.216096
0.216000
0.215840
0.216256
0.225248
0.216672
0.216768
0.215520
0.216704
0.216128
0.215328
0.215136
0.215424
0.215648
0.216128
0.216832
0.215648
0.216640
0.215520
0.216128
0.215200
0.215584
0.231424
0.216768
0.216032
0.217088
0.216032
0.215040
0.216032
0.216288
0.215360
0.216800
0.216576
0.216192
0.216064
0.215616
0.216032
0.215360
0.215616
0.215872
0.216128
0.215712
0.215520
0.215648
0.215296
0.216128
0.216544
0.215232
0.215968
0.216608
0.215328
0.215552
0.459232
0.218144
0.217056
0.215136
0.216256
0.215200
0.216160
0.216352
0.215264
0.215424
0.215328
0.216704
0.216672
0.215488
0.215520
0.216128
0.215936
0.215744
0.216096
0.215488
0.215808
0.216384
0.215488
0.216192
0.215488
0.215648
0.215040
0.216480
0.216128
0.215520
0.215392
0.216064
0.215392
0.215648
0.215392
0.215648
0.221184
0.216192
0.215712
0.216128
0.215424
0.216288
0.227456
0.216704
0.231424
0.217504
0.217088
0.216960
0.216704
0.217088
0.217088
0.216864
0.216352
0.216768
0.215616
0.215872
0.215200
0.216288
0.216096
0.215168
0.216320
0.215584
0.215264
0.215232
0.215168
0.215520
0.216032
0.216576
0.231008
0.215712
0.215616
0.336800
0.218784
0.218176
0.215872
0.215168
0.215264
0.215936
0.216032
0.215392
0.215776
0.215264
0.215968
0.215104
0.215136
0.216064
0.216544
0.215040
0.215488
0.215616
0.215200
0.215904
0.215136
0.215360
0.216544
0.216128
0.215168
0.215840
0.216800
0.215488
0.215552
0.225952
0.235584
0.217120
0.215424
0.216512
0.216256
0.215552
0.216416
0.215456
0.215392
0.215808
0.215776
0.215584
0.215904
0.215488
0.215328
0.216480
0.238240
0.216288
0.332224
0.216000
0.216160
0.215712
0.216160
0.215488
0.216384
0.216064
0.215264
0.216224
0.215360
0.215648
0.215680
0.216352
0.215840
0.215680
0.215648
0.233504
0.215968
0.216672
0.215680
0.216704
0.338016
0.217632
0.217088
0.216480
0.216608
0.215040
0.215776
0.215712
0.235488
0.216928
0.216032
0.216192
0.215552
0.215072
0.215872
0.215584
0.215776
0.215488
0.216000
0.215232
0.215712
0.215360
0.215776
0.216576
0.215456
0.215520
0.215328
0.215104
0.216064
0.215264
0.216096
0.215680
0.391328
0.339872
0.353888
0.217376
0.216672
0.215264
0.216064
0.215424
0.215872
0.215520
0.215424
0.215104
0.215648
0.215808
0.217088
0.216576
0.215456
0.216576
0.216160
0.215712
0.216640
0.216672
0.216544
0.215264
0.215488
0.215392
0.215392
0.215264
0.216256
0.215264
0.215392
0.216576
0.235520
0.217216
0.216352
0.461280
0.217824
0.217088
0.215936
0.216704
0.215168
0.215968
0.216096
0.215584
0.215488
0.215744
0.216608
0.216416
0.215360
0.215712
0.215936
0.215296
0.215456
0.216640
0.215232
0.215648
0.215616
0.215200
0.215648
0.216128
0.215296
0.216352
0.215104
0.216352
0.216512
0.216160
0.215168
0.223200
0.222848
0.216288
0.215840
0.234016
0.217248
0.217632
0.217088
0.215456
0.216480
0.215392
0.216416
0.215424
0.215296
0.216032
0.216320
0.215040
0.216256
0.216800
0.216192
0.215648
0.215392
0.216352
0.215296
0.215232
0.216000
0.215456
0.215840
0.216000
0.215264
0.215840
0.215328
0.215424
0.215488
0.215488
0.216512
0.216672
0.216448
0.215456
0.215264
0.353824
0.218496
0.217888
0.216384
0.216480
0.215360
0.216320
0.215040
0.215520
0.215456
0.215232
0.216288
0.216224
0.215456
0.216128
0.215424
0.215552
0.215872
0.215616
0.215328
0.215680
0.216192
0.215200
0.215296
0.215392
0.215776
0.218048
0.215456
0.216480
0.217120
0.215392
0.215296
0.215200
0.215392
0.215968
0.216288
0.215584
0.216480
0.216704
0.216096
0.215840
0.216160
0.216288
0.215456
0.216352
0.216096
0.215520
0.215552
0.215392
0.215936
0.216672
0.216832
0.216640
0.215328
0.215872
0.215232
0.215648
0.216128
0.225248
0.217088
0.217952
0.216608
0.215808
0.215424
0.216640
0.215040
0.216096
0.215520
0.216672
0.216736
0.215200
0.215552
0.338880
0.217216
0.216864
0.215424
0.215648
0.215456
0.215648
0.215168
0.215520
0.215552
0.215104
0.216448
0.216224
0.216416
0.216544
0.215328
0.216160
0.216576
0.215168
0.216224
0.215328
0.216000
0.215680
0.216160
0.215296
0.215424
0.216448
0.215264
0.216992
0.216448
0.217088
0.216640
0.237280
0.230880
0.215776
0.230176
0.216448
0.237440
0.216064
0.215520
0.216736
0.215456
0.215456
0.215040
0.216480
0.215424
0.215520
0.215936
0.215584
0.241664
0.216896
0.215744
0.216416
0.216288
0.215584
0.215232
0.215200
0.216608
0.216864
0.220192
0.216704
0.215136
0.215712
0.215200
0.215392
0.216416
0.215328
0.215648
0.216320
0.215840
0.221088
0.339040
0.218144
0.217216
0.216960
0.216096
0.215712
0.215680
0.215328
0.215040
0.215968
0.216448
0.215136
0.215232
0.233312
0.233344
0.216224
0.215552
0.216160
0.215520
0.215584
0.216192
0.215424
0.215328
0.216352
0.215072
0.215488
0.215520
0.216640
0.215232
0.215936
0.216512
0.215680
0.242368
0.215648
0.216448
0.233728
0.217088
0.216512
0.215200
0.216448
0.215936
0.215520
0.216096
0.215776
0.216576
0.216096
0.215584
0.215136
0.215232
0.237824
0.215936
0.216512
0.215136
0.215680
0.216032
0.216288
0.215232
0.215744
0.216096
0.391680
0.230048
0.235104
0.366592
0.217184
0.215936
0.216832
0.215232
0.462432
0.217984
0.217152
0.216704
0.215232
0.216192
0.215072
0.215488
0.216224
0.215328
0.215552
0.216608
0.216384
0.215264
0.216512
0.216320
0.215520
0.216544
0.215680
0.215520
0.215776
0.215904
0.215680
0.216576
0.216256
0.215232
0.216160
0.215616
0.215072
0.215904
0.215456
0.215360
0.215840
0.215776
0.215520
0.215616
0.215392
0.215776
0.216576
0.216288
0.215680
0.215904
0.216768
0.216192
0.215648
0.215680
0.215264
0.215776
0.215456
0.216448
0.217024
0.216608
0.216224
0.215328
0.215776
0.216416
0.215040
0.216128
0.216384
0.215616
0.215392
0.215456
0.215968
0.215808
0.215488
0.232288
0.218176
0.216640
0.223232
0.216672
0.216512
0.216544
0.337984
0.218496
0.216896
0.216608
0.215136
0.215296
0.215360
0.216384
0.215520
0.215744
0.215040
0.216320
0.216416
0.215232
0.216416
0.215104
0.215552
0.216224
0.215520
0.215104
0.215264
0.215872
0.215360
0.215360
0.215712
0.216448
0.215040
0.216256
0.215328
0.215328
0.215168
0.216448
0.216448
0.216544
0.215712
0.215488
0.216480
0.216096
0.215296
0.215904
0.215264
0.216192
0.216416
0.215264
0.216352
0.215040
0.215584
0.215104
0.215968
0.215552
0.215968
0.216832
0.215296
0.215392
0.215808
0.215296
0.215872
0.215040
0.216480
0.216384
0.215040
0.215904
0.215072
0.216224
0.215520
0.216064
0.215520
0.233184
0.217472
0.348256
0.220256
0.216192
0.215968
0.215360
0.338432
0.217120
0.218592
0.215712
0.215488
0.216416
0.216128
0.215488
0.216160
0.352800
0.342176
0.352672
0.221408
0.217248
0.215488
0.216224
0.215808
0.216384
0.215456
0.215936
0.215456
0.216416
0.215424
0.215392
0.216832
0.216288
0.215712
0.215456
0.216672
0.216064
0.215648
0.215072
0.217248
0.217728
0.216992
0.216896
0.217088
0.217344
0.217632
0.217984
0.217312
0.218144
0.217312
0.218080
0.218624
0.217472
0.217920
0.218400
0.217088
0.217568
0.221824
0.222400
0.224224
0.221472
0.222208
0.221952
0.220896
0.221056
0.219776
0.221184
0.224448
0.233504
0.236320
0.219584
0.235008
0.219904
0.222112
0.220768
0.218976
0.227328
2224.054814
