0.368384
0.360544
0.357152
0.355872
0.357632
0.379072
0.356512
0.354656
0.354304
0.354336
0.361088
0.358400
0.356288
0.354400
0.354400
0.354912
0.376768
0.354976
0.354592
0.704512
0.722944
0.356640
0.355392
0.368704
0.361984
0.355136
0.354624
0.354560
0.355392
0.355360
0.354304
0.354720
0.354848
0.354304
0.354944
0.355328
0.354304
0.355328
0.354368
0.354496
0.545472
0.355872
0.355584
0.354304
0.354592
0.355040
0.355712
0.355616
0.733184
0.356320
0.356032
0.355328
0.354432
0.354336
0.356352
0.355136
0.680640
0.815360
0.356352
0.354848
0.355456
0.355520
0.354560
0.356352
0.356608
0.354624
0.354880
0.354304
0.354496
0.354976
0.354976
0.355328
0.355360
0.354304
0.354816
0.356224
0.354432
0.354304
0.354592
0.354752
0.354432
0.354688
0.354496
0.354592
0.356672
0.356928
0.356800
0.356608
0.732672
0.356352
0.354560
0.354624
0.354528
0.354592
0.355424
0.355712
0.355808
0.354528
0.354624
0.355072
0.355040
0.354720
0.355712
0.354368
0.354304
0.355744
0.355424
0.355328
0.354304
0.354656
0.355520
0.354304
0.354720
0.354944
0.354496
0.354720
0.354560
0.355456
0.355264
0.355392
0.354464
0.354304
0.354592
0.354624
0.354304
0.354400
0.355104
0.354688
0.354304
0.354528
0.354656
0.354720
0.354976
0.354496
0.354464
0.355200
0.355680
0.355808
0.355744
0.354880
0.354816
0.354720
0.355296
0.354304
0.354304
0.354336
0.354688
0.354304
0.354624
0.355680
0.355712
0.354400
0.355584
0.355296
0.355360
0.354336
0.354464
0.356320
0.356832
0.356512
0.357536
0.366016
0.356160
0.354528
0.354848
0.354304
0.354400
0.355968
0.355072
0.354784
0.354528
0.355360
0.354336
0.545600
0.357568
0.357984
0.355008
0.354528
0.355104
0.354400
0.354624
0.354336
0.355424
0.355744
0.356064
0.354816
0.354496
0.354368
0.354720
0.355872
0.355648
0.354784
0.355296
0.354432
0.355456
0.355072
0.355008
0.354592
0.355808
0.354880
0.355072
0.576448
0.798336
0.356352
0.354624
0.354624
0.355392
0.354400
0.355360
0.354368
0.354560
0.354752
0.354464
0.354496
0.356288
0.354560
0.354688
0.354912
0.355584
0.354432
0.355744
0.731136
0.356512
0.356320
0.354624
0.354432
0.354432
0.354784
0.355680
0.354752
0.355200
0.354432
0.354528
0.355264
0.354304
0.354976
0.354560
0.355584
0.354816
0.354688
0.355648
0.357440
0.357696
0.354528
0.354304
0.354848
0.355456
0.354304
0.354752
0.354880
0.354784
0.355744
0.355840
0.355392
0.354368
0.355552
0.355360
0.354304
0.354656
0.354464
0.354304
0.354848
0.357728
0.356416
0.355456
0.355552
0.356352
0.356320
0.356032
0.356064
0.355136
0.355360
0.354752
0.354656
0.355392
0.355456
0.354688
0.355904
0.356032
0.356416
0.356960
0.355456
0.354656
0.354336
0.355584
0.355552
0.355680
0.354592
0.354336
0.355872
0.355520
0.354304
0.354720
0.354336
0.354688
0.354624
0.354976
0.354336
0.354432
0.354592
0.354976
0.356960
0.356096
0.355328
0.354304
0.354464
0.354304
0.354752
0.356544
0.363136
0.357024
0.370176
0.356096
0.354272
0.354496
0.354432
0.354720
0.354432
0.354880
0.354528
0.354304
0.354592
0.355520
0.354656
0.354464
0.355712
0.355424
0.355968
0.355424
0.354496
0.355616
0.354784
0.355616
0.355648
0.356064
0.355744
0.354592
0.354720
0.355776
0.354432
0.355328
0.354560
0.354304
0.354624
0.355680
0.354496
0.354656
0.354400
0.355808
0.355360
0.354304
0.354560
0.544768
0.354496
0.354400
0.355072
0.356480
0.356512
0.356192
0.354880
0.355808
0.354432
0.354624
0.354688
0.354720
0.355392
0.356032
0.355872
0.355232
0.354560
0.354816
0.355200
0.354368
0.354368
0.355072
0.354976
0.353504
0.355488
0.356288
0.354784
0.354496
0.354400
0.354656
0.354368
0.354528
0.354688
0.354496
0.354816
0.355424
0.355424
0.355872
0.584736
0.572192
0.733184
0.356768
0.356352
0.354688
0.354912
0.354976
0.354368
0.356224
0.354848
0.355360
0.355520
0.355136
0.355232
0.354336
0.354656
0.354528
0.354336
0.354400
0.354784
0.354528
0.354080
0.346848
0.341952
0.342112
0.341984
0.289504
0.224384
0.223520
0.223680
0.225024
0.224416
0.223680
0.223488
0.224352
0.223776
0.223232
0.223328
0.223392
0.224640
0.223232
0.224224
0.223648
0.224032
0.224352
0.223584
0.223840
0.223264
0.224160
0.223488
0.223584
0.223744
0.224288
0.223360
0.223520
0.223520
0.223328
0.223328
0.223168
0.223360
0.224320
0.223808
0.218336
0.213280
0.213728
0.214240
0.213600
0.215264
0.213952
0.214048
0.214272
0.213856
0.214656
0.214624
0.213408
0.213632
0.214272
0.213024
0.214272
0.214272
0.214848
0.213888
0.213504
0.214304
0.214720
0.213120
0.214240
0.213248
0.214432
0.213600
0.214240
0.215040
0.215584
0.216672
0.216736
0.214912
0.214976
0.215040
0.214784
0.213472
0.213632
0.213312
0.214496
0.213184
0.214464
0.212992
0.213344
0.213536
0.213088
0.214432
0.214400
0.213024
0.213888
0.213408
0.213152
0.213856
0.214464
0.213344
0.214368
0.214336
0.213472
0.213856
0.213568
0.214208
0.213088
0.214048
0.213568
0.213344
0.213280
0.213664
0.211712
0.211552
0.211776
0.212672
0.212320
0.211424
0.211712
0.211328
0.211296
0.212480
0.211968
0.212224
0.212416
0.211776
0.211424
0.211904
0.211296
0.211648
0.212544
0.212256
0.211488
0.212352
0.212032
0.212928
0.212032
0.211712
0.212992
0.213088
0.212608
0.211584
0.212672
0.211552
0.211968
0.211584
0.212064
0.211680
0.211904
0.212544
0.212192
0.211264
0.211616
0.212160
0.212384
0.212320
0.212448
0.212000
0.211808
0.211392
0.212512
0.212608
0.211136
0.211712
0.212544
0.212416
0.212320
0.211232
0.212160
0.212192
0.211584
0.212640
0.212608
0.211616
0.212224
0.210944
0.212096
0.212544
0.211296
0.212352
0.211424
0.211872
0.211776
0.211776
0.212128
0.211648
0.211680
0.212288
0.211776
0.235648
0.213184
0.211552
0.212576
0.211712
0.211392
0.211808
0.212192
0.211360
0.211872
0.326816
0.212896
0.214304
0.213056
0.212736
0.212992
0.212544
0.214656
0.212992
0.214144
0.211456
0.211712
0.212352
0.212704
0.212064
0.211584
0.211936
0.212288
0.211392
0.212512
0.211264
0.212672
0.212064
0.211616
0.212256
0.212768
0.212544
0.212736
0.212544
0.212416
0.212288
0.211392
0.213728
0.212768
0.212576
0.211968
0.211552
0.212608
0.212448
0.211104
0.211808
0.212448
0.212608
0.212064
0.211712
0.212608
0.212224
0.212224
0.211072
0.212320
0.211584
0.212320
0.211392
0.212352
0.211200
0.212608
0.211200
0.212352
0.211648
0.212064
0.211456
0.212544
0.212352
0.212160
0.212320
0.211616
0.212544
0.212288
0.212384
0.211232
0.212032
0.211264
0.211584
0.211936
0.212192
0.211328
0.212224
0.212640
0.211968
0.387872
0.468352
0.213120
0.212480
0.212000
0.211456
0.212512
0.212064
0.211712
0.211424
0.212256
0.211840
0.211648
0.211040
0.212512
0.211936
0.212256
0.211392
0.212320
0.212704
0.212288
0.211488
0.212448
0.212384
0.211552
0.211744
0.212448
0.212448
0.212128
0.211648
0.212320
0.211488
0.211392
0.212544
0.212128
0.211680
0.211680
0.211968
0.212640
0.211040
0.211360
0.211872
0.213632
0.212992
0.211616
0.211712
0.212608
0.212096
0.467648
0.213632
0.212992
0.214464
0.214336
0.212896
0.212768
0.212736
0.212992
0.212768
0.212256
0.211200
0.212736
0.212288
0.212960
0.212416
0.212128
0.211328
0.211520
0.212192
0.211584
0.212160
0.233536
0.213216
0.215008
0.212896
0.212256
0.211392
0.212032
0.211776
0.212224
0.212416
0.212352
0.211488
0.212160
0.212384
0.211232
0.211776
0.212352
0.212160
0.224928
0.211584
0.228288
0.232256
0.211552
0.212064
0.211680
0.212032
0.211424
0.211136
0.211264
0.212256
0.212512
0.211168
0.212416
0.212384
0.212096
0.211552
0.212224
0.211360
0.211456
0.211808
0.212864
0.211264
0.211904
0.211232
0.212640
0.211040
0.212672
0.212256
0.212192
0.211488
0.211200
0.211168
0.212160
0.211296
0.212192
0.211360
0.211616
0.212352
0.211968
0.211744
0.211552
0.211712
0.211296
0.211744
0.212512
0.211520
0.212032
0.211328
0.211904
0.212576
0.212064
0.211392
0.211328
0.326816
0.211520
0.211424
0.212256
0.212224
0.211488
0.212352
0.212032
0.212288
0.211456
0.212064
0.211296
0.211840
0.212320
0.211200
0.212192
0.211488
0.211840
0.211424
0.385024
0.332416
0.524384
0.212544
0.211680
0.211360
0.211680
0.212000
0.211648
0.212096
0.212064
0.211648
0.212384
0.211136
0.211904
0.211424
0.211680
0.211456
0.211808
0.211360
0.212608
0.212192
0.211520
0.211296
0.212320
0.212128
0.211232
0.211968
0.212448
0.211520
0.211840
0.470336
0.214496
0.212928
0.211840
0.212608
0.211712
0.212352
0.211232
0.211328
0.211648
0.211680
0.212992
0.212160
0.211872
0.211264
0.212128
0.211424
0.211552
0.211712
0.212032
0.211648
0.212960
0.211936
0.212352
0.211200
0.212480
0.213344
0.243840
0.217664
0.215040
0.212672
0.211648
0.211616
0.213344
0.212544
0.212320
0.211328
0.212256
0.211104
0.212288
0.211904
0.211776
0.211712
0.211872
0.211968
0.211552
0.212256
0.211456
0.211040
0.212160
0.211616
0.211904
0.212416
0.212096
0.211456
0.212288
0.212224
0.211360
0.220672
0.212832
0.211040
0.212032
0.211584
0.212416
0.211392
0.211488
0.211840
0.211136
0.212512
0.212512
0.211168
0.212256
0.211040
0.212288
0.211328
0.211392
0.211488
0.212992
0.211552
0.212160
0.211296
0.212800
0.211328
0.211328
0.212192
0.211360
0.211488
0.211616
0.211296
0.211392
0.211712
0.212448
0.211328
0.211776
0.211456
0.212448
0.212032
0.211552
0.211232
0.211520
0.213888
0.212704
0.210912
0.209920
0.210304
0.210208
0.209504
0.209408
0.210496
0.210688
0.210208
0.209536
0.210048
0.210976
0.212928
0.212384
0.211392
0.211104
0.210368
0.210784
0.210720
0.210944
0.210560
0.210208
0.209536
0.210624
0.209664
0.210368
0.209120
0.210336
0.209856
0.209824
0.210944
0.211744
0.210592
0.209632
0.210240
0.209536
0.209536
0.214848
0.210592
0.210880
0.210528
0.210400
0.209280
0.210496
0.210368
0.210336
0.209472
0.212064
0.210944
0.210624
0.210912
0.210144
0.209504
0.210080
0.209536
0.210496
0.210112
0.210848
0.210304
0.209600
0.209920
0.210592
0.210720
0.210464
0.210048
0.209632
0.210656
0.210464
0.209536
0.209664
0.209824
0.210592
0.210528
0.209344
0.210048
0.210912
0.211360
0.211424
0.210944
0.211360
0.210080
0.209792
0.210880
0.210944
0.210944
0.210752
0.210656
0.209536
0.210784
0.210880
0.210112
0.210560
0.210208
0.209536
0.210432
0.209440
0.209376
0.210528
0.210272
0.209312
0.209760
0.209632
0.210624
0.210944
0.211040
0.209376
0.210400
0.210528
0.209280
0.210720
0.210944
0.211872
0.210944
0.209760
0.209632
0.210240
0.210496
0.210112
0.209568
0.210912
0.210560
0.210848
0.210688
0.210048
0.209632
0.210784
0.209760
0.210400
0.209632
0.210528
0.209728
0.209344
0.210496
0.210688
0.209856
0.210496
0.210464
0.210080
0.210336
0.209408
0.210752
0.210656
0.210944
0.209824
0.210688
0.209984
0.209664
0.209568
0.210496
0.210272
0.209376
0.209792
0.209824
0.324704
0.210496
0.210432
0.209408
0.209632
0.210944
0.210592
0.210688
0.210880
0.210528
0.210304
0.210880
0.210304
0.209440
0.210560
0.210880
0.210432
0.210272
0.209440
0.210240
0.210560
0.210560
0.214176
0.213504
0.213664
0.214208
0.213248
0.214368
0.214240
0.213600
0.214048
0.213376
0.214560
0.391168
0.348160
0.215008
0.212992
0.213440
0.214464
0.476928
0.215424
0.216224
0.215008
0.213280
0.213888
0.213408
0.213952
0.213344
0.213984
0.214336
0.213312
0.214016
0.213120
0.213376
0.213472
0.214336
0.213344
0.213856
0.213536
0.213408
0.213600
0.212992
0.213440
0.213696
0.213376
0.213440
0.213664
0.214208
0.213600
0.214144
0.213664
0.213856
0.214848
0.233408
0.215072
0.215040
0.214400
0.213760
0.215296
0.214656
0.217760
0.218816
0.215968
0.214208
0.213632
0.213376
0.213376
0.213920
0.214048
0.213408
0.214112
0.213280
0.213792
0.213920
0.213312
0.213792
0.213760
0.214368
0.213408
0.214496
0.213184
0.213248
0.213888
0.214112
0.213568
0.213472
0.214144
0.213344
0.213568
0.213472
0.214720
0.214592
0.215200
0.216768
0.216800
0.217024
0.215200
0.213728
0.214080
0.213472
0.213184
0.213408
0.213376
0.213856
0.213888
0.213472
0.213600
0.213504
0.214112
0.213536
0.213888
0.214144
0.213408
0.212992
0.214688
0.214144
0.213344
0.214624
0.214944
0.214528
0.213056
0.214208
0.213376
0.213536
0.214080
0.212992
0.213376
0.213920
0.214592
0.213088
0.214144
0.213312
0.213696
0.212992
0.214432
0.213344
0.213440
0.214048
0.213632
0.213312
0.214080
0.213408
0.213344
0.213696
0.212992
0.214464
0.213920
0.214240
0.213024
0.213120
0.214080
0.213280
0.212992
0.213280
0.214336
0.213440
0.214080
0.213728
0.213536
0.213024
0.213152
0.213792
0.214272
0.231616
0.214912
0.215456
0.214176
0.213600
0.213376
0.213472
0.214432
0.213440
0.213280
0.214080
0.214112
0.213472
0.213280
0.213344
0.213408
0.213376
0.214464
0.212992
0.214080
0.213216
0.213664
0.213248
0.214112
0.213408
0.213024
0.213216
0.213600
0.214176
0.213312
0.213472
0.213280
0.213376
0.213312
0.213696
0.213760
0.214528
0.329568
0.213344
0.214560
0.213472
0.214144
0.213504
0.214400
0.213632
0.215296
0.214496
0.214976
0.239488
0.214240
0.215264
0.214848
0.214656
0.213184
0.227232
0.230656
0.213312
0.214016
0.213184
0.213632
0.213312
0.213472
0.213952
0.214272
0.213344
0.214368
0.213056
0.213312
0.214208
0.213568
0.214144
0.214144
0.213568
0.214496
0.214528
0.214592
0.213280
0.213536
0.212992
0.214144
0.213344
0.213536
0.213024
0.214240
0.214080
0.213664
0.214080
0.213664
0.396000
0.367904
0.215040
0.214016
0.213696
0.213536
0.213216
0.214176
0.213120
0.214272
0.213312
0.213056
0.214048
0.214208
0.213632
0.214112
0.213504
0.213984
0.214272
0.213312
0.213536
0.213408
0.214528
0.213152
0.213472
0.213312
0.213440
0.213472
0.213664
0.213056
0.213568
0.214272
0.213472
0.213184
0.214112
0.213344
0.214240
0.213312
0.214176
0.214528
0.213152
0.213120
0.213312
0.213728
0.212992
0.214560
0.215040
0.215040
0.214944
0.214432
0.213120
0.213632
0.214624
0.472064
0.215104
0.215040
0.214688
0.213568
0.214144
0.213472
0.213664
0.213280
0.213344
0.213088
0.213472
0.214720
0.212992
0.213312
0.213408
0.213888
0.214176
0.213568
0.214144
0.213600
0.214624
0.213248
0.213728
0.213568
0.213120
0.214080
0.213440
0.213472
0.213024
0.214496
0.213472
0.213952
0.214272
0.213408
0.214240
0.213312
0.213504
0.214080
0.215168
0.216256
0.224544
0.214432
0.213760
0.214720
0.216160
0.213504
0.214592
0.215232
0.213952
0.215456
0.215264
0.214976
0.214880
0.213504
0.214496
0.214528
0.213312
0.213280
0.213568
0.213024
0.214688
0.214592
0.213376
0.213888
0.214656
0.213280
0.213440
0.213216
0.213312
0.213024
0.213408
0.213984
0.213696
0.214560
0.213504
0.214240
0.213056
0.213824
0.214272
0.213472
0.213856
0.214112
0.213664
0.214272
0.213408
0.213056
0.214304
0.214240
0.213056
0.214080
0.213440
0.213696
0.213920
0.213408
0.214208
0.213600
0.213696
0.213248
0.213632
0.213184
0.213440
0.214016
0.213856
0.213312
0.213184
0.213440
0.213184
0.214080
0.214528
0.213312
0.214240
0.213120
0.213632
0.213760
0.215136
0.213536
0.213024
0.213824
0.214080
0.213472
0.212992
0.213888
0.214112
0.213472
0.213984
0.214784
0.213280
0.225664
0.213504
0.213728
0.213728
0.214208
0.213152
0.214528
0.214464
0.213312
0.213888
0.213376
0.214336
0.214176
0.213472
0.214432
0.213280
0.213504
0.214176
0.213632
0.213568
0.213408
0.213632
0.213440
0.213376
0.213472
0.213760
0.213152
0.214272
0.212416
0.211680
0.211872
0.211520
0.212256
0.212288
0.212512
0.211648
0.211392
0.212576
0.212224
0.211648
0.212480
0.212512
0.212736
0.212096
0.211552
0.211488
0.211360
0.212608
0.213728
0.213664
0.212704
0.211520
0.211680
0.211296
0.211776
0.212320
0.212352
0.211552
0.211424
0.212160
0.211264
0.211712
0.212512
0.212160
0.211584
0.211648
0.211296
0.212320
0.211424
0.212576
0.212160
0.327680
0.212832
0.225376
0.213920
0.214016
0.212800
0.212448
0.211424
0.212256
0.212992
0.213120
0.212160
0.212288
0.212736
0.211552
0.212064
0.211680
0.211648
0.212288
0.211680
0.212064
0.212096
0.211680
0.212064
0.211712
0.212608
0.211776
0.212640
0.211296
0.211744
0.211296
0.212672
0.212064
0.211680
0.211616
0.211872
0.212608
0.212352
0.212160
0.211712
0.211680
0.212288
0.212096
0.212416
0.211232
0.212608
0.212160
0.211360
0.211648
0.212000
0.211328
0.211488
0.212384
0.211136
0.211328
0.212864
0.211232
0.212544
0.212992
0.212544
0.212640
0.211200
0.211648
0.211104
0.211264
0.385856
0.333088
0.347552
0.212992
0.212096
0.211552
0.212320
0.211456
0.212672
0.212576
0.212352
0.211296
0.211872
0.211744
0.212128
0.211392
0.212736
0.212640
0.212064
0.211648
0.211584
0.211616
0.212032
0.211744
0.212480
0.212576
0.472320
0.213472
0.214400
0.212992
0.213888
0.213984
0.212576
0.211744
0.212864
0.212800
0.212608
0.211424
0.212608
0.211392
0.211776
0.212352
0.212384
0.223648
0.211968
0.211872
0.212800
0.212448
0.211264
0.212000
0.212192
0.211904
0.211456
0.211136
0.211616
0.211520
0.212480
0.211296
0.212256
0.212256
0.211392
0.211488
0.212704
0.211968
0.211488
0.212256
0.211648
0.212192
0.211680
0.212320
0.211552
0.212288
0.211680
0.211584
0.212416
0.212224
0.212416
0.212032
0.211520
0.212160
0.212704
0.211904
0.212992
0.212480
0.212480
0.211968
0.212544
0.213280
0.212768
0.212992
0.212352
0.211680
0.212736
0.213984
0.211680
0.211840
0.212352
0.212480
0.212704
0.213888
0.211232
0.212064
0.211488
0.212416
0.212032
0.211616
0.211808
0.212896
0.212064
0.211232
0.211936
0.212224
0.211328
0.211744
0.212704
0.211488
0.212288
0.212160
0.213120
0.212224
0.211552
0.211584
0.212544
0.212576
0.211328
0.211616
0.212224
0.212736
0.211360
0.211680
0.212352
0.212800
0.211968
0.211296
0.212448
0.212768
0.211968
0.212704
0.212800
0.212288
0.211776
0.212192
0.211136
0.212352
0.212448
0.211712
0.211776
0.212416
0.212640
0.212032
0.211520
0.212384
0.211392
0.212800
0.212832
0.212352
0.211360
0.212448
0.211712
0.212256
0.211360
0.211456
0.212512
0.211296
0.212416
0.211808
0.387008
0.332416
0.345600
0.214080
0.212992
0.212544
0.211264
0.211776
0.212480
0.212160
0.211744
0.212352
0.212512
0.211424
0.211776
0.211296
0.212608
0.212384
0.338368
0.211680
0.212512
0.211968
0.212512
0.212160
0.211712
0.211584
0.211744
0.212512
0.211296
0.212384
0.211744
0.212640
0.211456
0.211712
0.211744
0.211904
0.212192
0.211616
0.212512
0.211360
0.212320
0.212096
0.211808
0.212288
0.211712
0.211776
0.212352
0.211392
0.211552
0.212224
0.211168
0.211456
0.212512
0.212224
0.211488
0.211552
0.211776
0.212800
0.212736
0.211904
0.212448
0.212416
0.212384
0.212704
0.212512
0.211296
0.212864
0.212096
0.212352
0.212704
0.213280
0.212928
0.213632
0.212896
0.466944
0.215104
0.213888
0.214176
0.213216
0.212992
0.212352
0.211616
0.212320
0.211392
0.211776
0.212352
0.350368
0.345440
0.429152
0.213856
0.212928
0.212064
0.211968
0.211552
0.211936
0.211360
0.211936
0.212288
0.212864
0.212160
0.211616
0.212672
0.213152
0.212992
0.212416
0.212064
0.211584
0.212544
0.212832
0.212480
0.211968
0.215040
0.215456
0.213856
0.214112
0.212960
0.212928
0.212608
0.212512
0.211584
0.212096
0.211552
0.212736
0.212576
0.212448
0.211232
0.212800
0.212608
0.212416
0.211360
0.211840
0.212256
0.212608
0.212544
0.212032
0.211488
0.211616
0.212320
0.212000
0.211712
0.212576
0.212320
0.212384
0.211520
0.468224
0.213728
0.214400
0.211840
0.212448
0.212576
0.212320
0.211168
0.212384
0.212832
0.212224
0.211584
0.212576
0.211936
0.211904
0.211968
0.211584
0.212736
0.212928
0.212320
0.211168
0.212608
0.212576
0.212384
0.211328
0.212640
0.212544
0.212512
0.211392
0.211840
0.212704
0.211424
0.212512
0.211392
0.211872
0.212096
0.212064
0.211680
0.212544
0.211520
0.212736
0.211072
0.211776
0.211712
0.212352
0.211552
0.211520
0.211488
0.211776
0.212320
0.211424
0.212544
0.211552
0.211808
0.212992
0.212512
0.211744
0.212256
0.211552
0.211360
0.212704
0.212032
0.211424
0.211456
0.212192
0.211264
0.212224
0.211328
0.211936
0.211872
0.212512
0.212320
0.211328
0.213408
0.213472
0.212704
0.213280
0.212768
0.211968
0.212672
0.212576
0.211136
0.212128
0.211808
0.212960
0.211232
0.211392
0.211232
0.212416
0.211584
0.212480
0.212832
0.212736
0.211328
0.211648
0.211584
0.211264
0.211776
0.212032
0.212032
0.211744
0.212096
0.211648
0.212128
0.211552
0.212448
0.212032
0.212352
0.212096
0.211744
0.212832
0.211872
0.212576
0.212032
0.211648
0.212896
0.211712
0.212256
0.211584
0.212576
0.212384
0.211264
0.212544
0.212096
0.212672
0.211872
0.211968
0.212224
0.212992
0.212992
0.212480
0.211552
0.211872
0.211712
0.212416
0.211168
0.211840
0.211936
0.211808
0.212128
0.211424
0.212384
0.213216
0.214048
0.213280
0.212352
0.212000
0.326912
0.212992
0.212288
0.212736
0.212512
0.211328
0.211840
0.211584
0.212544
0.211424
0.211808
0.211712
0.212224
0.211264
0.212384
0.211232
0.212544
0.212416
0.212544
0.212736
0.211616
0.212096
0.211648
0.212384
0.212352
0.212352
0.211680
0.211712
0.211648
0.212352
0.211488
0.212512
0.212448
0.212736
0.212256
0.211232
0.212512
0.391168
0.331776
0.427936
0.212896
0.212608
0.211136
0.212576
0.212160
0.212800
0.212544
0.212672
0.211552
0.211616
0.211488
0.212512
0.212672
0.212096
0.212288
0.211520
0.212448
0.212256
0.212416
0.211552
0.211552
0.212160
0.211552
0.211808
0.212448
0.212224
0.211744
0.212288
0.471456
0.213600
0.214080
0.213120
0.212064
0.212832
0.214528
0.216736
0.215168
0.213600
0.213024
0.213472
0.211648
0.211904
0.212448
0.211136
0.212128
0.211584
0.220000
0.212896
0.212864
0.212384
0.211392
0.212768
0.211296
0.212448
0.212128
0.211488
0.212416
0.212416
0.212064
0.211584
0.212352
0.212032
0.211488
0.211744
0.212288
0.212992
0.212928
0.212032
0.211040
0.211552
0.211616
0.211392
0.211584
0.212512
0.212192
0.211552
0.211840
0.212064
0.211520
0.211744
0.212448
0.211616
0.212512
0.212352
0.211648
0.212480
0.212640
0.212768
0.212384
0.211424
0.212608
0.214112
0.236800
0.214848
0.211968
0.212928
0.212096
0.211520
0.212096
0.212896
0.211232
0.212480
0.212288
0.211520
0.211680
0.212672
0.211456
0.211680
0.212608
0.212576
0.211424
0.212480
0.211808
0.212384
0.211488
0.212384
0.212480
0.212672
0.212064
0.211648
0.215040
0.212768
0.211904
0.211904
0.211584
0.212192
0.211488
0.211840
0.212480
0.212896
0.212864
0.212544
0.211264
0.212128
0.211648
0.212928
0.213632
0.212000
0.212800
0.212992
0.212288
0.211328
0.212160
0.211712
0.211808
0.212768
0.211744
0.212160
0.212512
0.211744
0.212320
0.211776
0.212416
0.211744
0.211744
0.211520
0.212224
0.213056
0.214944
0.212928
0.211552
0.212512
0.212704
0.212544
0.212160
0.212096
0.211552
0.212224
0.211584
0.211584
0.212800
0.212832
0.212416
0.212384
0.212288
0.212512
0.212992
0.212832
0.212384
0.212480
0.212256
0.211392
0.212192
0.211936
0.211808
0.211744
0.211424
0.213152
0.213088
0.211776
0.212992
0.212864
0.230784
0.213472
0.213536
0.212992
0.213056
0.212448
0.211424
0.211840
0.212000
0.211552
0.212448
0.211200
0.211872
0.212512
0.212480
0.211328
0.212256
0.212128
0.212416
0.211296
0.212672
0.212032
0.212480
0.211776
0.212672
0.212160
0.211776
0.211744
0.211584
0.212480
0.211520
0.211392
0.211840
0.212800
0.212160
0.212640
0.212320
0.211840
0.211936
0.212672
0.212768
0.212032
0.211776
0.212416
0.212352
0.212064
0.211616
0.212288
0.212288
0.211616
0.212416
0.211456
0.212224
0.211264
0.212288
0.211424
0.212288
0.213280
0.211872
0.212416
0.211328
0.212256
0.211584
0.212160
0.211584
0.211872
0.212576
0.211328
0.327200
0.212960
0.212672
0.212064
0.211712
0.212736
0.212416
0.212352
0.211424
0.211872
0.211744
0.212544
0.212352
0.212192
0.212672
0.212160
0.211200
0.212736
0.212192
0.212384
0.211712
0.211904
0.212384
0.212384
0.211136
0.212512
0.212448
0.212320
0.212224
0.211392
0.212704
0.211456
0.212992
0.215392
0.214560
0.213152
0.212832
0.212576
0.212768
0.212960
0.211648
0.211616
0.212448
0.211296
0.212736
0.212896
0.212608
0.211296
0.212160
0.211968
0.211904
0.212288
0.211328
0.211296
0.211776
0.212672
0.409600
0.335744
0.345600
0.214944
0.213024
0.212448
0.211360
0.211616
0.211456
0.211424
0.211552
0.212000
0.211360
0.212608
0.212544
0.212672
0.211168
0.212640
0.211744
0.212096
0.211392
0.213056
0.212992
0.212992
0.212768
0.212448
0.212864
0.212960
0.211456
0.212704
0.212320
0.212736
0.212832
0.212128
0.211904
0.212640
0.211232
0.212480
0.212128
0.230528
0.212160
0.211712
0.212256
0.212416
0.212352
0.212032
0.212512
0.212896
0.211520
0.212672
0.212672
0.212256
0.212352
0.211424
0.212384
0.212352
0.212800
0.212096
0.211680
0.212672
0.212384
0.212896
0.212672
0.212128
0.211456
0.212288
0.211456
0.212512
0.212352
0.212640
0.211456
0.211328
0.212128
0.212320
0.212064
0.211808
0.212640
0.474496
0.214016
0.212992
0.212160
0.211616
0.211904
0.212544
0.212128
0.211584
0.212512
0.211712
0.211648
0.212224
0.211552
0.211808
0.211968
0.214560
0.212800
0.211680
0.211520
0.212384
0.211424
0.212224
0.211552
0.212544
0.212128
0.212032
0.211616
0.212000
0.211488
0.211776
0.211392
0.212640
0.212544
0.211360
0.212224
0.212672
0.211296
0.212384
0.212736
0.212320
0.211424
0.212320
0.212448
0.211552
0.211872
0.212320
0.211648
0.211744
0.211872
0.212384
0.211424
0.212320
0.211680
0.212768
0.212480
0.212800
0.212192
0.211584
0.211680
0.212640
0.212544
0.211424
0.211904
0.212224
0.211424
0.211712
0.214912
0.212224
0.212480
0.211264
0.211872
0.212512
0.212768
0.212352
0.211488
0.212544
0.211264
0.213408
0.216352
0.216160
0.215296
0.215840
0.215456
0.215904
0.216352
0.216224
0.215616
0.216512
0.215392
0.215232
0.215296
0.215520
0.331616
0.216000
0.217088
0.216992
0.216736
0.216832
0.215136
0.216640
0.216864
0.217024
0.215744
0.216576
0.215744
0.216000
0.216832
0.217504
0.216736
0.215200
0.216704
0.215328
0.216256
0.216384
0.216384
0.215488
0.215648
0.215488
0.215584
0.216672
0.215360
0.215232
0.215264
0.215616
0.216672
0.216224
0.215456
0.216640
0.216224
0.215296
0.216064
0.215040
0.216032
0.216448
0.215488
0.215424
0.215296
0.215872
0.215424
0.216704
0.215232
0.215936
0.216192
0.216352
0.215680
0.215712
0.215808
0.215392
0.215040
0.215648
0.215936
0.216160
0.215904
0.218048
0.217856
0.216960
0.216544
0.216192
0.216128
0.215936
0.216512
0.393472
0.229088
0.350848
0.217248
0.215424
0.215712
0.216608
0.215392
0.215232
0.216192
0.215296
0.216064
0.215264
0.216224
0.216800
0.216480
0.215552
0.215648
0.215744
0.215392
0.215840
0.215360
0.216288
0.215424
0.216064
0.215296
0.215936
0.216416
0.215520
0.215264
0.215296
0.215296
0.216608
0.216384
0.215328
0.215552
0.216544
0.216288
0.215456
0.215552
0.216288
0.215264
0.216064
0.215264
0.216288
0.215552
0.216064
0.215200
0.215552
0.215648
0.216192
0.215552
0.215968
0.477056
0.218176
0.218752
0.215808
0.216128
0.215360
0.216960
0.215328
0.215232
0.216544
0.215424
0.215456
0.216384
0.215072
0.216640
0.216512
0.216320
0.215232
0.215776
0.215552
0.215168
0.215488
0.216256
0.215616
0.215840
0.216224
0.215616
0.216128
0.215584
0.215712
0.215296
0.216960
0.217088
0.218336
0.216896
0.215456
0.216160
0.216896
0.216768
0.216416
0.215456
0.214880
0.213568
0.214368
0.212992
0.214144
0.214112
0.213536
0.213152
0.213824
0.214272
0.218528
0.214944
0.214528
0.212992
0.213472
0.213856
0.214240
0.213568
0.213632
0.213728
0.213568
0.213440
0.214528
0.213120
0.213600
0.213344
0.213856
0.213408
0.213920
0.215040
0.213888
0.214432
0.213376
0.214144
0.213376
0.213600
0.214048
0.213696
0.213472
0.213216
0.214176
0.213216
0.214240
0.213984
0.213696
0.214176
0.213152
0.214688
0.213920
0.214528
0.213056
0.213696
0.213344
0.213600
0.213216
0.213664
0.214496
0.213440
0.213920
0.213696
0.214240
0.213632
0.213728
0.213376
0.213664
0.214816
0.214272
0.213408
0.213312
0.213312
0.213568
0.214304
0.213440
0.213504
0.214432
0.213024
0.214304
0.213056
0.212992
0.213888
0.214624
0.213216
0.213088
0.214528
0.214368
0.213120
0.213536
0.213920
0.213728
0.214208
0.213440
0.213408
0.213696
0.212992
0.214272
0.214016
0.214208
0.213504
0.214400
0.214048
0.213600
0.213504
0.213440
0.213696
0.214304
0.214464
0.213600
0.213344
0.214208
0.213632
0.214144
0.213504
0.213568
0.214336
0.213312
0.214048
0.213504
0.213600
0.214240
0.213600
0.213632
0.214752
0.213120
0.214432
0.214016
0.213792
0.213568
0.213408
0.213728
0.213472
0.214048
0.213280
0.214400
0.214336
0.329216
0.214240
0.213632
0.213408
0.213536
0.213440
0.214240
0.213408
0.215392
0.213952
0.402240
0.367488
0.215520
0.215456
0.214240
0.213984
0.213472
0.215904
0.215040
0.215008
0.215008
0.214240
0.212992
0.214112
0.213536
0.213600
0.213152
0.214528
0.214368
0.214016
0.213248
0.213408
0.213728
0.213760
0.214240
0.213472
0.214016
0.214528
0.213280
0.470560
0.216480
0.215424
0.214464
0.213920
0.213280
0.213472
0.214400
0.213056
0.214656
0.213248
0.214144
0.213600
0.213120
0.214144
0.214592
0.214208
0.213568
0.214016
0.213472
0.213888
0.214080
0.213408
0.213472
0.213216
0.218720
0.213888
0.214784
0.214528
0.214752
0.214144
0.214240
0.214624
0.215136
0.215104
0.214784
0.212992
0.213184
0.213408
0.213408
0.214048
0.213280
0.213344
0.213856
0.213344
0.213696
0.213600
0.213376
0.213312
0.213440
0.214016
0.213760
0.214048
0.213440
0.213760
0.213440
0.213600
0.213120
0.213472
0.214368
0.213408
0.213760
0.213280
0.213248
0.214144
0.213184
0.214144
0.214112
0.213472
0.214688
0.213152
0.213312
0.213696
0.213088
0.213280
0.213824
0.214176
0.213376
0.213984
0.213664
0.212992
0.214144
0.213440
0.214272
0.214368
0.213088
0.214080
0.214048
0.213664
0.213536
0.213152
0.213856
0.213440
0.213248
0.213536
0.213152
0.214272
0.213728
0.213440
0.213856
0.213376
0.214080
0.213088
0.213312
0.214560
0.214464
0.214144
0.213536
0.214400
0.213536
0.213344
0.213408
0.213376
0.214144
0.215040
0.214784
0.215136
0.214464
0.213760
0.213280
0.214016
0.213856
0.214400
0.214912
0.214080
0.213504
0.214208
0.213376
0.213888
0.214592
0.213344
0.213792
0.213408
0.213024
0.214528
0.214400
0.213280
0.214176
0.213408
0.214272
0.214080
0.213792
0.214240
0.213152
0.213600
0.213696
0.213216
0.213888
0.213568
0.214432
0.213376
0.213664
0.213280
0.214272
0.213536
0.214368
0.213344
0.214368
0.213088
0.216256
0.213600
0.213440
0.213760
0.214016
0.213408
0.213600
0.213472
0.213056
0.213824
0.213248
0.213856
0.214304
0.213344
0.214144
0.214048
0.213600
0.213472
0.213888
0.214656
0.214432
0.213152
0.214144
0.213344
0.213632
0.214432
0.213216
0.213568
0.214208
0.213600
0.213344
0.213440
0.214496
0.213216
0.213984
0.213344
0.213440
0.214752
0.214528
0.213024
0.214560
0.213728
0.213376
0.213824
0.214336
0.214496
0.213472
0.213376
0.213152
0.213472
0.214176
0.213248
0.213024
0.213568
0.214208
0.213184
0.213920
0.214112
0.214848
0.215552
0.213760
0.213504
0.214464
0.213088
0.213376
0.213504
0.213600
0.214688
0.215552
0.214240
0.214816
0.214400
0.214624
0.223200
0.215040
0.213344
0.214208
0.213472
0.213952
0.213728
0.214560
0.213152
0.214144
0.214208
0.213472
0.214336
0.213376
0.213376
0.213728
0.214048
0.213696
0.215040
0.214016
0.213472
0.214432
0.213056
0.213344
0.214112
0.344128
0.213792
0.213376
0.214176
0.213280
0.213824
0.213376
0.213696
0.214080
0.213984
0.230048
0.215040
0.214912
0.214560
0.214176
0.214688
0.212992
0.214048
0.213600
0.214176
0.213632
0.214144
0.213440
0.214272
0.214144
0.213376
0.214496
0.213888
0.398912
0.335104
0.348160
0.213152
0.212256
0.211360
0.212704
0.211904
0.211872
0.212000
0.211040
0.211968
0.211616
0.211392
0.212768
0.212512
0.212800
0.212608
0.212640
0.211296
0.211808
0.211840
0.212448
0.211552
0.212128
0.211328
0.212320
0.211200
0.212352
0.211232
0.212256
0.211520
0.212288
0.213696
0.212480
0.212448
0.211520
0.212512
0.211872
0.212768
0.212000
0.211648
0.212800
0.212608
0.211424
0.211744
0.212768
0.212544
0.212224
0.211168
0.212288
0.212576
0.212352
0.211776
0.212064
0.212384
0.211744
0.211392
0.212256
0.211488
0.212160
0.211584
0.212256
0.211392
0.212512
0.212032
0.211744
0.212096
0.212096
0.211552
0.212544
0.212000
0.212448
0.211232
0.212640
0.212544
0.212096
0.468192
0.213696
0.214080
0.212992
0.211392
0.212544
0.211360
0.212704
0.211680
0.212512
0.212960
0.212288
0.212640
0.212512
0.211488
0.211936
0.212480
0.212576
0.212256
0.211776
0.211584
0.212320
0.211392
0.211744
0.212288
0.212640
0.212384
0.212032
0.211648
0.212320
0.212448
0.212672
0.211680
0.211712
0.211456
0.212032
0.213984
0.211968
0.212768
0.211328
0.211904
0.212640
0.212896
0.212672
0.212640
0.211488
0.211936
0.211936
0.212480
0.212704
0.211392
0.212640
0.212768
0.212992
0.213184
0.213312
0.212512
0.212352
0.213280
0.212992
0.233408
0.212736
0.212960
0.212992
0.212672
0.211360
0.212160
0.212576
0.226048
0.212448
0.212480
0.212576
0.212704
0.212480
0.211360
0.211680
0.211968
0.212416
0.211264
0.212288
0.212352
0.212512
0.218720
0.212672
0.212928
0.212256
0.212928
0.212768
0.212736
0.214784
0.228320
0.212960
0.212480
0.212480
0.211072
0.212480
0.212288
0.213568
0.216224
0.213120
0.212576
0.212224
0.212576
0.211360
0.212064
0.212032
0.212768
0.212000
0.211584
0.212192
0.211360
0.211648
0.212832
0.211904
0.212288
0.211520
0.213664
0.213696
0.213152
0.211456
0.212480
0.327360
0.213152
0.212992
0.212736
0.211200
0.211776
0.211296
0.212384
0.211264
0.211808
0.212224
0.212384
0.211360
0.211616
0.212160
0.212128
0.211648
0.211712
0.211968
0.225120
0.212832
0.212832
0.212320
0.211488
0.212608
0.211552
0.212256
0.211296
0.211968
0.211776
0.212576
0.211296
0.212288
0.211680
0.212512
0.212384
0.212768
0.212320
0.213056
0.212384
0.212320
0.212288
0.385184
0.212416
0.344384
0.212704
0.211392
0.211616
0.212320
0.211936
0.212416
0.211168
0.211808
0.212352
0.213184
0.211808
0.212864
0.211424
0.212512
0.212128
0.211840
0.211648
0.211872
0.212128
0.211680
0.211712
0.211424
0.211648
0.212736
0.212032
0.211392
0.211456
0.212576
0.212384
0.211424
0.210976
0.212416
0.212576
0.212256
0.212640
0.211488
0.212000
0.213600
0.212448
0.212736
0.211424
0.211776
0.212992
0.213152
0.234784
0.212864
0.212256
0.212288
0.211616
0.211744
0.212896
0.215040
0.213024
0.212800
0.211328
0.212064
0.211712
0.212416
0.211328
0.212000
0.211360
0.211808
0.212288
0.211776
0.212256
0.211488
0.211776
0.212960
0.212608
0.212608
0.212224
0.211488
0.212768
0.212512
0.212672
0.212192
0.211520
0.212320
0.211296
0.212480
0.212160
0.212960
0.212544
0.211712
0.211712
0.211616
0.212192
0.211392
0.211744
0.212000
0.212608
0.211488
0.211456
0.212416
0.212544
0.211456
0.211648
0.212672
0.212608
0.212896
0.212256
0.211424
0.211200
0.212544
0.212576
0.212096
0.211776
0.212832
0.211424
0.211680
0.212320
0.212288
0.211584
0.211872
0.212128
0.212352
0.211424
0.212800
0.211360
0.211616
0.211808
0.212896
0.212160
0.212032
0.211232
0.212768
0.212160
0.211232
0.212384
0.211616
0.214624
0.212416
0.212544
0.211392
0.211712
0.212000
0.212736
0.212704
0.212256
0.211936
0.211744
0.212512
0.211360
0.211904
0.212288
0.212480
0.212384
0.211840
0.211936
0.212288
0.211360
0.211808
0.212672
0.211456
0.212608
0.211616
0.211840
0.212480
0.212192
0.211168
0.212544
0.212128
0.212128
0.211712
0.212384
0.212224
0.211968
0.211616
0.212672
0.212128
0.211680
0.211584
0.212416
0.212512
0.211456
0.211520
0.212416
0.211296
0.211904
0.211808
0.212608
0.212064
0.211680
0.212352
0.211488
0.212160
0.211904
0.212992
0.213088
0.212992
0.212864
0.213600
0.212608
0.212544
0.212800
0.212576
0.212096
0.214208
0.212608
0.211360
0.211808
0.212576
0.211424
0.211712
0.217152
0.239552
0.218656
0.216832
0.216512
0.216768
0.216640
0.216800
0.216384
0.216512
0.215264
0.216224
0.215136
0.216320
0.216096
0.215872
0.215008
0.216000
0.216128
0.215456
0.215200
0.215776
0.216448
0.215744
0.215008
0.215232
0.215168
0.215296
0.216096
0.215488
0.228992
0.217440
0.215200
0.215552
0.215136
0.215616
0.216000
0.215264
0.215680
0.215840
0.215168
0.216640
0.215488
0.215360
0.215840
0.215328
0.215872
0.217088
0.215840
0.216640
0.341984
0.216608
0.216640
0.215328
0.215680
0.215456
0.215232
0.215968
0.217152
0.217088
0.216192
0.215520
0.216224
0.215392
0.216128
0.216512
0.216096
0.215552
0.215040
0.215488
0.216704
0.216096
0.215744
0.215488
0.215104
0.216544
0.215136
0.216768
0.215872
0.216576
0.215232
0.216448
0.216192
0.215424
0.215328
0.215712
0.215904
0.215424
0.215904
0.215200
0.215264
0.216640
0.215424
0.215904
0.215520
0.216640
0.215712
0.215808
0.216064
0.216064
0.215840
0.216544
0.215424
0.215744
0.216000
0.215872
0.216352
0.216224
0.215456
0.215200
0.395744
0.361536
0.216448
0.215584
0.215488
0.215712
0.215808
0.215360
0.216000
0.215680
0.215424
0.215808
0.215264
0.215936
0.215456
0.215840
0.216128
0.215808
0.215840
0.215712
0.216768
0.217024
0.216064
0.217504
0.476896
0.218912
0.218304
0.216384
0.216384
0.216608
0.215616
0.216640
0.216000
0.216544
0.215616
0.231936
0.216672
0.216096
0.215488
0.216544
0.216320
0.215552
0.216032
0.215552
0.215712
0.215392
0.215744
0.215104
0.226688
0.216800
0.215136
0.216064
0.219296
0.233440
0.216160
0.215744
0.215168
0.216256
0.215584
0.215328
0.215648
0.215232
0.215168
0.216000
0.215488
0.216352
0.216608
0.215104
0.215936
0.215488
0.216000
0.214304
0.213216
0.214304
0.214752
0.214048
0.213184
0.213184
0.213184
0.214784
0.214592
0.214432
0.213504
0.213760
0.214080
0.213536
0.214976
0.213984
0.215008
0.214976
0.214560
0.214176
0.213152
0.214080
0.213664
0.213376
0.213984
0.214144
0.215392
0.213248
0.214400
0.213504
0.213728
0.213120
0.213568
0.214304
0.213408
0.213696
0.214080
0.213664
0.214368
0.213216
0.214240
0.214080
0.213696
0.214208
0.213312
0.214400
0.213120
0.214272
0.213216
0.213472
0.214336
0.213152
0.213440
0.214752
0.214336
0.213568
0.213728
0.213504
0.213600
0.213152
0.214592
0.214624
0.213824
0.213376
0.213856
0.213120
0.214912
0.230720
0.226656
0.219072
0.235648
0.215328
0.213824
0.213792
0.214368
0.214528
0.213184
0.213920
0.214848
0.213888
0.213280
0.213888
0.213472
0.213984
0.216928
0.214272
0.213504
0.214368
0.214272
0.213664
0.223552
0.329856
0.214304
0.213504
0.213440
0.213568
0.213216
0.214176
0.213152
0.214592
0.213472
0.213216
0.213152
0.213504
0.214400
0.214432
0.213376
0.214848
0.214720
0.213760
0.213312
0.213408
0.213248
0.213664
0.214176
0.213632
0.213472
0.214112
0.213728
0.213248
0.213440
0.214176
0.213440
0.213472
0.212992
0.214400
0.214816
0.213440
0.213408
0.213344
0.213344
0.213600
0.213088
0.214048
0.213696
0.215008
0.213184
0.214400
0.213184
0.213472
0.213408
0.212992
0.214080
0.214080
0.213632
0.214208
0.213632
0.213664
0.214112
0.213376
0.214304
0.213440
0.213632
0.214464
0.213280
0.213408
0.214048
0.213536
0.213312
0.231232
0.214880
0.214464
0.213536
0.214400
0.213376
0.399616
0.214272
0.346624
0.213984
0.214112
0.213504
0.214112
0.475008
0.217088
0.215072
0.214592
0.213568
0.214144
0.213600
0.213408
0.213600
0.214240
0.213216
0.214144
0.213312
0.214080
0.214048
0.213760
0.213376
0.213632
0.214368
0.213216
0.213408
0.213472
0.214272
0.213184
0.214464
0.214592
0.213344
0.214464
0.213312
0.214464
0.213376
0.213792
0.213408
0.213504
0.213408
0.213088
0.214208
0.213632
0.214336
0.213952
0.227424
0.214624
0.213344
0.213536
0.214272
0.213216
0.213184
0.213184
0.213216
0.214112
0.213376
0.214752
0.214400
0.214336
0.213536
0.214208
0.213408
0.213568
0.214048
0.215040
0.214592
0.214560
0.213312
0.214112
0.213216
0.213376
0.213600
0.213920
0.213312
0.214240
0.213120
0.214048
0.213536
0.213504
0.214048
0.213728
0.214464
0.214848
0.213824
0.213952
0.213184
0.214560
0.213920
0.214368
0.213280
0.214624
0.213312
0.213824
0.212992
0.214336
0.213440
0.213280
0.213280
0.213632
0.213312
0.222656
0.216704
0.215200
0.216800
0.216288
0.215360
0.216320
0.215584
0.215616
0.216256
0.216320
0.215584
0.216480
0.216320
0.215200
0.216032
0.215456
0.215136
0.216064
0.215808
0.216032
0.216640
0.215296
0.215776
0.215648
0.215680
0.216192
0.215584
0.216128
0.215552
0.215680
0.215584
0.215264
0.215360
0.216544
0.216256
0.215648
0.216448
0.216512
0.215200
0.215616
0.216160
0.215104
0.215968
0.215392
0.215520
0.215712
0.215712
0.216544
0.216512
0.216864
0.217024
0.219200
0.218688
0.221120
0.218368
0.216160
0.215520
0.216128
0.215840
0.215744
0.215456
0.215584
0.216224
0.216096
0.215296
0.216096
0.215392
0.215296
0.216256
0.215328
0.216288
0.216256
0.215456
0.216512
0.215200
0.215584
0.215680
0.216384
0.215584
0.216096
0.216032
0.215712
0.216512
0.215392
0.215520
0.216384
0.215392
0.216480
0.215744
0.215328
0.215648
0.216576
0.222304
0.225760
0.225856
0.225376
0.225760
0.226720
0.225376
0.226464
0.225536
0.225472
0.226144
0.225632
0.225472
0.225440
0.225632
0.225504
0.226080
0.226368
0.226336
0.225728
0.225632
0.225760
0.226432
0.225632
0.225312
0.226272
0.226016
0.346912
0.226592
0.225632
0.225696
0.225280
0.226560
0.226368
0.225792
0.226112
0.225280
0.225536
0.225280
0.240864
0.397728
0.353216
0.366816
0.227232
0.225760
0.225248
0.225728
0.225888
0.226528
0.225344
0.225504
0.225664
0.225536
0.225632
0.226272
0.225952
0.225600
0.225600
0.226880
0.225728
0.225344
0.236512
0.226432
0.225280
0.229216
0.226080
0.226272
0.226368
0.225248
0.226208
0.225344
0.226304
0.225568
0.226624
0.225344
0.226176
0.225056
0.226592
0.225728
0.225632
0.225728
0.226720
0.226240
0.225792
0.225568
0.225504
0.226304
0.225536
0.225696
0.225984
0.225440
0.226464
0.225344
0.225408
0.226208
0.490400
0.227328
0.227392
0.226272
0.225888
0.225440
0.226240
0.225600
0.225600
0.225408
0.226176
0.226368
0.226336
0.225408
0.225280
0.225312
0.225344
0.225440
0.226016
0.225504
0.226144
0.225664
0.225504
0.225376
0.225888
0.225952
0.225344
0.226208
0.225920
0.225312
0.225632
0.226016
0.226496
0.225472
0.226592
0.225344
0.226528
0.225792
0.226400
0.225408
0.226304
0.225728
0.225984
0.225344
0.225792
0.225344
0.225632
0.226432
0.225408
0.226944
0.226560
0.225536
0.226016
0.225312
0.226368
0.226464
0.225696
0.225984
0.225728
0.225376
0.226400
0.225408
0.226368
0.225472
0.226208
0.225568
0.225952
0.225504
0.225760
0.225792
0.225408
0.226688
0.226752
0.225600
0.225632
0.225568
0.225856
0.225312
0.225600
0.225568
0.226368
0.225504
0.226112
0.225504
0.225440
0.225472
0.226240
0.225600
0.234784
0.243040
0.226304
0.225312
0.225280
0.225664
0.225664
0.225664
0.225504
0.226656
0.226688
0.225568
0.226624
0.226080
0.225440
0.226112
0.227360
0.228576
0.249760
0.226400
0.225600
0.225632
0.225568
0.225856
0.225344
0.225632
0.225920
0.225792
0.225408
0.225376
0.225664
0.226400
0.225312
0.226304
0.225856
0.226304
0.225824
0.226144
0.225472
0.225408
0.225600
0.226112
0.225760
0.225280
0.225536
0.225440
0.226336
0.225664
0.225504
0.225664
0.225600
0.225280
0.225696
0.226368
0.225600
0.233472
0.226848
0.226464
0.240928
0.226624
0.226016
0.225856
0.226368
0.225888
0.226560
0.226848
0.225888
0.225856
0.225376
0.225408
0.226720
0.225920
0.223328
0.224288
0.225024
0.223520
0.223264
0.223264
0.224352
0.223648
0.223488
0.223456
0.223840
0.224096
0.223424
0.223520
0.224384
0.223712
0.224608
0.357536
0.224544
0.223648
0.223456
0.223232
0.223232
0.223712
0.223520
0.223232
0.224608
0.223744
0.223328
0.223296
0.223712
0.223488
0.224608
0.223616
0.224512
0.223456
0.226368
0.226432
0.223776
0.223968
0.223680
0.224512
0.223776
0.223328
0.223456
0.224032
0.223840
0.223520
0.223616
0.224928
0.224512
0.223616
0.223232
0.223776
0.223392
0.223264
0.223232
0.243296
0.344608
0.224480
0.223328
0.223616
0.223648
0.223712
0.223552
0.223936
0.224320
0.224416
0.223424
0.223360
0.224224
0.223264
0.222464
0.223392
0.225472
0.226880
0.223456
0.223808
0.225312
0.225280
0.224096
0.223520
0.223488
0.235648
0.225760
0.356928
0.226528
0.458976
0.225088
0.223168
0.222336
0.223232
0.223200
0.222368
0.221664
0.222848
0.223328
0.229376
0.222976
0.221344
0.222912
0.223968
0.223040
0.221248
0.221440
0.222112
0.221504
0.221568
0.222688
0.221184
0.487264
0.224096
0.223264
0.223104
0.222560
0.221664
0.221568
0.221056
0.221664
0.223264
0.224352
0.222496
0.236736
0.223232
0.223232
0.221184
0.222240
0.221568
0.221344
0.223744
0.223488
0.236224
0.222912
0.222784
0.223168
0.221184
0.221312
0.221216
0.221792
0.221632
0.222048
0.221344
0.221600
0.221216
0.222752
0.222400
0.221920
0.221312
0.222304
0.225152
0.222592
0.221600
0.222240
0.221568
0.221536
0.221344
0.221600
0.221184
0.221440
0.221472
0.222432
0.221184
0.222624
0.221344
0.221472
0.221312
0.242080
0.223040
0.222048
0.221280
0.221824
0.220192
0.219200
0.219296
0.219328
0.219328
0.220160
0.220192
0.219776
0.220288
0.219456
0.219424
0.219168
0.220448
0.220544
0.222048
0.222080
0.220096
0.219680
0.219360
0.219360
0.219712
0.219168
0.220416
0.220768
0.219264
0.220160
0.233184
0.220800
0.220768
0.220736
0.219392
0.220128
0.219840
0.224448
0.223008
0.220864
0.220800
0.220480
0.219328
0.220448
0.220000
0.220064
0.219424
0.220608
0.219488
0.219584
0.219200
0.219776
0.219968
0.221184
0.219584
0.219616
0.220672
0.220832
0.219168
0.220384
0.219552
0.219616
0.220000
0.219488
0.219264
0.219424
0.219936
0.219552
0.219456
0.219392
0.229728
0.220256
0.219520
0.219232
0.219136
0.220288
0.219264
0.220064
0.220224
0.219584
0.219296
0.219584
0.220096
0.219488
0.219616
0.219584
0.219360
0.219296
0.220224
0.219680
0.219424
0.220640
0.219200
0.220032
0.219296
0.219552
0.219136
0.220096
0.219456
0.217856
0.217984
0.217632
0.230752
0.335872
0.218752
0.242720
0.217792
0.218496
0.218336
0.217184
0.218112
0.217280
0.217280
0.217440
0.217216
0.217152
0.217088
0.217984
0.217536
0.217280
0.218304
0.218016
0.218336
0.217568
0.218240
0.218336
0.217280
0.217568
0.217760
0.217664
0.217888
0.217728
0.217408
0.217344
0.217408
0.217280
0.217440
0.217536
0.217920
0.217440
0.217312
0.217824
0.217248
0.217184
0.217248
0.217568
0.218144
0.217376
0.218432
0.217408
0.217600
0.217472
0.217472
0.366592
0.341408
0.438080
0.219168
0.217536
0.217344
0.218656
0.217184
0.218560
0.217152
0.217664
0.218400
0.217344
0.217024
0.218208
0.217760
0.217504
0.217472
0.219136
0.217376
0.218080
0.217280
0.218592
0.217600
0.217728
0.217088
0.218400
0.218240
0.217696
0.217984
0.217408
0.217120
0.217536
0.217760
0.218304
0.217568
0.217568
0.224576
0.217536
0.218080
0.218176
0.217408
0.217472
0.217664
0.217728
0.217152
0.217248
0.217472
0.218208
0.217088
0.218336
0.217408
0.218048
0.217792
0.217504
0.217408
0.217184
0.217504
0.218624
0.218304
0.217120
0.217728
0.218304
0.217536
0.217504
0.217632
0.218528
0.218176
0.217600
0.217088
0.479232
0.220192
0.219424
0.221824
0.235392
0.217696
0.218208
0.217472
0.217696
0.218048
0.217696
0.217088
0.218400
0.218144
0.217376
0.217312
0.217728
0.217408
0.217760
0.218336
0.217600
0.218368
0.218144
0.217728
0.217504
0.217408
0.218304
0.217120
0.218464
0.217344
0.217632
0.217856
0.218176
0.217728
0.217728
0.217344
0.218624
0.217440
0.217088
0.218464
0.219552
0.219264
0.218624
0.218016
0.218240
0.217792
0.218144
0.218432
0.217536
0.217472
0.217536
0.218560
0.217472
0.217536
0.217312
0.217440
0.218048
0.225088
0.218752
0.217344
0.217312
0.217696
0.217504
0.217408
0.218144
0.217632
0.218112
0.217248
0.218592
0.217248
0.218176
0.217344
0.217952
0.218112
0.217760
0.218720
0.218144
0.217312
0.217760
0.217088
0.218240
0.217696
0.217568
0.217408
0.217184
0.217504
0.217280
0.217280
0.217184
0.218048
0.217312
0.218240
0.217312
0.218592
0.218560
0.217568
0.217440
0.217472
0.218464
0.219488
0.218240
0.217600
0.217440
0.218240
0.217376
0.217376
0.218304
0.218272
0.217600
0.217408
0.217760
0.217824
0.218528
0.217344
0.217632
0.217984
0.217312
0.217536
0.217216
0.217536
0.217376
0.217408
0.218592
0.218848
0.217728
0.218464
0.217280
0.218400
0.217184
0.217824
0.218624
0.217984
0.217568
0.217408
0.217184
0.217312
0.218208
0.217632
0.218368
0.217472
0.218272
0.217216
0.217568
0.217120
0.217088
0.218240
0.217152
0.218112
0.218240
0.218560
0.217504
0.217312
0.217440
0.218112
0.223168
0.218176
0.217632
0.218240
0.218272
0.217312
0.218112
0.217472
0.217248
0.218400
0.217184
0.218208
0.217600
0.217344
0.217088
0.217824
0.217152
0.217600
0.218240
0.217280
0.217152
0.335392
0.218464
0.217216
0.217920
0.217792
0.217728
0.218496
0.217440
0.217216
0.217312
0.218368
0.217280
0.217216
0.217568
0.217888
0.217280
0.217280
0.218176
0.217472
0.217216
0.217408
0.217344
0.217568
0.218336
0.217280
0.217632
0.218304
0.217408
0.217728
0.217728
0.217632
0.217600
0.217152
0.218112
0.218272
0.217728
0.217408
0.217280
0.217280
0.217824
0.217184
0.218144
0.217280
0.217536
0.218240
0.217568
0.217408
0.218112
0.217504
0.217088
0.216736
0.216160
0.215680
0.216320
0.215456
0.215424
0.215136
0.216288
0.216096
0.215456
0.216448
0.215424
0.215680
0.215488
0.364256
0.337920
0.351104
0.217248
0.215520
0.215904
0.215360
0.215552
0.215232
0.215328
0.216128
0.215776
0.216000
0.215968
0.215488
0.215904
0.215520
0.216992
0.215520
0.216768
0.215776
0.245760
0.216096
0.215840
0.216384
0.215392
0.215424
0.216000
0.216096
0.215904
0.216128
0.223840
0.215872
0.216416
0.216448
0.216448
0.215648
0.216096
0.215552
0.215552
0.215168
0.215296
0.216160
0.474368
0.217120
0.227136
0.216352
0.235520
0.217920
0.217920
0.216000
0.216160
0.215776
0.215968
0.215456
0.215584
0.215872
0.216384
0.215392
0.216224
0.216256
0.215680
0.216160
0.215648
0.215456
0.216352
0.215168
0.216256
0.215712
0.215392
0.215392
0.215520
0.215904
0.215488
0.213536
0.213120
0.214048
0.214560
0.213216
0.213600
0.213184
0.213184
0.214560
0.214016
0.213536
0.213472
0.213408
0.213888
0.213120
0.214112
0.214048
0.213664
0.213248
0.213472
0.213504
0.213216
0.212992
0.213472
0.214048
0.213152
0.214464
0.213632
0.213664
0.213600
0.213152
0.213984
0.213280
0.214144
0.213216
0.214144
0.213440
0.213440
0.213632
0.213056
0.213952
0.213504
0.214080
0.213600
0.213504
0.213344
0.213216
0.214112
0.213664
0.213184
0.213248
0.214240
0.213376
0.214176
0.213312
0.213568
0.213280
0.214016
0.213568
0.213824
0.213344
0.213536
0.213248
0.214176
0.213632
0.214240
0.213408
0.213184
0.214304
0.213472
0.214336
0.214176
0.213408
0.214048
0.213504
0.214272
0.213952
0.213120
0.214176
0.213120
0.213408
0.214560
0.225056
0.214432
0.214432
0.213344
0.213312
0.358464
0.346208
0.215040
0.214336
0.213568
0.214272
0.213792
0.213792
0.218368
0.213536
0.213536
0.214016
0.213568
0.213824
0.214016
0.213536
0.213408
0.213536
0.213088
0.213280
0.470816
0.216512
0.215424
0.213696
0.213856
0.214720
0.214656
0.221024
0.214592
0.214240
0.213504
0.213408
0.213184
0.214240
0.213568
0.214432
0.214432
0.213088
0.213376
0.215616
0.213536
0.213408
0.213440
0.213440
0.213472
0.213376
0.214144
0.213248
0.213728
0.213152
0.213696
0.213024
0.214368
0.214016
0.213408
0.213120
0.213792
0.213280
0.214112
0.213312
0.214048
0.214560
0.214656
0.213312
0.213952
0.213760
0.214656
0.213472
0.213888
0.213408
0.214112
0.213376
0.212992
0.214176
0.214176
0.213504
0.213248
0.213856
0.214016
0.213984
0.213408
0.214592
0.214400
0.214048
0.213728
0.213344
0.213504
0.213504
0.214048
0.213600
0.214208
0.214048
0.213536
0.214208
0.213728
0.213120
0.214272
0.213440
0.214368
0.214240
0.214656
0.213184
0.213536
0.212992
0.213312
0.214240
0.213344
0.212992
0.213728
0.213312
0.213856
0.213184
0.213184
0.214112
0.213472
0.212992
0.214272
0.214240
0.213376
0.213856
0.213632
0.213504
0.213312
0.213440
0.213632
0.214080
0.213568
0.213280
0.213920
0.213344
0.213728
0.213024
0.214208
0.213120
0.213440
0.213696
0.213376
0.213760
0.213760
0.214112
0.213984
0.215424
0.215392
0.214496
0.214336
0.213504
0.214400
0.214464
0.217408
0.213664
0.214688
0.213600
0.214368
0.214240
0.214688
0.214240
0.213504
0.213376
0.213568
0.214208
0.213152
0.213824
0.213472
0.213472
0.213696
0.214976
0.215072
0.213248
0.213600
0.213152
0.213632
0.213216
0.213760
0.213888
0.213376
0.213216
0.214624
0.212992
0.213056
0.213312
0.213216
0.213408
0.214368
0.213344
0.215264
0.215072
0.216192
0.215328
0.216736
0.216544
0.216288
0.215296
0.216320
0.215424
0.215872
0.215456
0.215680
0.215168
0.215680
0.216096
0.215520
0.216320
0.215520
0.215680
0.216704
0.215232
0.216544
0.215104
0.216160
0.215488
0.215296
0.215424
0.215552
0.215136
0.216576
0.215136
0.215552
0.215104
0.215968
0.216416
0.215264
0.215104
0.215200
0.215296
0.215200
0.215328
0.215872
0.216512
0.216352
0.215392
0.216256
0.215424
0.216064
0.215168
0.216000
0.215584
0.215744
0.215328
0.215872
0.214912
0.215456
0.216832
0.215424
0.215648
0.216416
0.216672
0.216480
0.215040
0.215296
0.215232
0.215776
0.215392
0.215552
0.216192
0.215264
0.215680
0.215136
0.215552
0.216256
0.215424
0.215328
0.215872
0.215936
0.215552
0.215680
0.216160
0.216352
0.215552
0.216384
0.215456
0.216096
0.215392
0.215104
0.216256
0.215328
0.215168
0.216000
0.216256
0.215552
0.215424
0.215296
0.216864
0.216448
0.216096
0.215744
0.216096
0.215360
0.216448
0.215200
0.216416
0.215168
0.216160
0.216352
0.215264
0.216096
0.222464
0.333216
0.216256
0.221632
0.217088
0.215552
0.215136
0.216224
0.215040
0.215392
0.216448
0.215360
0.215360
0.216224
0.231200
0.215936
0.216064
0.215264
0.215616
0.365536
0.337824
0.351648
0.218112
0.216544
0.215072
0.215392
0.216160
0.215648
0.215264
0.216160
0.215040
0.215648
0.216352
0.215392
0.215424
0.215136
0.216896
0.216768
0.215136
0.216544
0.215040
0.216160
0.215424
0.216128
0.216192
0.215456
0.215328
0.215648
0.215168
0.215392
0.215520
0.215712
0.216576
0.218304
0.219136
0.216704
0.215584
0.216320
0.216480
0.215616
0.215936
0.215456
0.215744
0.215424
0.215360
0.216096
0.215520
0.216000
0.215392
0.216000
0.215424
0.215072
0.213184
0.213792
0.213696
0.213184
0.213408
0.213344
0.213600
0.213408
0.214048
0.213632
0.213632
0.213408
0.215392
0.471072
0.216608
0.215328
0.214272
0.233088
0.228544
0.213216
0.214656
0.212992
0.213312
0.213664
0.213504
0.215040
0.217024
0.215008
0.225664
0.228032
0.213664
0.213504
0.214400
0.213184
0.213984
0.223776
0.228608
0.213664
0.214240
0.213440
0.213248
0.213696
0.213408
0.213472
0.214272
0.213280
0.214208
0.213568
0.213056
0.213472
0.213856
0.213440
0.213568
0.213792
0.214112
0.213536
0.213632
0.213760
0.213056
0.214144
0.213056
0.213376
0.213952
0.213536
0.213248
0.213280
0.213504
0.213056
0.214240
0.213408
0.213696
0.213280
0.213088
0.213216
0.213536
0.212992
0.214144
0.213760
0.213024
0.214176
0.213280
0.213216
0.213248
0.213216
0.213216
0.213440
0.213952
0.214048
0.213088
0.213376
0.214400
0.214816
0.212992
0.213184
0.213536
0.213952
0.214240
0.213056
0.213376
0.213792
0.213728
0.213344
0.213536
0.212992
0.213248
0.214080
0.213024
0.212992
0.213632
0.214944
0.213088
0.213600
0.213792
0.213504
0.213504
0.213248
0.213984
0.214176
0.213568
0.213440
0.213408
0.214720
0.213440
0.213856
0.213344
0.214208
0.213376
0.213376
0.213504
0.213792
0.214016
0.213632
0.213920
0.213696
0.213568
0.213120
0.213344
0.213344
0.213504
0.213120
0.214016
0.213248
0.214112
0.213728
0.213408
0.213728
0.213632
0.213184
0.329408
0.214592
0.213984
0.214560
0.214432
0.213440
0.214240
0.213984
0.214176
0.213088
0.214144
0.214208
0.213088
0.213248
0.213472
0.213376
0.213376
0.214560
0.213344
0.213344
0.213248
0.213856
0.214272
0.213312
0.214112
0.214144
0.213216
0.214112
0.213856
0.213536
0.213440
0.213472
0.213216
0.215104
0.213184
0.214048
0.213184
0.361024
0.351360
0.360160
0.214688
0.214752
0.213888
0.214112
0.213472
0.213376
0.214432
0.214048
0.213632
0.214816
0.213568
0.214272
0.213088
0.213888
0.212992
0.214560
0.213408
0.214368
0.213952
0.213664
0.213888
0.213376
0.214016
0.213504
0.212992
0.214208
0.229984
0.214432
0.213184
0.213120
0.214752
0.213504
0.213408
0.213376
0.213728
0.213888
0.213216
0.213760
0.214272
0.213568
0.213536
0.468992
0.216160
0.236896
0.214880
0.213280
0.213984
0.213184
0.213216
0.213952
0.213152
0.213152
0.213024
0.214240
0.213440
0.214336
0.213888
0.215104
0.214464
0.214016
0.213376
0.214176
0.213248
0.214368
0.213152
0.213696
0.213984
0.213536
0.213024
0.213120
0.214176
0.213600
0.213664
0.214048
0.214240
0.213568
0.213984
0.213280
0.213696
0.214048
0.213728
0.214528
0.214144
0.213408
0.213920
0.213504
0.213440
0.213056
0.214144
0.213440
0.214080
0.213280
0.213376
0.213312
0.213376
0.214208
0.213280
0.214144
0.213632
0.213696
0.214240
0.213472
0.214208
0.213632
0.213600
0.215264
0.214144
0.213216
0.213056
0.214048
0.213408
0.214176
0.214336
0.213408
0.213632
0.213056
0.212992
0.214464
0.213376
0.213408
0.213056
0.213280
0.213984
0.213248
0.213088
0.213184
0.213600
0.213216
0.213600
0.214624
0.213216
0.214112
0.213280
0.213664
0.213280
0.213888
0.213344
0.213568
0.214144
0.213216
0.214272
0.213184
0.213280
0.214432
0.213408
0.214400
0.214240
0.213184
0.213504
0.213312
0.213472
0.213408
0.213792
0.214272
0.213088
0.213472
0.213856
0.213568
0.212992
0.214368
0.213088
0.214272
0.213216
0.213216
0.216032
0.213440
0.214208
0.213120
0.213856
0.213056
0.214272
0.213216
0.213408
0.214496
0.213280
0.214240
0.214240
0.213536
0.214016
0.213280
0.213152
0.214048
0.213408
0.212992
0.214272
0.214560
0.213120
0.214656
0.212992
0.213696
0.214496
0.213472
0.213920
0.214432
0.213248
0.213216
0.213600
0.213440
0.213344
0.213728
0.220352
0.223136
0.214816
0.214496
0.218720
0.214176
0.213216
0.214016
0.214176
0.213440
0.213600
0.213408
0.213312
0.213920
0.214240
0.213952
0.213888
0.214432
0.213408
0.213472
0.213952
0.213504
0.213408
0.213568
0.214080
0.213792
0.214016
0.213760
0.213600
0.213280
0.213824
0.214304
0.214304
0.213280
0.214080
0.213312
0.213152
0.214272
0.213312
0.213376
0.213408
0.213600
0.213056
0.214432
0.213504
0.213216
0.214016
0.213408
0.213312
0.213216
0.213824
0.214208
0.226752
0.215808
0.214656
0.213184
0.213984
0.214240
0.213216
0.214560
0.212992
0.213600
0.214208
0.330400
0.214048
0.214112
0.214144
0.213472
0.212992
0.214176
0.214080
0.213728
0.213728
0.211616
0.211584
0.212256
0.211232
0.212544
0.212672
0.211456
0.211584
0.218432
0.211456
0.211616
0.211936
0.211360
0.212256
0.212064
0.211712
0.212064
0.211680
0.212480
0.211936
0.211648
0.212288
0.211328
0.211424
0.211552
0.212672
0.212416
0.212384
0.211200
0.212192
0.211648
0.212320
0.211680
0.211776
0.212480
0.211584
0.212000
0.211552
0.212288
0.211360
0.211648
0.356160
0.332320
0.529632
0.213120
0.211936
0.211424
0.211680
0.211872
0.212256
0.211296
0.212032
0.212384
0.211264
0.212480
0.211232
0.211776
0.212480
0.483328
0.213856
0.212992
0.211968
0.211648
0.212320
0.211904
0.211392
0.211808
0.212096
0.211552
0.211840
0.212192
0.211456
0.212320
0.211232
0.212576
0.211296
0.232416
0.228576
0.211840
0.212608
0.212896
0.211360
0.212576
0.212064
0.211680
0.212352
0.211264
0.211616
0.211712
0.212032
0.211520
0.211648
0.212096
0.211520
0.212480
0.212736
0.212160
0.211328
0.212352
0.212192
0.211456
0.212416
0.212000
0.211584
0.212512
0.211616
0.211968
0.212640
0.212480
0.211136
0.211584
0.212288
0.212672
0.225280
0.212736
0.212224
0.212480
0.212864
0.212736
0.211232
0.212480
0.211424
0.212064
0.211456
0.212000
0.212192
0.211680
0.212160
0.212448
0.211808
0.212288
0.211296
0.212704
0.211744
0.211808
0.212352
0.211648
0.220992
0.212576
0.212576
0.211136
0.212160
0.212768
0.212544
0.212288
0.211424
0.211744
0.212352
0.211392
0.212288
0.212384
0.212800
0.212320
0.212384
0.211552
0.212128
0.211360
0.212160
0.212160
0.212288
0.211424
0.212288
0.211040
0.211456
0.212256
0.211136
0.212160
0.210976
0.211584
0.212288
0.212288
0.211584
0.211808
0.212480
0.211392
0.212352
0.212640
0.212352
0.211392
0.212000
0.212480
0.211456
0.211712
0.212448
0.212448
0.212256
0.211392
0.211776
0.212480
0.212512
0.211168
0.212384
0.212160
0.212192
0.211424
0.212096
0.211296
0.212352
0.211456
0.212544
0.212640
0.212128
0.211744
0.211296
0.211424
0.212032
0.212576
0.211488
0.211872
0.212000
0.212160
0.211392
0.212544
0.212288
0.211584
0.212384
0.211296
0.212320
0.211488
0.211328
0.211872
0.212544
0.211328
0.212736
0.227168
0.212768
0.212192
0.212320
0.211360
0.212416
0.231744
0.215040
0.235136
0.214368
0.214592
0.213760
0.212992
0.212448
0.211200
0.212032
0.212480
0.212128
0.212704
0.227392
0.211680
0.212736
0.212384
0.211392
0.212928
0.212320
0.211264
0.211712
0.212256
0.212352
0.211328
0.212224
0.212096
0.212544
0.212352
0.211360
0.233472
0.213376
0.212992
0.212864
0.215488
0.215232
0.216672
0.215104
0.216096
0.215520
0.216096
0.215648
0.216320
0.215392
0.215648
0.216256
0.215392
0.216288
0.215392
0.215680
0.216736
0.215264
0.215680
0.215456
0.215552
0.215424
0.215264
0.215520
0.216000
0.215840
0.333056
0.217568
0.216288
0.215136
0.216352
0.215232
0.216480
0.215712
0.215744
0.215264
0.215648
0.215424
0.215456
0.215424
0.216736
0.215040
0.216224
0.215168
0.215648
0.216352
0.215200
0.216192
0.215776
0.215744
0.216768
0.215104
0.215968
0.215136
0.216224
0.215456
0.215392
0.215200
0.216224
0.215200
0.215360
0.215328
0.215936
0.216128
0.215616
0.215200
0.216128
0.215136
0.216224
0.215200
0.215200
0.215968
0.215104
0.216064
0.216608
0.215456
0.215776
0.216128
0.215584
0.216448
0.215488
0.215520
0.215040
0.215360
0.215040
0.215840
0.215616
0.215648
0.215552
0.216000
0.215680
0.215488
0.215232
0.216224
0.215360
0.366176
0.350208
0.217184
0.215936
0.215264
0.216352
0.215488
0.216512
0.215296
0.215584
0.216320
0.215168
0.215872
0.216224
0.215712
0.215872
0.216128
0.215648
0.215648
0.216512
0.215328
0.215872
0.216032
0.216192
0.215648
0.216096
0.216192
0.215488
0.215872
0.215776
0.231552
0.215392
0.215776
0.215296
0.215648
0.216736
0.215488
0.216064
0.216416
0.216672
0.216384
0.215488
0.215296
0.215616
0.215712
0.216192
0.215616
0.215456
0.215168
0.216064
0.215456
0.215712
0.215232
0.215232
0.216192
0.215616
0.215936
0.216096
0.215488
0.215360
0.215392
0.477984
0.218816
0.217280
0.215584
0.215616
0.215584
0.215296
0.215232
0.216672
0.216064
0.215840
0.216384
0.216608
0.215104
0.217024
0.216704
0.217120
0.217216
0.216544
0.215040
0.214368
0.213632
0.213472
0.213056
0.214144
0.214272
0.213344
0.213888
0.213632
0.213472
0.213536
0.213184
0.214144
0.214080
0.213472
0.214208
0.213632
0.214368
0.213440
0.213376
0.214048
0.213792
0.213632
0.213056
0.213600
0.213056
0.213568
0.213696
0.213408
0.213120
0.214560
0.213600
0.214144
0.213664
0.213728
0.214208
0.213120
0.214208
0.213344
0.213536
0.214496
0.213088
0.214944
0.216128
0.215168
0.214752
0.214432
0.213216
0.214368
0.213152
0.213280
0.213440
0.216736
0.214304
0.213536
0.214080
0.214432
0.213120
0.214176
0.213504
0.213632
0.213120
0.213792
0.214048
0.213728
0.214368
0.213184
0.213312
0.213696
0.213760
0.213408
0.213760
0.214752
0.330112
0.214944
0.213856
0.213696
0.213472
0.214304
0.213312
0.214400
0.214016
0.213728
0.363360
0.348160
0.222592
0.214912
0.213888
0.214464
0.213280
0.213376
0.213536
0.213280
0.214304
0.213312
0.213344
0.213664
0.213600
0.214240
0.214272
0.213280
0.214240
0.213568
0.213856
0.213792
0.214496
0.213216
0.213216
0.213536
0.213408
0.213920
0.214400
0.214400
0.213440
0.214048
0.213312
0.214464
0.213376
0.213696
0.213056
0.213408
0.475008
0.216736
0.215008
0.214496
0.213152
0.238912
0.216992
0.219072
0.216544
0.214144
0.216800
0.214784
0.213664
0.214336
0.213184
0.214208
0.214784
0.214464
0.214464
0.213120
0.215008
0.215040
0.214400
0.213280
0.362272
0.213920
0.213280
0.213440
0.213344
0.213536
0.213408
0.213984
0.214048
0.213312
0.219904
0.213824
0.213824
0.213312
0.214080
0.213760
0.213408
0.213664
0.213440
0.213408
0.213408
0.213184
0.213792
0.214400
0.213312
0.214656
0.214016
0.370688
0.334272
0.214944
0.527712
0.212768
0.212224
0.212128
0.211488
0.211392
0.212256
0.212160
0.211616
0.212576
0.212288
0.211712
0.212448
0.213280
0.211712
0.214400
0.213632
0.212416
0.212640
0.212288
0.210944
0.213152
0.214816
0.213280
0.211520
0.212704
0.211744
0.211936
0.212160
0.211520
0.212832
0.212608
0.212608
0.212704
0.211136
0.212416
0.211392
0.212544
0.212992
0.212640
0.212256
0.211776
0.212416
0.211936
0.212192
0.211424
0.211776
0.212416
0.211808
0.212768
0.212608
0.212224
0.212704
0.212096
0.211424
0.211456
0.213152
0.211840
0.212544
0.212000
0.211360
0.211712
0.212128
0.211552
0.212352
0.212608
0.212608
0.212288
0.212256
0.212224
0.211488
0.212192
0.211488
0.211392
0.211648
0.212448
0.211136
0.211392
0.211808
0.212768
0.212224
0.211616
0.211584
0.211520
0.212064
0.211616
0.212256
0.211712
0.212256
0.211552
0.212096
0.211584
0.212192
0.211264
0.212768
0.212128
0.211520
0.212576
0.211456
0.212960
0.212416
0.212384
0.211424
0.212192
0.211840
0.212640
0.211712
0.211680
0.212064
0.211392
0.211808
0.212640
0.212416
0.213088
0.212864
0.213184
0.214560
0.213984
0.212992
0.215040
0.212960
0.212736
0.212832
0.212512
0.212288
0.212288
0.211456
0.212576
0.211168
0.212192
0.211584
0.212448
0.212288
0.211904
0.212544
0.212288
0.211424
0.212480
0.211424
0.212224
0.211296
0.212416
0.212704
0.211456
0.212576
0.212160
0.212992
0.212416
0.211360
0.212512
0.211936
0.211776
0.212608
0.211424
0.212000
0.211552
0.212320
0.211232
0.212640
0.212192
0.211616
0.211936
0.212288
0.212864
0.212416
0.211104
0.212288
0.211904
0.211424
0.211744
0.212704
0.212608
0.211104
0.211872
0.212352
0.211360
0.211648
0.211904
0.212608
0.212672
0.211808
0.212928
0.212800
0.212928
0.213728
0.214400
0.213248
0.214336
0.215136
0.214304
0.213472
0.215040
0.331136
0.215232
0.214368
0.213344
0.214272
0.214624
0.214272
0.213472
0.214368
0.214720
0.214144
0.213632
0.213152
0.213568
0.213600
0.213216
0.214400
0.213440
0.213280
0.214528
0.213344
0.213792
0.214688
0.214368
0.213408
0.214240
0.213472
0.213568
0.213216
0.214432
0.213792
0.213408
0.214240
0.213536
0.214208
0.214208
0.213312
0.214560
0.214208
0.213280
0.213952
0.214016
0.213792
0.213824
0.213984
0.213312
0.360992
0.334976
0.491136
0.215040
0.214272
0.213312
0.213504
0.214080
0.213440
0.214528
0.214592
0.214240
0.213600
0.214464
0.213984
0.213472
0.214112
0.213408
0.213152
0.213376
0.213728
0.214144
0.213824
0.214944
0.213184
0.214080
0.213600
0.213920
0.214240
0.213120
0.214016
0.214592
0.213504
0.214432
0.213088
0.214496
0.214688
0.214080
0.213312
0.214336
0.214304
0.214080
0.213536
0.213376
0.213440
0.213824
0.214368
0.213120
0.214368
0.213248
0.214304
0.213248
0.213312
0.214176
0.213376
0.214240
0.213344
0.213120
0.216640
0.214688
0.214144
0.214400
0.213152
0.214432
0.213120
0.214208
0.214400
0.471040
0.216704
0.215296
0.213792
0.214240
0.213568
0.214368
0.213344
0.213632
0.214048
0.213472
0.213056
0.214112
0.213280
0.215040
0.213824
0.213376
0.214656
0.214112
0.213248
0.214848
0.214432
0.213088
0.214112
0.214208
0.213152
0.213152
0.214112
0.214208
0.213376
0.214112
0.213024
0.215040
0.214528
0.213120
0.214272
0.213376
0.213376
0.214112
0.213696
0.214848
0.213728
0.213376
0.213280
0.213088
0.214816
0.214112
0.213248
0.213440
0.213568
0.214016
0.213792
0.214208
0.213568
0.218976
0.213728
0.213824
0.214016
0.213600
0.213632
0.213344
0.213472
0.215040
0.215296
0.214912
0.213760
0.233056
0.214016
0.213728
0.214208
0.213440
0.213376
0.213408
0.213760
0.214272
0.213344
0.213472
0.212992
0.214176
0.213536
0.213664
0.213376
0.214016
0.213312
0.214272
0.213632
0.214496
0.213088
0.214464
0.213728
0.213056
0.213952
0.213280
0.213600
0.214400
0.213312
0.214336
0.214464
0.213280
0.213664
0.213728
0.213568
0.214016
0.214112
0.213696
0.214560
0.214496
0.212992
0.214816
0.214688
0.214784
0.216032
0.214592
0.213248
0.213408
0.213568
0.213344
0.214368
0.213216
0.213184
0.214432
0.214208
0.213472
0.213344
0.213664
0.213472
0.213760
0.213344
0.213952
0.214272
0.213088
0.213184
0.213952
0.213504
0.213376
0.214176
0.213440
0.213760
0.214816
0.214208
0.214720
0.214432
0.213312
0.214496
0.214624
0.214368
0.213632
0.342624
0.213760
0.214240
0.213184
0.214272
0.213472
0.213952
0.214368
0.213280
0.214720
0.214720
0.214688
0.214272
0.213728
0.213376
0.214400
0.213344
0.213664
0.214304
0.213376
0.213504
0.213376
0.213632
0.364384
0.334592
0.429056
0.214784
0.214816
0.213344
0.213792
0.213280
0.328928
0.215168
0.214016
0.214432
0.213344
0.356352
0.335360
0.429824
0.215136
0.213664
0.214848
0.214400
0.214304
0.214208
0.213920
0.213472
0.213344
0.213344
0.213888
0.214016
0.213856
0.214272
0.214592
0.213120
0.214336
0.213184
0.215232
0.213824
0.213376
0.213600
0.214304
0.470432
0.215296
0.215040
0.213664
0.213184
0.213152
0.214304
0.213216
0.214272
0.213664
0.213152
0.213760
0.213760
0.214528
0.214304
0.213344
0.213568
0.214112
0.213472
0.213952
0.214080
0.213344
0.213440
0.213664
0.212096
0.212736
0.212160
0.212352
0.211552
0.212512
0.211392
0.212704
0.212928
0.212000
0.211776
0.212160
0.211488
0.212480
0.212256
0.212352
0.211616
0.212416
0.212864
0.212992
0.212512
0.212000
0.212448
0.211968
0.211776
0.212672
0.211840
0.212704
0.212704
0.211264
0.211616
0.212768
0.212480
0.211328
0.212256
0.211744
0.212448
0.211712
0.211840
0.211552
0.212384
0.211552
0.211296
0.212608
0.212480
0.211552
0.211968
0.212672
0.212512
0.212064
0.211456
0.212160
0.212896
0.212288
0.211488
0.212960
0.211680
0.212352
0.211968
0.211712
0.212544
0.212352
0.211584
0.212480
0.212576
0.212480
0.211232
0.212800
0.211776
0.211584
0.212032
0.211744
0.212288
0.212352
0.210944
0.212480
0.211136
0.213760
0.213536
0.212352
0.212896
0.222912
0.231808
0.212576
0.212288
0.235936
0.211968
0.212160
0.211520
0.212608
0.212704
0.215040
0.214624
0.214720
0.215008
0.215936
0.213696
0.214048
0.215584
0.214368
0.213536
0.213664
0.213088
0.213696
0.214080
0.213472
0.218624
0.214496
0.213344
0.213056
0.213984
0.213408
0.214336
0.213120
0.214240
0.213216
0.214144
0.213568
0.214272
0.213312
0.213600
0.213472
0.212992
0.214176
0.214240
0.213440
0.214272
0.213152
0.213952
0.214080
0.213344
0.213280
0.213888
0.213792
0.214272
0.214368
0.213408
0.213376
0.214176
0.213152
0.213568
0.213152
0.214656
0.214240
0.213632
0.213152
0.214176
0.213536
0.214720
0.214592
0.214304
0.213536
0.214048
0.213280
0.213664
0.214272
0.213408
0.214176
0.213536
0.213696
0.213440
0.213280
0.213312
0.214400
0.213056
0.214080
0.213504
0.213760
0.213472
0.213632
0.328896
0.215424
0.214656
0.213184
0.214336
0.213248
0.213312
0.213504
0.213440
0.213184
0.213280
0.214240
0.213216
0.214144
0.214272
0.213472
0.214624
0.213216
0.213472
0.357888
0.348160
0.215200
0.214080
0.214496
0.213120
0.213920
0.213728
0.213440
0.214272
0.213376
0.213792
0.213408
0.213152
0.213248
0.213920
0.213536
0.213472
0.213856
0.213312
0.213632
0.213184
0.214016
0.214080
0.213760
0.214560
0.214080
0.213504
0.213056
0.213088
0.213216
0.213952
0.213408
0.213504
0.213888
0.213440
0.213440
0.213024
0.213504
0.213248
0.213408
0.213312
0.213376
0.213984
0.213696
0.214048
0.213216
0.213472
0.213184
0.213312
0.213760
0.213600
0.214016
0.213472
0.213440
0.214624
0.214720
0.213088
0.214240
0.214368
0.214048
0.213408
0.213056
0.213504
0.214368
0.213600
0.213760
0.213088
0.237088
0.213440
0.214688
0.214688
0.213376
0.233792
0.229088
0.473184
0.216480
0.215168
0.213632
0.213824
0.213312
0.213248
0.214496
0.213440
0.213472
0.213088
0.214016
0.217472
0.214016
0.213504
0.214656
0.213376
0.213664
0.214176
0.213536
0.213408
0.213856
0.213216
0.214112
0.213664
0.214240
0.213184
0.213440
0.213984
0.213568
0.214080
0.214592
0.213312
0.213472
0.213216
0.213696
0.214144
0.213536
0.213376
0.213504
0.214112
0.213312
0.213984
0.213408
0.213472
0.214048
0.213632
0.213120
0.213376
0.214304
0.212992
0.213984
0.231200
0.215040
0.214208
0.214048
0.213632
0.213472
0.213216
0.213344
0.214272
0.213440
0.213152
0.213088
0.213728
0.213440
0.214592
0.229600
0.214496
0.213280
0.214208
0.213792
0.213920
0.213408
0.213888
0.214208
0.213504
0.213056
0.213312
0.214592
0.214176
0.213184
0.213376
0.214112
0.213280
0.213632
0.214112
0.214080
0.213760
0.215040
0.213344
0.213344
0.213408
0.213440
0.214144
0.214272
0.213248
0.213856
0.213184
0.213696
0.212992
0.213408
0.213184
0.214112
0.214752
0.213440
0.213696
0.213312
0.214656
0.213120
0.213984
0.213216
0.213440
0.213376
0.213344
0.213216
0.213440
0.213664
0.213152
0.214016
0.214272
0.214176
0.213504
0.214304
0.213344
0.213472
0.213472
0.214656
0.214400
0.214336
0.214592
0.214496
0.214560
0.214944
0.213824
0.213792
0.213120
0.214240
0.213152
0.214272
0.214176
0.214560
0.214496
0.213472
0.213760
0.214592
0.214080
0.213472
0.214464
0.214016
0.213856
0.213984
0.214176
0.213376
0.213184
0.214368
0.213408
0.213664
0.214336
0.214688
0.213472
0.214240
0.213184
0.213664
0.214048
0.213472
0.213024
0.214400
0.213952
0.213152
0.214208
0.213376
0.213568
0.213056
0.216384
0.213312
0.213376
0.214784
0.213696
0.213760
0.214720
0.214080
0.213376
0.213472
0.213312
0.213568
0.213216
0.213600
0.213056
0.213376
0.213344
0.213888
0.214080
0.213376
0.213216
0.213280
0.213856
0.214176
0.214240
0.213184
0.214048
0.213728
0.213600
0.212992
0.329728
0.215136
0.213696
0.214272
0.213344
0.213472
0.212992
0.213696
0.213312
0.213792
0.213440
0.214048
0.213344
0.214496
0.213248
0.213792
0.213152
0.214400
0.213248
0.214208
0.213472
0.214208
0.212992
0.213024
0.214272
0.214048
0.213632
0.214656
0.214304
0.213280
0.213216
0.213472
0.214048
0.213248
0.214048
0.213600
0.213664
0.213312
0.365344
0.348160
0.215456
0.214304
0.213600
0.214912
0.214368
0.214432
0.213248
0.213472
0.213920
0.213792
0.214016
0.213536
0.214048
0.213344
0.213248
0.213408
0.214176
0.213184
0.214400
0.213472
0.214368
0.213376
0.213120
0.214432
0.213216
0.213504
0.213152
0.213984
0.213120
0.214144
0.213184
0.213824
0.213056
0.214048
0.213824
0.215040
0.214464
0.213184
0.213344
0.214912
0.214624
0.214080
0.212800
0.212544
0.212256
0.211520
0.473600
0.214208
0.212960
0.212384
0.211424
0.212736
0.228672
0.212096
0.211552
0.212128
0.212672
0.212480
0.211392
0.212672
0.211776
0.233472
0.227200
0.211744
0.211808
0.211744
0.212448
0.211328
0.212032
0.212608
0.211328
0.211712
0.211840
0.212512
0.223648
0.214848
0.212992
0.211872
0.211456
0.212608
0.212416
0.211520
0.212384
0.212448
0.211264
0.212992
0.211552
0.212576
0.213248
0.213824
0.213888
0.211680
0.212032
0.211936
0.212448
0.213312
0.213344
0.212672
0.212064
0.211936
0.211392
0.212640
0.212000
0.212032
0.211712
0.212192
0.211776
0.220512
0.233760
0.213216
0.212640
0.212608
0.212672
0.211488
0.212448
0.211328
0.211232
0.211648
0.212064
0.211616
0.211680
0.211392
0.211680
0.212224
0.212384
0.211328
0.211616
0.211456
0.212320
0.212608
0.212896
0.211680
0.212320
0.212576
0.212096
0.211424
0.212064
0.212736
0.212032
0.211616
0.212192
0.212256
0.211168
0.212320
0.211264
0.212384
0.211360
0.211840
0.212096
0.212352
0.212224
0.211648
0.212480
0.212288
0.211456
0.211776
0.212192
0.211424
0.211296
0.211872
0.212320
0.211392
0.212800
0.212992
0.212864
0.212960
0.212288
0.212544
0.212416
0.212704
0.211200
0.211424
0.212256
0.212448
0.211200
0.211488
0.212256
0.211168
0.211552
0.212544
0.212384
0.212000
0.211552
0.212608
0.211456
0.212160
0.327840
0.213344
0.212896
0.212160
0.211296
0.212224
0.212320
0.211296
0.211488
0.211232
0.211904
0.212672
0.211104
0.212128
0.224640
0.212960
0.233280
0.229184
0.212256
0.228800
0.212352
0.211424
0.212320
0.212064
0.212544
0.212928
0.212000
0.211776
0.211520
0.213920
0.215232
0.216064
0.215200
0.216608
0.216352
0.215712
0.216192
0.215616
0.215392
0.215712
0.215232
0.215616
0.215936
0.216256
0.215296
0.215776
0.216288
0.215424
0.216672
0.216640
0.216160
0.361088
0.350208
0.217248
0.215520
0.215392
0.215136
0.216512
0.216576
0.215200
0.215712
0.216224
0.216800
0.215168
0.215520
0.215424
0.215200
0.216096
0.215712
0.218272
0.216256
0.215584
0.215488
0.216096
0.215936
0.215488
0.215392
0.215104
0.215936
0.216096
0.473792
0.217088
0.218240
0.215456
0.217952
0.216192
0.215360
0.216224
0.215776
0.216192
0.215424
0.215424
0.215232
0.216160
0.215232
0.215136
0.215392
0.216128
0.215840
0.215360
0.215072
0.216064
0.215296
0.215424
0.216608
0.216384
0.215200
0.215264
0.215104
0.216320
0.215232
0.216288
0.215360
0.215328
0.215520
0.215712
0.215936
0.216224
0.215424
0.215360
0.215616
0.216416
0.216256
0.215616
0.215232
0.216096
0.216704
0.215424
0.215744
0.215520
0.215296
0.216032
0.216000
0.215680
0.215936
0.216512
0.215200
0.216256
0.215072
0.215744
0.216512
0.228480
0.231520
0.225824
0.216928
0.217248
0.216032
0.215264
0.215424
0.215168
0.216192
0.215360
0.216320
0.215552
0.216704
0.215200
0.215168
0.216640
0.216352
0.229760
0.215712
0.216064
0.215520
0.216064
0.216192
0.215680
0.215360
0.215520
0.215424
0.216256
0.215520
0.215872
0.215232
0.215552
0.215296
0.216320
0.215424
0.215264
0.215904
0.215584
0.215040
0.215296
0.216192
0.215616
0.216448
0.215616
0.215648
0.215648
0.215040
0.216224
0.215264
0.216480
0.215360
0.215808
0.215680
0.215104
0.215328
0.215488
0.215776
0.215424
0.215776
0.215456
0.215552
0.216384
0.216096
0.215584
0.215328
0.215392
0.215456
0.215456
0.215776
0.215872
0.216352
0.215488
0.215328
0.215328
0.215808
0.216384
0.215936
0.217216
0.216032
0.215136
0.216640
0.217024
0.217184
0.217024
0.216096
0.215616
0.216224
0.215616
0.216736
0.216064
0.215936
0.215904
0.216288
0.215456
0.215328
0.216672
0.215104
0.216384
0.216096
0.215488
0.215872
0.215296
0.215424
0.216064
0.215456
0.215680
0.216512
0.215648
0.215392
0.216000
0.216192
0.215456
0.216320
0.215200
0.216064
0.215744
0.215360
0.216064
0.216416
0.215296
0.215616
0.215200
0.215744
0.215200
0.216480
0.215904
0.215232
0.215264
0.216544
0.216608
0.216480
0.215360
0.216000
0.216448
0.215264
0.215296
0.215776
0.215328
0.216256
0.215808
0.216128
0.215520
0.215456
0.216032
0.215424
0.215488
0.215744
0.215264
0.215552
0.215264
0.216288
0.215488
0.216096
0.217056
0.333568
0.217120
0.215360
0.215328
0.215232
0.215744
0.215712
0.215520
0.215520
0.216416
0.216160
0.215616
0.215360
0.215200
0.215616
0.233472
0.217056
0.216032
0.216288
0.215648
0.215264
0.215744
0.216576
0.218592
0.215456
0.215616
0.216480
0.215328
0.215520
0.215072
0.231392
0.216544
0.215392
0.215584
0.215264
0.215328
0.215616
0.215104
0.215744
0.215488
0.215648
0.216864
0.215072
0.216256
0.215296
0.215072
0.216192
0.216160
0.215552
0.215808
0.216192
0.215424
0.215456
0.215552
0.215456
0.215072
0.215328
0.216416
0.215136
0.215936
0.216224
0.215808
0.215808
0.215552
0.215360
0.215392
0.216224
0.215232
0.362432
0.338016
0.351072
0.218240
0.215552
0.216576
0.216928
0.222368
0.215232
0.215840
0.216384
0.216128
0.214848
0.215328
0.215520
0.216128
0.215200
0.216128
0.215520
0.215488
0.216128
0.215744
0.215936
0.215232
0.215296
0.215456
0.217024
0.225984
0.217056
0.217088
0.216512
0.216160
0.215648
0.216320
0.215520
0.215648
0.216224
0.215392
0.216224
0.215808
0.215040
0.215968
0.231904
0.232576
0.216352
0.215392
0.215168
0.215808
0.216288
0.215136
0.215264
0.215648
0.215168
0.216416
0.215264
0.215360
0.215168
0.216256
0.215360
0.216160
0.217408
0.216576
0.215296
0.216160
0.215392
0.216032
0.215296
0.216192
0.215520
0.216544
0.215296
0.215968
0.215328
0.215648
0.216224
0.475648
0.219136
0.223008
0.217088
0.215456
0.215552
0.216096
0.216576
0.215392
0.215840
0.215200
0.216736
0.215456
0.216064
0.215456
0.215648
0.216096
0.215648
0.216896
0.227552
0.219424
0.216672
0.215520
0.215520
0.216320
0.215264
0.216096
0.215328
0.216288
0.215040
0.216096
0.215264
0.216128
0.215392
0.215808
0.215136
0.216800
0.217440
0.217280
0.224096
0.218144
0.217152
0.217984
0.217312
0.217984
0.217408
0.218016
0.218784
0.217120
0.217952
0.218496
0.217312
0.218240
0.217376
0.217856
0.218272
0.217536
0.218752
0.217664
0.218304
0.217472
0.217088
0.217664
0.218208
0.217376
0.217088
0.218208
0.218304
0.217376
0.217280
0.217312
0.217984
0.217344
0.218560
0.218144
0.218464
0.217440
0.218016
0.217696
0.218848
0.219136
0.218368
0.218048
0.217344
0.218400
0.217376
0.217184
0.217152
0.217184
0.217536
0.217312
0.217856
0.232032
0.227872
0.217440
0.217888
0.217248
0.217344
0.218016
0.217472
0.217088
0.217600
0.217152
0.217248
0.217152
0.217280
0.217760
0.217152
0.218112
0.218112
0.217760
0.218240
0.217408
0.217088
0.217632
0.218048
0.217216
0.218016
0.218368
0.217632
0.218048
0.217536
0.217472
0.217280
0.218080
0.217344
0.217440
0.218752
0.219456
0.219808
0.219488
0.219200
0.219584
0.219296
0.220032
0.220448
0.219616
0.220224
0.219520
0.219520
0.219328
0.219392
0.219552
0.219648
0.220064
0.219584
0.220640
0.220448
0.220256
0.219456
0.219168
0.220096
0.220288
0.219488
0.221120
0.351776
0.221632
0.219360
0.219168
0.220640
0.365984
0.362336
0.221344
0.220064
0.219488
0.219200
0.220256
0.219584
0.220704
0.220192
0.219360
0.219968
0.219680
0.219776
0.219136
0.219904
0.219328
0.219232
0.228416
0.219648
0.220480
0.219360
0.219360
0.220128
0.219488
0.219296
0.219392
0.220160
0.219520
0.219360
0.219584
0.219936
0.219136
0.220384
0.219520
0.219648
0.220896
0.219488
0.219328
0.220256
0.225888
0.227776
0.235200
0.242656
0.219616
0.219136
0.220416
0.220032
0.219776
0.219488
0.483424
0.221504
0.221696
0.220480
0.219488
0.219552
0.219456
0.219520
0.219584
0.220000
0.220288
0.221056
0.221472
0.219488
0.220032
0.219584
0.219456
0.219328
0.220000
0.219392
0.219968
0.219520
0.219296
0.219584
0.219712
0.220352
0.219488
0.219456
0.219296
0.220000
0.219392
0.219392
0.219200
0.220288
0.219360
0.219936
0.219168
0.220192
0.219264
0.220288
0.220288
0.219712
0.220256
0.219424
0.220224
0.219136
0.220192
0.219392
0.219264
0.219392
0.220288
0.219136
0.219168
0.219136
0.219392
0.219296
0.219552
0.219424
0.220128
0.219360
0.219328
0.219008
0.219296
0.220096
0.219648
0.219328
0.219360
0.219360
0.219488
0.219392
0.219232
0.220576
0.219232
0.219232
0.220320
0.219264
0.219168
0.220256
0.219264
0.219584
0.220224
0.219680
0.220512
0.220576
0.219360
0.219136
0.219232
0.219200
0.220928
0.220416
0.220928
0.219776
0.219648
0.220256
0.219360
0.219136
0.219520
0.219264
0.219936
0.219424
0.219744
0.219200
0.220032
0.219424
0.220416
0.219328
0.219616
0.219552
0.219712
0.219168
0.220448
0.219264
0.220640
0.220096
0.219328
0.221088
0.219680
0.220096
0.219392
0.219200
0.219968
0.220448
0.219520
0.219136
0.220160
0.219232
0.219200
0.227968
0.220576
0.219264
0.219264
0.219904
0.219360
0.219200
0.219360
0.219392
0.219360
0.219136
0.219456
0.219264
0.219232
0.219680
0.219296
0.219392
0.220288
0.219488
0.220192
0.219168
0.220320
0.219712
0.219456
0.220480
0.219136
0.219968
0.219424
0.219296
0.219456
0.219360
0.219328
0.219648
0.337920
0.221088
0.232608
0.220896
0.220608
0.219136
0.219488
0.219392
0.219616
0.220288
0.219680
0.219392
0.220096
0.219552
0.219328
0.219200
0.219392
0.219168
0.220064
0.219488
0.220448
0.220224
0.219328
0.372192
0.356832
0.221312
0.219776
0.218912
0.220288
0.220032
0.219648
0.219584
0.219616
0.219136
0.219552
0.219648
0.219744
0.220192
0.220192
0.219136
0.219936
0.219296
0.220064
0.219520
0.219552
0.219296
0.220416
0.219616
0.219616
0.219264
0.220448
0.219200
0.483648
0.222592
0.220864
0.219584
0.219648
0.219616
0.220000
0.219456
0.219264
0.220128
0.219136
0.219328
0.219616
0.220160
0.219392
0.219328
0.219328
0.220448
0.220448
0.221216
0.219552
0.219616
0.220448
0.220224
0.220384
0.219552
0.220192
0.219648
0.220128
0.219136
0.220256
0.219200
0.219392
0.219520
0.219648
0.219616
0.219744
0.219712
0.220320
0.219360
0.220320
0.219168
0.220160
0.219328
0.219456
0.219232
0.220064
0.219296
0.220288
0.219488
0.219360
0.219488
0.219392
0.220288
0.220384
0.219136
0.220032
0.219296
0.219520
0.219200
0.219680
0.219616
0.219648
0.219392
0.219392
0.220160
0.219648
0.219584
0.219328
0.220160
0.219552
0.219552
0.219200
0.220192
0.219328
0.220000
0.220448
0.219648
0.219456
0.219168
0.219520
0.219680
0.220736
0.219296
0.219776
0.220672
0.219360
0.219904
0.251008
0.220704
0.223552
0.220640
0.219264
0.219136
0.220992
0.220992
0.220896
0.219296
0.219264
0.219520
0.220064
0.219360
0.219936
0.219136
0.220128
0.220416
0.219904
0.219808
0.219680
0.219136
0.219136
0.219168
0.219456
0.219232
0.219200
0.219232
0.219584
0.219136
0.219520
0.219840
0.219232
0.219296
0.219200
0.219360
0.220864
0.219584
0.219552
0.219488
0.219232
0.220448
0.219136
0.219776
0.220096
0.219552
0.219136
0.219936
0.219360
0.219232
0.220000
0.219424
0.220544
0.220224
0.220992
0.219424
0.220512
0.219264
0.220288
0.219168
0.219424
0.220032
0.219552
0.219168
0.217312
0.217632
0.219136
0.220576
0.219584
0.219040
0.219168
0.217472
0.218688
0.217856
0.218336
0.217344
0.218272
0.217408
0.217792
0.217792
0.218944
0.218816
0.217280
0.217728
0.217504
0.217952
0.217664
0.217248
0.218080
0.217408
0.218112
0.217696
0.217376
0.217408
0.218304
0.217248
0.217984
0.217440
0.217376
0.222464
0.217504
0.218048
0.217472
0.217216
0.218336
0.217344
0.218144
0.218464
0.218912
0.217152
0.218048
0.218432
0.217184
0.218144
0.217248
0.217344
0.217728
0.218976
0.220224
0.219200
0.217824
0.217248
0.217696
0.217440
0.218176
0.217696
0.219808
0.218368
0.218272
0.217088
0.218016
0.217312
0.219136
0.219968
0.217728
0.217312
0.217504
0.217792
0.217088
0.218880
0.219296
0.217824
0.218432
0.227328
0.218688
0.219136
0.218912
0.217088
0.218112
0.217344
0.217536
0.217408
0.218944
0.218848
0.231424
0.235328
0.219136
0.217408
0.218304
0.217184
0.218656
0.219136
0.218848
0.217568
0.218240
0.217504
0.217536
0.217312
0.218048
0.217376
0.216928
0.217248
0.217472
0.218272
0.217536
0.217504
0.217088
0.218080
0.227680
0.218720
0.217408
0.218720
0.217088
0.217984
0.217376
0.218080
0.219488
0.218912
0.218080
0.218048
0.218912
0.218976
0.371200
0.341472
0.357248
0.219200
0.217792
0.219136
0.220736
0.219072
0.217120
0.235520
0.218752
0.218208
0.217216
0.219584
0.219136
0.218016
0.217408
0.217952
0.217376
0.218016
0.218656
0.217408
0.217152
0.217632
0.217536
0.217344
0.217088
0.217984
0.217696
0.217120
0.217312
0.218784
0.218752
0.217376
0.222560
0.219104
0.218720
0.218112
0.217696
0.217344
0.217504
0.217600
0.217088
0.217504
0.217888
0.217440
0.217504
0.218464
0.218912
0.217248
0.217664
0.217088
0.217536
0.217856
0.218368
0.217152
0.217600
0.217472
0.217792
0.217088
0.218688
0.218048
0.217728
0.217248
0.217536
0.217504
0.217152
0.217920
0.217632
0.217824
0.217280
0.477280
0.220544
0.219136
0.218592
0.217280
0.218240
0.217312
0.218112
0.217088
0.217248
0.217088
0.217408
0.218080
0.218240
0.217376
0.217760
0.251104
0.218880
0.217248
0.217504
0.217600
0.217088
0.217920
0.217760
0.217664
0.217184
0.218112
0.217472
0.217440
0.218144
0.219232
0.217920
0.218080
0.217920
0.218976
0.219040
0.219104
0.218080
0.218336
0.217344
0.217536
0.218688
0.218560
0.217344
0.218336
0.218304
0.217632
0.217216
0.217600
0.217696
0.217248
0.218176
0.217408
0.218688
0.218496
0.218144
0.217408
0.217248
0.217312
0.217984
0.217600
0.217568
0.217120
0.218016
0.217344
0.218432
0.218208
0.217280
0.217120
0.218368
0.217216
0.217600
0.217408
0.217536
0.217920
0.218304
0.218208
0.217504
0.217088
0.217664
0.217184
0.217472
0.217536
0.217888
0.218240
0.217568
0.218464
0.217472
0.218240
0.217632
0.218112
0.217632
0.217952
0.218496
0.217440
0.217472
0.217376
0.217440
0.217312
0.217376
0.217888
0.217696
0.217728
0.217088
0.217184
0.217344
0.336544
0.219136
0.217568
0.218304
0.217248
0.218368
0.217472
0.217696
0.217568
0.217760
0.217088
0.218304
0.218016
0.217312
0.217152
0.217568
0.219936
0.219968
0.217760
0.218304
0.218144
0.217632
0.217408
0.217280
0.218720
0.217376
0.217280
0.217344
0.218016
0.217088
0.217600
0.218496
0.217088
0.218080
0.217376
0.218688
0.217472
0.217472
0.217216
0.217088
0.218304
0.217152
0.217696
0.217184
0.218208
0.217344
0.218112
0.217536
0.217440
0.217536
0.217696
0.218176
0.217440
0.217504
0.218176
0.366688
0.354112
0.218112
0.218464
0.217472
0.225888
0.219136
0.218208
0.218496
0.217344
0.218432
0.217376
0.217728
0.219264
0.218048
0.219072
0.217568
0.219808
0.219328
0.218752
0.217536
0.217088
0.218144
0.217120
0.217088
0.217728
0.217344
0.217440
0.217472
0.217536
0.218176
0.221248
0.217440
0.217248
0.218176
0.217216
0.217376
0.217728
0.218176
0.217408
0.217472
0.217312
0.217280
0.218144
0.217408
0.217536
0.217376
0.217280
0.217376
0.218656
0.218272
0.479232
0.220288
0.219136
0.218944
0.217408
0.217568
0.218432
0.217088
0.217568
0.217248
0.218080
0.217408
0.217248
0.217376
0.217344
0.218368
0.217536
0.218464
0.217312
0.217120
0.219456
0.218400
0.217312
0.217088
0.217920
0.217280
0.218496
0.217152
0.218080
0.217472
0.217504
0.217184
0.217376
0.217568
0.217664
0.217344
0.217632
0.217344
0.218816
0.218496
0.217344
0.217984
0.218208
0.217600
0.218176
0.217056
0.218144
0.217344
0.217152
0.218400
0.217152
0.218464
0.217632
0.217184
0.217536
0.217600
0.217568
0.217408
0.217536
0.218240
0.217376
0.218272
0.217728
0.217856
0.217440
0.217440
0.218144
0.217440
0.217504
0.217312
0.218496
0.217088
0.217696
0.218112
0.217888
0.217216
0.217280
0.217536
0.217280
0.217568
0.218016
0.219232
0.218208
0.217952
0.217120
0.217120
0.218240
0.217568
0.218688
0.217664
0.217472
0.217248
0.217344
0.217440
0.217440
0.217600
0.217152
0.217216
0.217344
0.217504
0.217248
0.218112
0.217184
0.217984
0.217184
0.217216
0.217408
0.217504
0.217312
0.217856
0.217280
0.217568
0.215360
0.216512
0.215680
0.217504
0.216960
0.217312
0.216704
0.216096
0.215232
0.216160
0.215264
0.215936
0.215808
0.215808
0.215744
0.215872
0.216128
0.215584
0.215264
0.215392
0.216352
0.215488
0.216512
0.215424
0.215200
0.216000
0.215520
0.216096
0.215104
0.216576
0.215520
0.215616
0.215136
0.216576
0.215200
0.215424
0.215552
0.215808
0.216128
0.215808
0.215296
0.215648
0.215520
0.215328
0.215456
0.216224
0.215328
0.216320
0.215360
0.215488
0.215424
0.215680
0.215040
0.216288
0.215488
0.215712
0.215456
0.215744
0.215712
0.216192
0.215488
0.216352
0.216288
0.215072
0.216352
0.215584
0.215968
0.216352
0.215104
0.216160
0.215552
0.215776
0.216000
0.215552
0.215392
0.216320
0.215456
0.215456
0.215392
0.216128
0.216288
0.332288
0.216832
0.216640
0.216064
0.216064
0.215616
0.215488
0.215520
0.215840
0.216224
0.215584
0.215616
0.215168
0.216288
0.216864
0.235232
0.231680
0.216032
0.226080
0.215584
0.216704
0.215744
0.215680
0.216000
0.216544
0.215584
0.215648
0.215104
0.228992
0.216864
0.216032
0.215328
0.216736
0.215680
0.215520
0.215552
0.216128
0.215488
0.230144
0.217088
0.215488
0.216160
0.215520
0.216064
0.215104
0.215520
0.216288
0.215392
0.216320
0.215296
0.215872
0.216448
0.215040
0.216064
0.215264
0.216000
0.215616
0.216224
0.216416
0.235520
0.216992
0.216384
0.216288
0.215520
0.215424
0.215808
0.215456
0.215072
0.362208
0.337728
0.350816
0.217344
0.215712
0.215584
0.216768
0.215680
0.215264
0.216160
0.215232
0.216096
0.215712
0.215424
0.215808
0.215072
0.215808
0.215680
0.215904
0.215648
0.215904
0.216416
0.215264
0.215360
0.216096
0.215360
0.217184
0.217088
0.216704
0.215968
0.215776
0.215488
0.215712
0.215904
0.216064
0.215296
0.216512
0.216576
0.215040
0.216000
0.215424
0.215744
0.215968
0.215328
0.215776
0.215296
0.216160
0.215424
0.216224
0.215680
0.215584
0.215648
0.216352
0.215424
0.215840
0.216064
0.215808
0.216512
0.216320
0.215424
0.216448
0.215168
0.216096
0.216032
0.215648
0.216608
0.215264
0.215360
0.216608
0.216096
0.215808
0.215328
0.215232
0.217088
0.215744
0.216352
0.216704
0.216032
0.216928
0.216928
0.215904
0.215360
0.215584
0.215232
0.215648
0.216288
0.215264
0.216192
0.215200
0.215584
0.226624
0.216640
0.216960
0.216544
0.215200
0.215328
0.215296
0.215488
0.216192
0.217632
0.216192
0.215616
0.215680
0.215328
0.215264
0.216320
0.215200
0.215904
0.215776
0.215392
0.224608
0.216288
0.215776
0.216064
0.215456
0.215584
0.215552
0.215904
0.215264
0.215872
0.215328
0.216128
0.216160
0.215744
0.216224
0.215584
0.215392
0.215424
0.234400
0.217024
0.216864
0.215904
0.215328
0.215936
0.216000
0.215040
0.215968
0.215680
0.215296
0.216000
0.215840
0.216320
0.215040
0.216000
0.216608
0.215200
0.229216
0.216320
0.216352
0.332192
0.217376
0.215328
0.215360
0.216864
0.218688
0.218080
0.215424
0.215424
0.215712
0.215296
0.215520
0.215136
0.216256
0.402944
0.339520
0.352256
0.217088
0.216512
0.215488
0.215328
0.216032
0.215424
0.215872
0.216384
0.216544
0.215136
0.216128
0.215424
0.215680
0.216096
0.215808
0.216320
0.216192
0.215296
0.215040
0.215840
0.215552
0.215424
0.215328
0.215040
0.216576
0.215488
0.345952
0.217440
0.229600
0.215968
0.216000
0.215808
0.215840
0.215456
0.215360
0.215680
0.215488
0.214912
0.213792
0.214080
0.213440
0.214112
0.214272
0.213536
0.214400
0.213344
0.213824
0.213184
0.213952
0.214432
0.213664
0.213440
0.213344
0.213248
0.213568
0.214048
0.213696
0.213408
0.213504
0.213440
0.213280
0.213920
0.213440
0.213728
0.212992
0.213984
0.215328
0.216096
0.213280
0.214272
0.213120
0.214048
0.470528
0.216832
0.215424
0.213376
0.214976
0.214176
0.213632
0.213440
0.213440
0.213440
0.213440
0.244288
0.357216
0.335584
0.430080
0.214336
0.213760
0.213568
0.213312
0.213792
0.213216
0.214336
0.214976
0.213632
0.213664
0.213408
0.214368
0.213440
0.213952
0.213376
0.214496
0.213088
0.214400
0.213120
0.213568
0.214144
0.213440
0.212992
0.213632
0.214112
2244.694365
