0.226432
0.219840
0.220320
0.221056
0.221152
0.220512
0.219520
0.219488
0.219360
0.219392
0.219552
0.219232
0.219328
0.219488
0.219360
0.219552
0.219328
0.220224
0.219168
0.220512
0.220160
0.219456
0.220576
0.220672
0.231616
0.227328
0.241408
0.215040
0.233280
0.229856
0.215424
0.214112
0.213152
1.378048
0.215040
0.214752
0.214656
0.213024
0.213344
0.214240
0.212992
0.213952
0.213344
0.213344
0.213120
0.213888
0.213088
0.363968
0.213600
0.547520
0.215040
0.214304
0.213280
0.214528
0.214176
0.215424
0.215168
0.214624
0.228416
0.329664
0.214240
0.214624
0.215264
0.215232
0.214656
0.214176
0.213440
0.213440
0.214176
0.213472
0.213056
0.213184
0.213504
0.213792
0.213344
0.213568
0.213856
0.213280
0.213504
0.213408
0.213120
0.213344
0.217984
0.214944
0.213760
0.214400
0.471200
0.214048
0.213472
0.213312
0.213056
0.213600
0.213408
0.213312
0.214080
0.213152
0.213984
0.214368
0.214112
0.211968
0.211712
0.212352
0.212384
0.211296
0.211616
0.211424
0.211456
0.211648
0.211968
0.211808
0.211680
0.212320
0.211296
0.212416
0.212224
0.211424
0.211840
0.212000
0.211520
0.211520
0.212640
0.211200
0.212608
0.211648
0.211808
0.212224
0.211616
0.211616
0.211776
0.212192
0.211488
0.211392
0.355168
0.332160
0.216224
0.569952
0.212992
0.212384
0.211456
0.211776
0.212640
0.212640
0.211392
0.211808
0.211360
0.211136
0.211808
0.212256
0.212800
0.212448
0.212352
0.211712
0.466304
0.214592
0.213472
0.211456
0.212352
0.212608
0.211360
0.211680
0.213088
0.213184
0.215232
0.222560
0.211680
0.228352
0.228800
0.212416
0.211360
0.213024
0.212992
0.212576
0.211424
0.212096
0.212032
0.211456
0.212000
0.211712
0.211840
0.212096
0.211584
0.212992
0.212480
0.223904
0.228064
0.211776
0.212672
0.212896
0.212416
0.212544
0.211392
0.211424
0.211872
0.211424
0.211776
0.211680
0.212320
0.211264
0.212256
0.211168
0.211328
0.212640
0.212992
0.212992
0.211264
0.212608
0.211424
0.211424
0.212096
0.211264
0.211360
0.211232
0.211328
0.212544
0.211392
0.211840
0.212096
0.212544
0.212224
0.211712
0.212288
0.212800
0.211968
0.211968
0.211808
0.212352
0.212064
0.211328
0.212448
0.212224
0.212704
0.212128
0.211424
0.212544
0.212448
0.211520
0.211744
0.212928
0.214848
0.212896
0.211872
0.212224
0.211968
0.212096
0.211296
0.211936
0.212384
0.212512
0.212160
0.211392
0.211776
0.211424
0.211584
0.212640
0.212416
0.212704
0.211328
0.213792
0.212864
0.211904
0.212896
0.212896
0.225888
0.213600
0.212960
0.212992
0.213984
0.212640
0.212512
0.212768
0.212448
0.211616
0.210944
0.211840
0.217088
0.339808
0.212800
0.212512
0.211488
0.213760
0.212992
0.213632
0.214112
0.213248
0.213120
0.213280
0.214432
0.213152
0.212832
0.213216
0.214368
0.213120
0.213600
0.227328
0.214528
0.213504
0.213440
0.213536
0.359360
0.333888
0.438176
0.214368
0.214368
0.213504
0.213152
0.213280
0.214144
0.213408
0.215040
0.215392
0.215360
0.215168
0.229376
0.224896
0.214496
0.215040
0.214048
0.213504
0.214560
0.213184
0.214144
0.213152
0.214080
0.214208
0.213536
0.214144
0.213472
0.214432
0.213664
0.214016
0.213440
0.213440
0.213088
0.213184
0.213632
0.214464
0.214592
0.213056
0.214304
0.213536
0.213504
0.214400
0.213216
0.214112
0.213312
0.213664
0.214176
0.213440
0.214432
0.213536
0.214464
0.213568
0.213920
0.213408
0.213632
0.213120
0.213504
0.214016
0.213184
0.214112
0.212992
0.214528
0.234368
0.214688
0.213536
0.472832
0.217088
0.215168
0.214016
0.213632
0.214240
0.213408
0.213760
0.214080
0.213760
0.213632
0.213856
0.213696
0.214592
0.213728
0.213824
0.213472
0.213792
0.213792
0.214112
0.213472
0.213440
0.213440
0.213504
0.212992
0.214048
0.213344
0.213408
0.213440
0.213600
0.213344
0.213184
0.214496
0.213472
0.213696
0.213248
0.213184
0.214080
0.213376
0.213760
0.213408
0.213632
0.212992
0.214624
0.213760
0.213120
0.214272
0.213248
0.213856
0.214048
0.227968
0.215328
0.215200
0.213856
0.213888
0.214688
0.213248
0.213280
0.213408
0.215136
0.214464
0.219104
0.213312
0.214400
0.213088
0.225312
0.214656
0.223744
0.213728
0.214784
0.214496
0.364352
0.214592
0.214048
0.213024
0.213568
0.214272
0.213312
0.214368
0.213216
0.214208
0.213440
0.214368
0.213312
0.214272
0.213056
0.213568
0.214688
0.214560
0.213120
0.214496
0.214592
0.214112
0.215232
0.215552
0.216864
0.215008
0.214848
0.220704
0.367520
0.334016
0.214912
0.493504
0.214976
0.213440
0.213920
0.214336
0.213088
0.213856
0.214176
0.213216
0.213280
0.213632
0.214208
0.213440
0.212992
0.213344
0.213984
0.213152
0.214496
0.213376
0.213312
0.213408
0.213120
0.214560
0.213568
0.214048
0.213632
0.214368
0.214592
0.213280
0.213504
0.214720
0.213824
0.213376
0.214240
0.213408
0.218464
0.214720
0.477184
0.215968
0.219072
0.222816
0.222720
0.214944
0.215392
0.214720
0.214528
0.214080
0.213568
0.213728
0.213376
0.213600
0.213088
0.214304
0.213888
0.213152
0.213664
0.213216
0.213600
0.213440
0.213152
0.214112
0.214336
0.213344
0.213248
0.213664
0.214368
0.214400
0.213440
0.214208
0.213312
0.227584
0.214688
0.214304
0.213376
0.213216
0.214368
0.213504
0.213952
0.214176
0.213504
0.213152
0.213504
0.214048
0.214304
0.213248
0.214048
0.213312
0.213632
0.213856
0.235712
0.213440
0.214752
0.213472
0.213408
0.215264
0.213184
0.213888
0.230080
0.214688
0.214848
0.215776
0.214656
0.235744
0.214624
0.329600
0.214880
0.214944
0.214176
0.213440
0.213568
0.213376
0.213632
0.213792
0.213440
0.213600
0.213952
0.213408
0.213504
0.213024
0.213600
0.213408
0.213216
0.214272
0.213632
0.213920
0.214656
0.215040
0.214304
0.213696
0.213600
0.214528
0.213152
0.213792
0.213312
0.213312
0.214368
0.214400
0.215104
0.215040
0.215136
0.215776
0.217088
0.221760
0.232608
0.213856
0.213536
0.214464
0.213888
0.214304
0.213056
0.213824
0.213344
0.213376
0.213280
0.214016
0.214112
0.213408
0.214144
0.213760
0.371680
0.334688
0.491552
0.215392
0.213280
0.214304
0.215232
0.215072
0.216544
0.215616
0.216480
0.216352
0.215936
0.215456
0.215456
0.216064
0.215840
0.215520
0.216256
0.215392
0.215584
0.475200
0.217664
0.217088
0.216448
0.215200
0.215680
0.216640
0.215424
0.215712
0.215392
0.215232
0.216224
0.215744
0.215744
0.215104
0.216384
0.215136
0.215040
0.215712
0.215872
0.215552
0.215392
0.215520
0.216000
0.216064
0.215648
0.215680
0.216352
0.215456
0.216128
0.215072
0.215520
0.215232
0.215072
0.216288
0.216416
0.215520
0.215456
0.215648
0.215840
0.215040
0.215104
0.215424
0.216064
0.215296
0.215840
0.216128
0.215712
0.216480
0.216160
0.215488
0.215424
0.215744
0.216288
0.216096
0.215648
0.216672
0.215072
0.216032
0.215552
0.215680
0.216128
0.215744
0.216288
0.215648
0.215616
0.216576
0.227424
0.216032
0.215808
0.216928
0.216288
0.215456
0.215488
0.216160
0.215456
0.215040
0.215552
0.216096
0.215584
0.216256
0.215552
0.215328
0.216128
0.215776
0.221120
0.216480
0.215040
0.216192
0.215232
0.215744
0.216064
0.215680
0.215456
0.215968
0.215840
0.216320
0.215488
0.215424
0.215360
0.215712
0.215232
0.217056
0.217760
0.216832
0.247008
0.237760
0.216768
0.227776
0.232096
0.221152
0.239232
0.217024
0.216640
0.215200
0.216160
0.215552
0.216192
0.215712
0.216960
0.215904
0.216608
0.217088
0.216896
0.216320
0.215616
0.216288
0.215456
0.215872
0.215392
0.216160
0.215392
0.215296
0.215072
0.215488
0.215200
0.216768
0.215328
0.216416
0.234112
0.215968
0.331776
0.216864
0.216128
0.215488
0.215328
0.215360
0.216000
0.216960
0.216416
0.215328
0.216032
0.216128
0.215424
0.216160
0.245056
0.216704
0.215136
0.216768
0.215936
0.215040
0.215584
0.215168
0.215712
0.215904
0.215616
0.216160
0.215296
0.215904
0.215904
0.215776
0.215424
0.216256
0.215744
0.215968
0.216192
0.216096
0.215104
0.215264
0.215488
0.215552
0.215776
0.215424
0.215616
0.215968
0.215584
0.216096
0.215456
0.215648
0.215232
0.216096
0.215520
0.215712
0.216864
0.215392
0.215744
0.215424
0.215200
0.215744
0.215232
0.216192
0.216256
0.215360
0.216288
0.215680
0.216064
0.216384
0.215264
0.215904
0.215232
0.215488
0.215616
0.216064
0.215552
0.216128
0.216064
0.231232
0.216736
0.363776
0.352064
0.351680
0.217184
0.216736
0.352256
0.216704
0.215968
0.217024
0.216192
0.371584
0.355936
0.435840
0.217120
0.215744
0.216416
0.216992
0.216160
0.216384
0.217088
0.217088
0.217024
0.217312
0.216992
0.366560
0.216672
0.218816
0.219136
0.217856
0.216640
0.216352
0.215424
0.215584
0.216608
0.217440
0.216480
0.218432
0.216000
0.233600
0.215840
0.216768
0.216384
0.215392
0.215488
0.216096
0.215616
0.215360
0.216256
0.215456
0.216000
0.215584
0.215776
0.216352
0.215200
0.215360
0.215520
0.216608
0.215488
0.215680
0.216160
0.216160
0.215552
0.216832
0.215360
0.476896
0.217120
0.231424
0.217088
0.216672
0.216736
0.217088
0.215584
0.216672
0.216768
0.227296
0.234272
0.216256
0.216192
0.215552
0.216096
0.215360
0.215904
0.216032
0.215680
0.216800
0.216544
0.216416
0.360448
0.364928
0.429184
0.216704
0.215552
0.215392
0.358400
0.339104
0.362656
0.217088
0.215424
0.216288
0.215584
0.216384
0.216448
0.215776
0.215328
0.216224
0.215296
0.216128
0.216480
0.216288
0.215360
0.213504
0.214400
0.212992
0.214304
0.213312
0.214496
0.213504
0.213440
0.213440
0.213696
0.214656
0.213408
0.214080
0.213568
0.213792
0.214688
0.215424
0.235040
0.216992
0.217088
0.217024
0.229376
0.216256
0.216672
0.214784
0.214240
0.213824
0.214560
0.214080
0.213696
0.214144
0.214016
0.213760
0.214016
0.213280
0.214496
0.213280
0.213792
0.214432
0.213280
0.214080
0.213184
0.214176
0.213536
0.214208
0.213344
0.214208
0.213568
0.213312
0.213312
0.213632
0.213568
0.214304
0.213248
0.214208
0.213600
0.214912
0.215360
0.215968
0.215072
0.214784
0.213600
0.214720
0.214752
0.214336
0.213888
0.213664
0.214560
0.213664
0.214144
0.213696
0.214464
0.213344
0.213568
0.214112
0.213248
0.213632
0.213088
0.213568
0.214272
0.213408
0.214336
0.214304
0.213184
0.214112
0.213472
0.214528
0.214592
0.214080
0.213792
0.213824
0.214400
0.213088
0.214144
0.213472
0.214112
0.213696
0.213280
0.213792
0.329216
0.214784
0.213056
0.214464
0.213408
0.213280
0.213536
0.214016
0.213696
0.213344
0.213312
0.213312
0.214144
0.214080
0.213088
0.213120
0.214272
0.214208
0.214144
0.213600
0.213664
0.214656
0.213696
0.213376
0.213856
0.214496
0.214496
0.214080
0.213760
0.214464
0.214176
0.213536
0.214176
0.213312
0.213280
0.213600
0.214368
0.213184
0.213792
0.214752
0.215072
0.214080
0.213760
0.213344
0.214272
0.213440
0.361152
0.335392
0.517600
0.213856
0.213664
0.214624
0.214400
0.213504
0.213568
0.214464
0.214272
0.214336
0.469664
0.215040
0.215424
0.213440
0.213472
0.213408
0.213472
0.213536
0.213312
0.213920
0.214560
0.213472
0.214048
0.213696
0.214528
0.213376
0.214400
0.213344
0.214272
0.214880
0.215072
0.215424
0.215392
0.215456
0.216448
0.215296
0.216384
0.215392
0.216640
0.215680
0.216000
0.216192
0.216512
0.215360
0.216064
0.216224
0.215104
0.216608
0.216288
0.215680
0.215584
0.216256
0.215520
0.216192
0.215392
0.217440
0.217632
0.216960
0.218240
0.217088
0.215776
0.217088
0.216896
0.216992
0.216608
0.217088
0.217056
0.216352
0.215968
0.216192
0.215360
0.216128
0.216128
0.217824
0.217248
0.216256
0.216224
0.215680
0.215936
0.215360
0.216064
0.215648
0.215264
0.216576
0.215520
0.215232
0.215648
0.215168
0.216288
0.215424
0.216128
0.215392
0.216032
0.215168
0.215136
0.216000
0.215392
0.215712
0.216224
0.215360
0.215744
0.215424
0.215392
0.215616
0.215360
0.215776
0.215808
0.216320
0.215552
0.215168
0.216224
0.215232
0.216640
0.215424
0.216160
0.215680
0.216288
0.215392
0.215968
0.219296
0.216960
0.215840
0.216032
0.216640
0.215232
0.216256
0.215040
0.215616
0.215968
0.216320
0.215456
0.215840
0.215744
0.215264
0.215264
0.215616
0.215200
0.216480
0.216064
0.215840
0.215744
0.216256
0.215200
0.215488
0.216256
0.215616
0.216608
0.216384
0.215520
0.216096
0.215328
0.216384
0.215488
0.216224
0.215584
0.216608
0.216128
0.216128
0.215328
0.216448
0.215392
0.215680
0.215648
0.216288
0.215648
0.215584
0.215616
0.215680
0.216128
0.215840
0.218016
0.215680
0.216288
0.215392
0.215424
0.216672
0.215520
0.215840
0.215776
0.216352
0.215456
0.215744
0.222624
0.216896
0.216224
0.215680
0.216544
0.216608
0.216704
0.216384
0.215328
0.215552
0.216096
0.215616
0.216672
0.215392
0.215360
0.215552
0.215360
0.216000
0.215488
0.215424
0.215904
0.216192
0.215488
0.215808
0.215392
0.215840
0.215872
0.216096
0.217248
0.217920
0.216928
0.218336
0.216832
0.215328
0.216288
0.217184
0.217152
0.216096
0.216352
0.215840
0.215904
0.215424
0.215232
0.215168
0.215744
0.216320
0.215488
0.216160
0.216256
0.215424
0.216224
0.215712
0.215552
0.216096
0.215712
0.216960
0.216224
0.215360
0.216128
0.215616
0.215424
0.216320
0.215264
0.216672
0.215232
0.333792
0.216832
0.215488
0.215904
0.215872
0.216704
0.215168
0.216000
0.215712
0.216608
0.216160
0.215712
0.216480
0.216512
0.215040
0.215904
0.215488
0.215744
0.215200
0.216032
0.215456
0.215648
0.216384
0.215136
0.216576
0.216064
0.216672
0.215392
0.216000
0.216320
0.216320
0.215264
0.216064
0.215744
0.215456
0.216256
0.215328
0.216256
0.216032
0.215392
0.216320
0.215424
0.215296
0.215840
0.216576
0.216128
0.215712
0.215552
0.216096
0.215616
0.216096
0.215296
0.216416
0.215168
0.216128
0.215968
0.215744
0.215520
0.215424
0.215392
0.215840
0.224768
0.216352
0.215392
0.215488
0.216640
0.364544
0.352896
0.217088
0.216320
0.215584
0.216224
0.215488
0.215936
0.216224
0.215616
0.216640
0.216544
0.217280
0.215712
0.215360
0.215168
0.215552
0.215360
0.216544
0.216352
0.215168
0.216160
0.215360
0.215456
0.216736
0.215040
0.216448
0.215232
0.215264
0.216032
0.215968
0.215488
0.216096
0.215616
0.216576
0.216800
0.217024
0.215168
0.215424
0.215808
0.215520
0.215488
0.215808
0.215488
0.215936
0.217344
0.217344
0.222464
0.215616
0.221184
0.259776
0.217568
0.216064
0.227008
0.217248
0.217472
0.216480
0.215936
0.215392
0.477024
0.217600
0.218304
0.215136
0.216736
0.216608
0.216224
0.216192
0.215456
0.216064
0.215584
0.215424
0.215488
0.216032
0.215264
0.216128
0.216064
0.215424
0.215296
0.215776
0.236896
0.215488
0.215840
0.215936
0.215840
0.215904
0.216096
0.215872
0.215744
0.215232
0.215584
0.215328
0.215520
0.215584
0.215904
0.215392
0.215232
0.216288
0.215360
0.215616
0.216064
0.216064
0.215264
0.215392
0.215616
0.216160
0.215424
0.215712
0.215456
0.215520
0.216768
0.215328
0.216192
0.215040
0.215520
0.215680
0.216224
0.215520
0.216000
0.215904
0.216576
0.215328
0.215712
0.215712
0.215520
0.215264
0.215136
0.215744
0.215200
0.215776
0.215456
0.215776
0.215072
0.216192
0.215040
0.215680
0.216128
0.215872
0.216704
0.216064
0.216192
0.215712
0.216128
0.215584
0.215456
0.215232
0.216736
0.217152
0.215520
0.215456
0.215456
0.215712
0.215136
0.215040
0.216128
0.215776
0.215936
0.341504
0.216736
0.215456
0.215840
0.217504
0.217472
0.360448
0.350208
0.218368
0.217664
0.217152
0.217088
0.217888
0.217696
0.218400
0.217344
0.217088
0.217088
0.217152
0.217280
0.217120
0.217280
0.218176
0.217408
0.218240
0.217376
0.217760
0.217344
0.217248
0.217376
0.218688
0.218432
0.217184
0.218272
0.219840
0.219584
0.219328
0.218816
0.218656
0.220512
0.218976
0.218784
0.218176
0.220288
0.477696
0.219808
0.219104
0.238080
0.218016
0.217888
0.217152
0.217440
0.217472
0.217984
0.218912
0.218400
0.217696
0.217152
0.217984
0.217312
0.217600
0.217568
0.217696
0.218272
0.218848
0.218592
0.228032
0.218496
0.217824
0.217728
0.217280
0.217600
0.217984
0.217472
0.217312
0.217984
0.217568
0.218272
0.217536
0.217504
0.217792
0.217728
0.218176
0.221760
0.218496
0.218240
0.217632
0.217984
0.217632
0.217280
0.218432
0.217088
0.217952
0.218208
0.217696
0.217408
0.217696
0.218400
0.217248
0.218528
0.231424
0.218656
0.218656
0.217536
0.217600
0.217088
0.217664
0.217440
0.217504
0.217376
0.218560
0.218272
0.217184
0.217152
0.218528
0.217248
0.217472
0.217312
0.226400
0.217856
0.217344
0.217376
0.217856
0.218336
0.217312
0.217280
0.218272
0.217248
0.217568
0.217184
0.218496
0.217184
0.217536
0.217504
0.217088
0.217344
0.218336
0.217312
0.217216
0.217760
0.217440
0.217664
0.217344
0.217984
0.217568
0.217152
0.217408
0.234720
0.228352
0.223520
0.235392
0.219264
0.218432
0.217088
0.217216
0.218368
0.217440
0.217536
0.218656
0.217248
0.218432
0.218208
0.217120
0.217984
0.217280
0.217088
0.217664
0.218016
0.217600
0.217408
0.217504
0.217728
0.217856
0.217632
0.217088
0.217440
0.217152
0.217984
0.231648
0.230656
0.219040
0.218592
0.218400
0.217440
0.217536
0.217312
0.217504
0.217824
0.217760
0.217376
0.217696
0.217152
0.217664
0.217664
0.217440
0.218304
0.217504
0.217728
0.218656
0.217184
0.217952
0.218176
0.217472
0.217312
0.218432
0.218496
0.217376
0.217536
0.217088
0.217344
0.217344
0.217600
0.217088
0.217568
0.217504
0.217056
0.217632
0.217376
0.217376
0.217824
0.217184
0.217504
0.218400
0.217376
0.218112
0.217408
0.217440
0.218432
0.229856
0.219424
0.218880
0.217440
0.217504
0.217248
0.217760
0.218112
0.217184
0.217280
0.217824
0.217152
0.217760
0.217472
0.217792
0.217696
0.218112
0.217536
0.217088
0.217984
0.217536
0.217088
0.217888
0.217696
0.217440
0.217344
0.218336
0.217440
0.218208
0.217312
0.218368
0.217472
0.217504
0.218272
0.217280
0.218048
0.217408
0.217312
0.217600
0.217216
0.217888
0.218112
0.217568
0.217248
0.218144
0.217504
0.217792
0.217120
0.218112
0.218112
0.217664
0.217088
0.217920
0.217376
0.217824
0.217440
0.217408
0.217504
0.217856
0.217088
0.218656
0.217920
0.337024
0.218112
0.217600
0.217408
0.218656
0.217440
0.218496
0.217248
0.218176
0.217504
0.217984
0.217984
0.217440
0.217632
0.217088
0.217952
0.217504
0.217504
0.217312
0.217216
0.217184
0.218272
0.218560
0.495616
0.353152
0.219136
0.217184
0.218048
0.217664
0.217536
0.217696
0.217152
0.217984
0.218592
0.485760
0.221632
0.220512
0.217664
0.217312
0.218656
0.238336
0.228576
0.218048
0.218944
0.219072
0.217984
0.217280
0.218048
0.217760
0.217376
0.217920
0.218656
0.217664
0.218848
0.217632
0.218240
0.218432
0.218528
0.217408
0.218112
0.217632
0.217312
0.217984
0.218048
0.217344
0.217856
0.217536
0.217632
0.218112
0.218272
0.222752
0.217312
0.215072
0.215392
0.216096
0.215648
0.216064
0.215328
0.215968
0.215168
0.216160
0.216864
0.215040
0.216256
0.215424
0.216288
0.216384
0.215104
0.215232
0.216032
0.215584
0.216480
0.215360
0.216192
0.216640
0.215040
0.216448
0.215360
0.215232
0.216000
0.215648
0.216512
0.215936
0.218688
0.218560
0.221344
0.217408
0.218048
0.216672
0.216064
0.215840
0.215520
0.215840
0.215200
0.216032
0.217088
0.216800
0.216160
0.215360
0.215744
0.216576
0.215136
0.216096
0.215552
0.216448
0.215616
0.216352
0.215168
0.215488
0.215680
0.215424
0.215520
0.215104
0.215296
0.216192
0.215520
0.216064
0.215264
0.216192
0.215200
0.216512
0.216416
0.215040
0.249600
0.215520
0.215232
0.215680
0.215104
0.216064
0.215584
0.215712
0.215392
0.215584
0.215296
0.216160
0.215712
0.215424
0.215808
0.216256
0.215104
0.216128
0.215648
0.216128
0.215488
0.215168
0.215744
0.216096
0.215520
0.215648
0.215104
0.215712
0.216640
0.215360
0.216032
0.215232
0.215456
0.216160
0.215424
0.215392
0.216480
0.216672
0.215392
0.247776
0.218080
0.218176
0.217216
0.216352
0.221408
0.223200
0.238784
0.216288
0.215552
0.215776
0.216032
0.215392
0.215776
0.215264
0.216288
0.215712
0.215776
0.215456
0.215520
0.215584
0.216032
0.215904
0.215584
0.215776
0.215200
0.215616
0.216544
0.215392
0.215136
0.215808
0.215360
0.215264
0.216608
0.216416
0.215328
0.215616
0.216192
0.215360
0.215360
0.216192
0.215072
0.216224
0.215392
0.215712
0.215072
0.216256
0.215360
0.216064
0.216128
0.215232
0.216256
0.215616
0.215552
0.215808
0.216096
0.215776
0.215616
0.216512
0.215232
0.215424
0.215200
0.216256
0.215392
0.215936
0.215552
0.215840
0.215360
0.215648
0.223008
0.216608
0.215136
0.216064
0.215424
0.216192
0.215648
0.215392
0.215264
0.215520
0.216608
0.215328
0.216032
0.215680
0.215712
0.216704
0.216768
0.218272
0.232672
0.236352
0.216832
0.216352
0.216480
0.216096
0.215840
0.215520
0.215424
0.216000
0.216288
0.215168
0.215392
0.215072
0.215968
0.215456
0.216224
0.216192
0.229568
0.216672
0.215168
0.216128
0.215584
0.215424
0.215648
0.333152
0.216000
0.216736
0.217120
0.216800
0.215072
0.216352
0.216064
0.215392
0.216544
0.215456
0.216000
0.216512
0.216448
0.215328
0.215840
0.215552
0.216288
0.216352
0.215552
0.215296
0.216192
0.215552
0.216448
0.215104
0.216096
0.215168
0.216608
0.215328
0.216448
0.216288
0.216544
0.215328
0.215104
0.216000
0.215712
0.215488
0.215776
0.216992
0.217152
0.220672
0.399360
0.215616
0.350368
0.217440
0.216512
0.215360
0.215520
0.215872
0.216160
0.215648
0.215392
0.216224
0.215584
0.215520
0.214944
0.215616
0.215232
0.215296
0.215424
0.215712
0.215424
0.215776
0.216480
0.215296
0.215200
0.215680
0.215392
0.215872
0.216320
0.215264
0.215360
0.215456
0.215488
0.215360
0.215744
0.215648
0.215808
0.217088
0.215648
0.215552
0.215680
0.215552
0.216192
0.215680
0.215424
0.217408
0.216352
0.215392
0.215360
0.215136
0.215296
0.215488
0.216544
0.215296
0.215392
0.216160
0.215264
0.478720
0.218688
0.216960
0.215936
0.216160
0.215488
0.215488
0.215296
0.216032
0.215520
0.215456
0.215168
0.216064
0.215296
0.215648
0.215296
0.216256
0.216064
0.216064
0.215456
0.215040
0.215296
0.215200
0.215232
0.215520
0.216096
0.215200
0.216096
0.215488
0.216000
0.215168
0.216288
0.215200
0.216128
0.215616
0.215744
0.216736
0.215392
0.215392
0.215520
0.215392
0.215776
0.215200
0.215072
0.216736
0.215040
0.216480
0.215488
0.215680
0.215936
0.216864
0.215360
0.216672
0.225632
0.216576
0.215456
0.215456
0.215552
0.215104
0.215456
0.215936
0.216544
0.215200
0.215520
0.215232
0.215040
0.215872
0.215488
0.215104
0.215360
0.216576
0.216352
0.215520
0.215488
0.215808
0.215488
0.215552
0.215200
0.215584
0.215680
0.216448
0.215040
0.215840
0.217440
0.216160
0.215584
0.215936
0.223648
0.218240
0.229472
0.219136
0.216992
0.216512
0.216320
0.217088
0.216320
0.215520
0.216192
0.215680
0.215680
0.215232
0.216256
0.215232
0.215328
0.216736
0.216352
0.215072
0.216000
0.217152
0.215520
0.216000
0.215456
0.215488
0.216384
0.215616
0.215232
0.215936
0.215232
0.216416
0.215360
0.215264
0.215712
0.215488
0.215968
0.333376
0.217088
0.237536
0.220832
0.216672
0.218656
0.216544
0.216704
0.215232
0.215520
0.215520
0.215424
0.215616
0.214816
0.214848
0.214784
0.214880
0.214944
0.215200
0.215040
0.215040
0.214880
0.214752
0.215040
0.215168
0.214976
0.214688
0.214656
0.215360
0.215072
0.214976
0.215040
0.214976
0.215040
0.215040
0.214944
0.214880
0.215232
0.215136
0.215360
0.214848
0.214784
0.214560
0.214784
0.215456
0.215104
0.214624
0.215040
0.214848
0.215008
0.214048
0.214144
0.215232
0.214656
0.214528
0.235936
0.522240
0.348768
0.215520
0.213888
0.215360
0.215008
0.214848
0.214720
0.215072
0.215104
0.214144
0.214208
0.214176
0.215232
0.215136
0.215520
0.226368
0.215520
0.214112
0.213952
0.214272
0.215456
0.214976
0.214528
0.214112
0.213984
0.214976
0.214368
0.214880
0.214848
0.214848
0.214272
0.215296
0.474464
0.217088
0.216864
0.215424
0.214848
0.214080
0.214272
0.214848
0.214848
0.214688
0.214976
0.215040
0.214848
0.214944
0.215328
0.214656
0.214880
0.214944
0.214368
0.215776
0.216448
0.215328
0.217056
0.235520
0.229504
0.216384
0.216256
0.216096
0.214976
0.215040
0.214848
0.215328
0.215008
0.214944
0.215232
0.215744
0.215008
0.215008
0.214592
0.215200
0.215072
0.215328
0.214784
0.214624
0.214784
0.213920
0.234816
0.231648
0.215264
0.214752
0.214368
0.215360
0.215136
0.215136
0.215008
0.223968
0.216032
0.215040
0.214720
0.215072
0.215072
0.215040
0.214976
0.215040
0.215040
0.215040
0.214784
0.214432
0.214592
0.215040
0.229376
0.216384
0.214816
0.214784
0.215072
0.214272
0.213856
0.214880
0.215040
0.215072
0.215040
0.214592
0.214848
0.215104
0.214048
0.214848
0.215328
0.215040
0.223072
0.215072
0.214656
0.215040
0.215040
0.214912
0.215040
0.215040
0.215936
0.214432
0.214464
0.215040
0.214976
0.215040
0.214944
0.214720
0.215040
0.214912
0.214400
0.215296
0.214880
0.215008
0.215040
0.215040
0.214912
0.214048
0.214720
0.214816
0.215168
0.215040
0.215232
0.214880
0.215104
0.215040
0.214752
0.214944
0.214976
0.215168
0.215552
0.215232
0.215040
0.215136
0.214880
0.215040
0.229184
0.215328
0.215136
0.215136
0.216064
0.214912
0.214848
0.215040
0.215040
0.215040
0.214880
0.215424
0.215040
0.215296
0.215040
0.214880
0.214880
0.214912
0.214624
0.214848
0.214688
0.214656
0.214592
0.215168
0.215072
0.214720
0.215296
0.215168
0.214880
0.215072
0.215008
0.214848
0.215040
0.216224
0.216672
0.216416
0.215520
0.216608
0.216608
0.230976
0.217120
0.216544
0.215168
0.215072
0.215040
0.215168
0.214784
0.222016
0.215360
0.213856
0.214176
0.214848
0.215136
0.215200
0.213792
0.214144
0.214048
0.215008
0.215040
0.215264
0.214848
0.214976
0.215008
0.214976
0.215040
0.215360
0.215040
0.215072
0.214368
0.215040
0.215008
0.213984
0.214976
0.213696
0.240224
0.331776
0.215136
0.215200
0.214720
0.215040
0.215936
0.214080
0.214720
0.215040
0.215168
0.214464
0.214464
0.215008
0.214880
0.214688
0.214912
0.215040
0.214816
0.214848
0.214048
0.214560
0.214784
0.215456
0.215744
0.215040
0.215328
0.230816
0.215040
0.215104
0.215008
0.214976
0.214880
0.215040
0.214112
0.214368
0.215360
0.215040
0.216096
0.215136
0.215136
0.215072
0.214112
0.215040
0.214976
0.215232
0.215584
0.214976
0.214880
0.215040
0.215104
0.215200
0.214752
0.215008
0.214624
0.215136
0.214336
0.214880
0.214624
0.214048
0.214912
0.214912
0.215040
0.215040
0.214976
0.214848
0.214656
0.215008
0.215040
0.215040
0.215008
0.215040
0.214944
0.215040
0.215040
0.397248
0.224128
0.349600
0.215552
0.215168
0.214432
0.215168
0.474944
0.216736
0.216832
0.215264
0.214976
0.214944
0.214880
0.215040
0.214784
0.215104
0.214496
0.214880
0.215232
0.215008
0.214720
0.214944
0.214944
0.215008
0.214720
0.214848
0.215360
0.214656
0.214880
0.215104
0.216128
0.215040
0.214880
0.214848
0.215904
0.216672
0.229984
0.237312
0.217312
0.216384
0.216384
0.215200
0.215040
0.214976
0.216800
0.216576
0.214880
0.214784
0.214528
0.214112
0.214272
0.214432
0.215008
0.215040
0.215040
0.225472
0.229536
0.214464
0.214528
0.214688
0.215040
0.215040
0.214976
0.214784
0.214592
0.215072
0.214400
0.214688
0.215008
0.214848
0.214336
0.214496
0.214624
0.216128
0.216992
0.215040
0.215296
0.214944
0.215040
0.214688
0.214976
0.213792
0.214752
0.215168
0.214944
0.215040
0.214944
0.214496
0.214880
0.214720
0.214944
0.216064
0.215296
0.215040
0.215040
0.214624
0.214528
0.215104
0.214912
0.215040
0.214656
0.215008
0.214176
0.215456
0.213984
0.214304
0.214784
0.215040
0.214976
0.214848
0.215328
0.215232
0.214912
0.213888
0.214848
0.214656
0.215008
0.214752
0.214688
0.213792
0.215040
0.215040
0.214816
0.214976
0.215136
0.215392
0.216960
0.215488
0.215200
0.216096
0.215104
0.214688
0.214432
0.221184
0.215392
0.222784
0.224672
0.221408
0.215552
0.215968
0.216544
0.215264
0.214592
0.214848
0.214144
0.215008
0.215456
0.337632
0.215328
0.215040
0.215104
0.215040
0.215008
0.215040
0.214080
0.215168
0.214752
0.214976
0.214752
0.214816
0.214304
0.393952
0.362496
0.216320
0.215072
0.215008
0.214784
0.215040
0.215104
0.214912
0.214144
0.214816
0.214464
0.214816
0.216320
0.214976
0.214944
0.215072
0.214816
0.214944
0.215392
0.214880
0.215392
0.215712
0.216160
0.217024
0.216096
0.214976
0.228192
0.237344
0.216224
0.215104
0.214912
0.215104
0.215136
0.215008
0.215040
0.215168
0.215296
0.214624
0.214976
0.214752
0.214816
0.234400
0.216800
0.215136
0.215808
0.215040
0.214688
0.215200
0.215104
0.215712
0.215072
0.215040
0.215232
0.215040
0.215264
0.215552
0.215648
0.215104
0.474080
0.224896
0.216960
0.219008
0.221600
0.233088
0.216192
0.366176
0.217632
0.216768
0.217088
0.217088
0.216192
0.215584
0.216160
0.216512
0.216256
0.215488
0.216480
0.217024
0.216480
0.216512
0.215328
0.214784
0.215040
0.215040
0.216416
0.216608
0.217504
0.240704
0.407552
0.220512
0.498208
0.216096
0.215648
0.216768
0.215872
0.215424
0.215104
0.215328
0.215840
0.215424
0.215264
0.216512
0.216192
0.215232
0.215744
0.216544
0.215040
0.215264
0.215200
0.215008
0.215040
0.215072
0.215104
0.214944
0.214624
0.215072
0.214880
0.214688
0.213824
0.215872
0.215040
0.214656
0.214848
0.473088
0.216000
0.216736
0.215040
0.215040
0.215008
0.215168
0.214880
0.214976
0.214848
0.215040
0.227936
0.216576
0.216576
0.216288
0.215136
0.215040
0.214944
0.214592
0.214720
0.214624
0.215040
0.214784
0.215040
0.215232
0.216448
0.215616
0.215072
0.215040
0.214880
0.215008
0.215232
0.215552
0.214720
0.214592
0.214432
0.214976
0.214976
0.214816
0.214912
0.230336
0.248000
0.230880
0.237568
0.216992
0.217056
0.215264
0.235936
0.217216
0.218304
0.215296
0.215072
0.214880
0.214720
0.214144
0.214816
0.214976
0.215040
0.215040
0.214944
0.215168
0.215008
0.215040
0.215072
0.215008
0.214976
0.215040
0.215360
0.215360
0.215040
0.214912
0.214880
0.215424
0.215008
0.215136
0.214848
0.214656
0.214848
0.215264
0.228416
0.227968
0.239872
0.220192
0.215296
0.215072
0.215296
0.215040
0.214944
0.214944
0.215424
0.215712
0.215040
0.215072
0.214272
0.223072
0.237248
0.216032
0.215904
0.214624
0.214688
0.215008
0.214336
0.214144
0.216096
0.218784
0.216544
0.214560
0.214688
0.215328
0.214848
0.214528
0.215296
0.215040
0.215040
0.214080
0.214912
0.214624
0.214976
0.215040
0.214880
0.215040
0.215488
0.215360
0.214368
0.214112
0.215360
0.214976
0.214592
0.215232
0.214656
0.215072
0.214080
0.214400
0.213824
0.214528
0.214848
0.215136
0.214656
0.214976
0.215744
0.238336
0.215136
0.214880
0.215040
0.215040
0.215040
0.215040
0.214688
0.214976
0.215040
0.214880
0.331392
0.215296
0.215136
0.214816
0.215072
0.214624
0.215232
0.215040
0.215232
0.215040
0.214784
0.214848
0.214688
0.215424
0.214880
0.215008
0.214912
0.215104
0.214720
0.214880
0.214816
0.214688
0.214784
0.214848
0.223456
0.216608
0.215904
0.214880
0.215040
0.215136
0.215232
0.215040
0.214880
0.215072
0.214784
0.215008
0.214624
0.214848
0.214944
0.216768
0.216160
0.217440
0.217408
0.216864
0.214528
0.214688
0.215136
0.215648
0.215488
0.214592
0.214752
0.374624
0.335968
0.494144
0.216576
0.215264
0.215520
0.216192
0.473792
0.215968
0.216448
0.215168
0.214656
0.215008
0.215104
0.215168
0.214912
0.214656
0.215008
0.215040
0.215008
0.215040
0.215072
0.216512
0.215712
0.214848
0.214112
0.215040
0.217088
0.214720
0.214976
0.215040
0.215040
0.215008
0.214656
0.215040
0.214816
0.214464
0.215392
0.215104
0.214528
0.227424
0.216064
0.214816
0.216032
0.214944
0.214624
0.215040
0.215136
0.214880
0.214848
0.215072
0.215200
0.215040
0.215008
0.215040
0.215040
0.215104
0.214624
0.215296
0.215392
0.215040
0.215040
0.215008
0.214624
0.215360
0.214912
0.214912
0.214848
0.214720
0.215072
0.215008
0.215008
0.214976
0.214080
0.215104
0.215168
0.215072
0.217120
0.216832
0.215776
0.215424
0.214688
0.214720
0.214848
0.214720
0.214912
0.214944
0.214848
0.215136
0.214528
0.214912
0.215040
0.215040
0.214976
0.215040
0.216032
0.215040
0.214784
0.215072
0.215040
0.215040
0.215008
0.215104
0.215040
0.215040
0.214880
0.214336
0.215072
0.215040
0.215040
0.214784
0.215008
0.214976
0.215040
0.214400
0.215040
0.214848
0.215008
0.214944
0.215040
0.215136
0.214720
0.214624
0.214656
0.215040
0.215232
0.214272
0.214656
0.215040
0.214976
0.214976
0.220960
0.216480
0.215104
0.215552
0.216704
0.216128
0.215968
0.215712
0.215040
0.216704
0.216768
0.237792
0.222144
0.215616
0.216320
0.215040
0.214784
0.214912
0.215168
0.215552
0.214432
0.214720
0.215040
0.214880
0.215680
0.215040
0.214912
0.215136
0.214880
0.214976
0.214912
0.214144
0.215072
0.214112
0.214208
0.215712
0.228832
0.216576
0.214720
0.215136
0.215328
0.215008
0.214976
0.215040
0.214848
0.215328
0.215040
0.217088
0.215040
0.214816
0.214880
0.215008
0.215136
0.215296
0.235616
0.216928
0.215040
0.214752
0.215264
0.215040
0.215008
0.214880
0.214848
0.215168
0.214944
0.215072
0.214272
0.214336
0.215168
0.214944
0.214880
0.215808
0.214112
0.215360
0.215424
0.215296
0.215200
0.214976
0.214880
0.215168
0.215136
0.215040
0.215072
0.215136
0.214752
0.214560
0.214720
0.214944
0.214816
0.215040
0.215040
0.216320
0.215296
0.214880
0.214656
0.215264
0.215040
0.214944
0.215168
0.215360
0.215008
0.214848
0.215136
0.214816
0.215040
0.214720
0.215072
0.214976
0.214944
0.216096
0.215232
0.215040
0.214624
0.215232
0.214848
0.214944
0.215040
0.215424
0.331168
0.215104
0.214304
0.214816
0.214656
0.214848
0.214912
0.215008
0.213984
0.215072
0.215200
0.215744
0.214752
0.215232
0.343936
0.214944
0.214848
0.214656
0.215776
0.215136
0.216224
0.214816
0.214784
0.214240
0.215008
0.215040
0.215072
0.216096
0.219264
0.217280
0.215136
0.214816
0.214432
0.215296
0.214912
0.215616
0.216672
0.216704
0.216800
0.216256
0.215040
0.215392
0.215616
0.215680
0.218976
0.215456
0.214976
0.214656
0.214688
0.214944
0.215008
0.214240
0.215136
0.215040
0.215040
0.215008
0.215008
0.215040
0.215296
0.214688
0.214592
0.215040
0.214976
0.215232
0.407552
0.336608
0.446176
0.235296
0.216928
0.216128
0.215488
0.215168
0.217824
0.216544
0.215296
0.215040
0.215200
0.215328
0.215456
0.216768
0.215648
0.216896
0.216832
0.216608
0.214336
0.229728
0.216064
0.215424
0.215552
0.215712
0.360480
0.216512
0.214944
0.215616
0.215328
0.217792
0.217120
0.215872
0.214912
0.215712
0.214016
0.215008
0.214656
0.214624
0.214656
0.215072
0.214784
0.214912
0.215008
0.215040
0.215008
0.214208
0.223456
0.215168
0.215200
0.215040
0.215040
0.475136
0.219072
0.217088
0.214880
0.215392
0.215040
0.215040
0.214816
0.215008
0.215040
0.214688
0.214464
0.219040
0.215360
0.215296
0.214688
0.214624
0.214624
0.214880
0.214592
0.215200
0.214176
0.214848
0.214752
0.214944
0.215328
0.220224
0.216640
0.215040
0.215936
0.217184
0.217344
0.215296
0.215264
0.214272
0.215520
0.214816
0.364256
0.336448
0.471232
0.216960
0.216064
0.934624
0.215488
0.215104
0.215008
0.215040
0.215008
0.215328
0.214176
0.214784
0.214080
0.214848
0.214816
0.214944
0.214432
0.215808
0.217024
0.222944
0.216992
0.216448
0.216032
0.215040
0.214944
0.215040
0.472576
0.217088
0.217056
0.215296
0.214752
0.213824
0.215072
0.215072
0.214688
0.215136
0.214880
0.214944
0.215392
0.215456
0.214816
0.215008
0.214944
0.215296
0.215008
0.215040
0.215040
0.215104
0.214848
0.215232
0.214528
0.214816
0.225280
0.331392
0.215648
0.215040
0.215296
0.215072
0.215168
0.214976
0.215040
0.215040
0.215040
0.360448
0.214976
0.215328
0.683520
0.215584
0.214880
0.215296
0.215040
0.215072
0.214816
0.215040
0.215264
0.214656
0.214848
0.215136
0.214208
0.214080
0.214848
0.216096
0.215200
0.214784
0.214496
0.214720
0.215040
0.214912
0.215136
0.471936
0.216928
0.216576
0.215136
0.216192
0.215392
0.214976
0.215008
0.214912
0.214592
0.215040
0.214880
0.215040
0.215040
0.214304
0.215296
0.215040
0.217120
0.216800
0.214848
0.214816
0.215040
0.214880
0.214912
0.215168
0.215040
0.214880
0.215040
0.214688
0.214880
0.214848
0.215040
0.215168
0.216128
0.215328
0.215072
0.214976
0.214720
0.214688
0.219680
0.215328
0.215840
0.215200
0.214880
0.215040
0.215008
0.214944
0.214752
0.215200
0.215808
0.217088
0.215808
0.214880
0.214944
0.214976
0.214304
0.214432
0.215040
0.215008
0.214112
0.215584
0.215040
0.214912
0.215040
0.215008
0.214816
0.214720
0.215168
0.215072
0.214784
0.216576
0.216096
0.215808
0.216160
0.226560
0.215040
0.223904
0.216352
0.216736
0.229632
0.215168
0.215296
0.215040
0.214944
0.215712
0.215328
0.216032
0.215168
0.215008
0.215040
0.214720
0.215040
0.215072
0.214784
0.213824
0.214688
0.215072
0.215040
0.215104
0.215200
0.215072
0.213952
0.214240
0.215072
0.216064
0.215008
0.214592
0.214432
0.215040
0.214976
0.214976
0.215808
0.214080
0.215200
0.215008
0.214656
0.214880
0.214976
0.214880
0.214816
0.214784
0.215040
0.216160
0.215200
0.215040
0.214848
0.214848
0.214944
0.215104
0.214944
0.214144
0.213856
0.215136
0.214240
0.215040
0.215040
0.216320
0.216960
0.217088
0.215840
0.215584
0.215040
0.215040
0.215008
0.215136
0.214464
0.215136
0.215040
0.214752
0.214752
0.214880
0.215136
0.214976
0.215040
0.214784
0.214688
0.215040
0.215360
0.215136
0.214048
0.215680
0.213984
0.214848
0.214112
0.215072
0.215040
0.215104
0.214624
0.215520
0.214784
0.214848
0.214208
0.214880
0.215040
0.215040
0.214208
0.215328
0.215424
0.215040
0.214880
0.214816
0.214848
0.214880
0.214784
0.215040
0.214720
0.215008
0.214048
0.215360
0.216128
0.214848
0.214528
0.214976
0.214816
0.215104
0.214880
0.215296
0.216096
0.216064
0.215712
0.215040
0.214880
0.215040
0.215040
0.215040
0.215328
0.215040
0.215040
0.214944
0.214848
0.214624
0.214752
0.215200
0.216832
0.215104
0.215040
0.215040
0.214848
0.214848
0.215040
0.214688
0.215168
0.216800
0.217088
0.217216
0.215040
0.216128
0.215456
0.216288
0.214720
0.214752
0.215136
0.215840
0.215136
0.215008
0.213984
0.215104
0.214912
0.214912
0.214464
0.217696
0.217184
0.217952
0.217344
0.217120
0.217824
0.217856
0.218624
0.217280
0.217920
0.217568
0.217280
0.217984
0.218624
0.217216
0.218528
0.217312
0.218464
0.217632
0.218240
0.217632
0.335872
0.218912
0.217248
0.218176
0.217376
0.218048
0.218592
0.217600
0.217760
0.217728
0.217120
0.218464
0.217184
0.217440
0.218272
0.217440
0.218720
0.217344
0.218272
0.217664
0.218336
0.217536
0.217344
0.218720
0.218272
0.370400
0.341696
0.669696
0.218368
0.218016
0.218336
0.218496
0.217632
0.217888
0.218592
0.218560
0.217152
0.218720
0.217472
0.218528
0.217312
0.218624
0.217376
0.218240
0.217632
0.217344
0.217536
0.217216
0.217344
0.217184
0.218272
0.217536
0.217568
0.217120
0.217568
0.218368
0.218560
0.217376
0.218112
0.217536
0.217152
0.217472
0.217376
0.217408
0.217152
0.217440
0.231200
0.218656
0.218656
0.217344
0.217376
0.217216
0.218304
0.218432
0.217344
0.217568
0.217280
0.217280
0.217440
0.217568
0.217248
0.217376
0.217536
0.217216
0.217152
0.218048
0.217568
0.217632
0.217120
0.217184
0.218272
0.217632
0.217536
0.217248
0.218048
0.476480
0.219584
0.218880
0.217504
0.218400
0.217312
0.217216
0.217632
0.217632
0.219168
0.218944
0.234240
0.220256
0.237984
0.242592
0.218688
0.219200
0.220896
0.218752
0.218592
0.217376
0.217184
0.218272
0.217088
0.218464
0.218336
0.219424
0.228096
0.229312
0.219200
0.219168
0.217920
0.225280
0.219040
0.217536
0.218432
0.217376
0.217920
0.217120
0.217280
0.217184
0.217248
0.217216
0.218272
0.217632
0.217312
0.217856
0.217888
0.218240
0.217600
0.217344
0.218432
0.217088
0.217504
0.217184
0.217248
0.217280
0.218016
0.217088
0.217376
0.217728
0.217088
0.217376
0.217184
0.218656
0.218208
0.217632
0.218336
0.218528
0.217184
0.216480
0.217472
0.217888
0.217728
0.217184
0.217216
0.217952
0.217440
0.217760
0.217152
0.217920
0.217280
0.216992
0.217312
0.218784
0.218688
0.217088
0.218176
0.217504
0.217216
0.217280
0.217568
0.217472
0.217952
0.218080
0.218272
0.217376
0.218176
0.218432
0.217408
0.217280
0.218336
0.218624
0.217152
0.217504
0.217856
0.217760
0.218400
0.217440
0.217504
0.217280
0.217376
0.217216
0.217600
0.217792
0.217088
0.217824
0.217280
0.217568
0.219392
0.340512
0.218400
0.217472
0.217664
0.217536
0.217696
0.218112
0.217184
0.217120
0.217440
0.218272
0.217536
0.217952
0.218208
0.217472
0.218272
0.218496
0.217472
0.218016
0.217856
0.217504
0.217216
0.218368
0.217120
0.217312
0.217568
0.217984
0.217344
0.217664
0.217856
0.218976
0.218912
0.218144
0.217440
0.217376
0.220160
0.218656
0.218720
0.239456
0.224384
0.219488
0.218880
0.217920
0.237280
0.224064
0.398720
0.342080
0.352736
0.219136
0.218400
0.218912
0.218496
0.217216
0.218176
0.217344
0.218208
0.217280
0.217888
0.217152
0.218304
0.217152
0.217952
0.218304
0.217248
0.217600
0.217536
0.217312
0.227200
0.218560
0.217376
0.217440
0.217664
0.219232
0.219072
0.218816
0.217088
0.218400
0.219040
0.217120
0.217920
0.218240
0.217568
0.217344
0.217536
0.217344
0.233312
0.218816
0.217088
0.218112
0.217536
0.217760
0.217312
0.218048
0.479488
0.219776
0.219136
0.218656
0.218368
0.217312
0.217152
0.217920
0.217600
0.217600
0.217472
0.217440
0.217216
0.217408
0.218176
0.217216
0.218272
0.217472
0.217088
0.217120
0.217984
0.216736
0.215264
0.216576
0.216160
0.215552
0.215456
0.216544
0.215360
0.216256
0.216544
0.215264
0.216224
0.215104
0.215264
0.215680
0.215232
0.216192
0.216448
0.215168
0.216384
0.215360
0.215424
0.216128
0.215296
0.216640
0.215264
0.215584
0.215520
0.215552
0.215488
0.215616
0.216608
0.215104
0.215808
0.216256
0.215872
0.215136
0.215712
0.215264
0.215264
0.216736
0.216224
0.217632
0.219136
0.217280
0.216640
0.236448
0.216928
0.215808
0.215424
0.216544
0.215424
0.215840
0.216064
0.215232
0.216256
0.215456
0.215680
0.216128
0.215424
0.232384
0.216864
0.215488
0.215584
0.216160
0.215328
0.216768
0.215232
0.216704
0.217312
0.216864
0.217152
0.215776
0.216576
0.215136
0.216128
0.215392
0.215616
0.226976
0.229376
0.216448
0.216512
0.215680
0.215520
0.215264
0.215104
0.215424
0.215616
0.215072
0.215520
0.216672
0.216448
0.215488
0.215296
0.215200
0.215424
0.215680
0.216640
0.216512
0.215584
0.216416
0.215200
0.216384
0.216384
0.217312
0.219232
0.217120
0.216256
0.218976
0.216224
0.215360
0.216640
0.215552
0.215616
0.216960
0.216416
0.216384
0.215296
0.216064
0.215552
0.216224
0.215040
0.216608
0.216224
0.215264
0.215392
0.215232
0.216224
0.216480
0.215424
0.215168
0.215104
0.216256
0.216128
0.215296
0.216032
0.215232
0.216256
0.215360
0.216128
0.217408
0.217056
0.215776
0.215168
0.215488
0.216480
0.215424
0.215776
0.215360
0.215616
0.216192
0.216160
0.215712
0.216000
0.216384
0.215360
0.216192
0.215296
0.216576
0.215232
0.216064
0.215072
0.216512
0.215520
0.215232
0.215648
0.215328
0.216608
0.215328
0.216512
0.215552
0.215360
0.215616
0.216000
0.215584
0.215712
0.215488
0.215584
0.215200
0.216384
0.215968
0.215072
0.215488
0.223840
0.238048
0.331808
0.215904
0.215520
0.216128
0.215072
0.216320
0.215360
0.216288
0.215264
0.216384
0.215264
0.216192
0.216000
0.215712
0.215360
0.215840
0.215840
0.215968
0.215648
0.215520
0.216576
0.215296
0.215968
0.215360
0.216736
0.215296
0.215680
0.215328
0.215488
0.215520
0.215488
0.215264
0.215424
0.215584
0.216928
0.217120
0.218720
0.234976
0.232608
0.217120
0.222816
0.241888
0.216640
0.217088
0.215840
0.216288
0.216384
0.215456
0.216000
0.216160
0.215424
0.215680
0.215200
0.216256
0.215936
0.215872
0.222592
0.215392
0.216288
0.363520
0.217088
0.351872
0.217088
0.215264
0.216544
0.215104
0.216352
0.216320
0.215424
0.216096
0.215904
0.215520
0.215456
0.216192
0.215616
0.216480
0.216768
0.216544
0.215552
0.215296
0.479200
0.218272
0.217248
0.215808
0.215872
0.215520
0.214112
0.213920
0.213856
0.213088
0.214496
0.213248
0.213952
0.214304
0.213696
0.213728
0.213088
0.213376
0.213952
0.213696
0.213312
0.213216
0.214176
0.213504
0.214016
0.215168
0.215040
0.232448
0.230784
0.214976
0.214144
0.214912
0.214240
0.213728
0.213248
0.214176
0.212992
0.214464
0.215008
0.214176
0.213216
0.213824
0.213408
0.219552
0.214464
0.214048
0.213760
0.213696
0.214624
0.213568
0.213792
0.214560
0.214976
0.214720
0.213408
0.213280
0.214400
0.214208
0.213728
0.213504
0.213248
0.214592
0.214080
0.221952
0.213952
0.214944
0.214592
0.213280
0.213184
0.213952
0.213472
0.213120
0.213120
0.214688
0.213344
0.213760
0.212992
0.213472
0.214176
0.213408
0.214656
0.213760
0.213536
0.212992
0.214272
0.214304
0.213440
0.214432
0.213312
0.213984
0.213152
0.213536
0.213024
0.214176
0.214112
0.213600
0.213120
0.214368
0.213984
0.214560
0.214528
0.216928
0.245952
0.226688
0.233792
0.216384
0.220800
0.215712
0.214720
0.214144
0.213568
0.213248
0.214048
0.213312
0.213952
0.214304
0.213408
0.213760
0.214080
0.214176
0.212992
0.213216
0.213216
0.213952
0.214624
0.213344
0.214112
0.213088
0.213600
0.213728
0.214112
0.213120
0.212992
0.213216
0.218048
0.214432
0.217152
0.329376
0.213728
0.213248
0.213344
0.214144
0.388672
0.334240
0.348256
0.214336
0.213504
0.214048
0.213280
0.213504
0.214752
0.212992
0.214400
0.213152
0.213344
0.213440
0.213152
0.213248
0.214176
0.213536
0.213024
0.213600
0.213632
0.212992
0.213952
0.213248
0.213472
0.214688
0.214240
0.213632
0.213984
0.213440
0.213536
0.214400
0.217664
0.214304
0.213376
0.214336
0.212992
0.213440
0.213760
0.213568
0.213440
0.214048
0.213376
0.214368
0.213440
0.214144
0.213824
0.213440
0.213248
0.214304
0.213952
0.213664
0.213344
0.213504
0.214368
0.213248
0.214080
0.213632
0.214304
0.213152
0.213632
0.238016
0.213984
0.214336
0.213280
0.214080
0.213472
0.214720
0.229440
0.474720
0.216896
0.215040
0.215040
0.214048
0.213472
0.212992
0.213312
0.213824
0.213312
0.213824
0.213376
0.214080
0.213312
0.213888
0.213312
0.213696
0.212992
0.213888
0.215040
0.214656
0.214080
0.213248
0.213504
0.213760
0.213152
0.214304
0.213472
0.214176
0.213632
0.213856
0.213344
0.213632
0.213312
0.213632
0.213280
0.214304
0.215328
0.216000
0.215136
0.214880
0.213568
0.214560
0.215680
0.213760
0.214304
0.214560
0.213888
0.213568
0.213792
0.214080
0.213664
0.213056
0.213248
0.214112
0.213536
0.214016
0.213312
0.214016
0.213472
0.212992
0.213984
0.215136
0.215936
0.215776
0.230656
0.242080
0.217088
0.218560
0.217408
0.217312
0.216672
0.216224
0.215392
0.216512
0.224192
0.215904
0.216064
0.216256
0.216224
0.215328
0.216896
0.216192
0.216736
0.215104
0.216416
0.215200
0.215648
0.216512
0.215328
0.215744
0.215040
0.215456
0.215520
0.215648
0.215488
0.215488
0.215712
0.215456
0.215776
0.215712
0.216224
0.215040
0.216384
0.215552
0.215488
0.215776
0.216224
0.215456
0.216640
0.215360
0.215520
0.215264
0.215424
0.215296
0.216128
0.215840
0.215712
0.216352
0.215520
0.215264
0.215232
0.216160
0.215360
0.216064
0.215456
0.215808
0.216192
0.215424
0.215072
0.215744
0.215392
0.215520
0.216192
0.215552
0.215232
0.216000
0.216576
0.215200
0.215872
0.216288
0.216352
0.215520
0.215168
0.216096
0.215136
0.215296
0.215456
0.215232
0.215648
0.216096
0.219136
0.216416
0.215232
0.233152
0.216640
0.216288
0.215488
0.216256
0.215488
0.215712
0.215136
0.215136
0.215424
0.215712
0.215488
0.215680
0.217088
0.216288
0.216064
0.215616
0.215168
0.216128
0.216640
0.216096
0.215744
0.215296
0.215296
0.215808
0.215456
0.215520
0.216480
0.215520
0.215744
0.215072
0.215808
0.215840
0.216448
0.224672
0.217760
0.218016
0.220032
0.216544
0.215200
0.215392
0.215744
0.216192
0.215392
0.216480
0.215744
0.216672
0.242720
0.217472
0.215584
0.216000
0.215040
0.216096
0.216224
0.215488
0.221856
0.216224
0.215968
0.215712
0.216064
0.215584
0.216384
0.216256
0.215488
0.215040
0.216192
0.215552
0.215584
0.216064
0.215584
0.215936
0.216256
0.221120
0.339968
0.216800
0.215072
0.215808
0.215136
0.216032
0.216064
0.215232
0.216288
0.215232
0.215648
0.216576
0.215328
0.215392
0.215104
0.216352
0.215616
0.216000
0.215648
0.394176
0.337696
0.350208
0.216736
0.215424
0.215584
0.215488
0.215840
0.216320
0.215200
0.215840
0.215296
0.215360
0.215552
0.216064
0.216608
0.215136
0.216128
0.215776
0.215264
0.215648
0.216128
0.215648
0.216064
0.215488
0.215712
0.216384
0.215296
0.215296
0.215456
0.216256
0.215264
0.216544
0.215360
0.215872
0.216256
0.215232
0.216320
0.216288
0.473408
0.218080
0.217056
0.216608
0.215168
0.216160
0.215392
0.215680
0.215456
0.215648
0.216576
0.215264
0.215424
0.215712
0.215360
0.215584
0.216672
0.215424
0.215424
0.215264
0.215168
0.215328
0.215712
0.216416
0.216128
0.215392
0.215520
0.215520
0.215584
0.215904
0.220832
0.235136
0.217824
0.216992
0.216192
0.216000
0.222976
0.216640
0.217184
0.217248
0.217088
0.216608
0.216704
0.215296
0.215392
0.215584
0.216320
0.215552
0.216096
0.215200
0.215328
0.216256
0.227456
0.227328
0.217344
0.216992
0.216192
0.215616
0.216128
0.216480
0.215200
0.216032
0.215488
0.216000
0.216576
0.215424
0.215744
0.215840
0.215872
0.215328
0.215360
0.215776
0.216416
0.215552
0.215360
0.214976
0.216192
0.215040
0.215136
0.216224
0.216256
0.215840
0.216352
0.215232
0.215040
0.216320
0.218720
0.215296
0.215296
0.215520
0.215776
0.215296
0.215456
0.217056
0.217152
0.216064
0.215360
0.215648
0.216128
0.215776
0.216256
0.216160
0.215552
0.215392
0.215744
0.215136
0.215488
0.215744
0.215040
0.216224
0.216256
0.215712
0.215264
0.215424
0.216448
0.215264
0.215808
0.215680
0.215552
0.215328
0.216192
0.215712
0.215296
0.215232
0.215936
0.215296
0.216416
0.216224
0.215520
0.216064
0.215584
0.216544
0.216320
0.215616
0.215456
0.215712
0.216640
0.227424
0.216896
0.216448
0.215616
0.215360
0.215808
0.215104
0.215392
0.215776
0.215040
0.216608
0.216288
0.215392
0.215136
0.216096
0.216320
0.215168
0.216672
0.216576
0.215040
0.215488
0.216192
0.215584
0.215424
0.216064
0.215840
0.216640
0.215104
0.215808
0.215200
0.215520
0.215424
0.216512
0.215520
0.216256
0.215232
0.216448
0.216800
0.215424
0.215552
0.215552
0.216064
0.215808
0.215232
0.215616
0.216288
0.215392
0.215584
0.215680
0.215808
0.215840
0.215296
0.215872
0.215392
0.215328
0.215424
0.215328
0.215648
0.216640
0.215104
0.216160
0.215296
0.216128
0.215136
0.216160
0.215616
0.217056
0.216928
0.216896
0.224544
0.217056
0.218432
0.220896
0.236640
0.217088
0.216736
0.216352
0.215488
0.215488
0.215424
0.215744
0.215104
0.215232
0.215392
0.216000
0.216768
0.215552
0.216192
0.215360
0.216480
0.216544
0.215040
0.215840
0.215328
0.215680
0.215040
0.216576
0.215360
0.214752
0.213920
0.214816
0.331616
0.215040
0.215008
0.214656
0.214944
0.215392
0.216064
0.214912
0.215040
0.214848
0.214016
0.214720
0.215168
0.215232
0.214944
0.215040
0.214880
0.215008
0.213760
0.213984
0.214688
0.213984
0.213824
0.215232
0.215424
0.214944
0.214944
0.215904
0.214144
0.214240
0.214976
0.215040
0.215040
0.215072
0.215008
0.214976
0.215072
0.408864
0.348768
0.217088
0.215072
0.215072
0.215040
0.216160
0.231008
0.215520
0.215008
0.226848
0.476864
0.217120
0.214944
0.215040
0.213952
0.214784
0.214688
0.215424
0.237696
0.214784
0.214976
0.215008
0.215168
0.214784
0.214496
0.214816
0.216032
0.215200
0.219616
0.215616
0.215040
0.215040
0.214944
0.215040
0.214016
0.214208
0.215104
0.215104
0.214976
0.214624
0.214016
0.215232
0.214624
0.215104
0.214976
0.215136
0.215072
0.214912
0.214912
0.214368
0.213984
0.214848
0.215040
0.215040
0.215008
0.215040
0.215104
0.214976
0.214944
0.214624
0.215264
0.214688
0.214912
0.215040
0.214464
0.215008
0.213888
0.214464
0.215040
0.215040
0.215040
0.215040
0.230976
0.222368
0.215392
0.216256
0.235520
0.230464
0.216480
0.215424
0.215040
0.215008
0.215008
0.214976
0.215104
0.216064
0.214720
0.214656
0.214592
0.214080
0.215072
0.215072
0.215040
0.214176
0.214848
0.215040
0.214720
0.214752
0.215040
0.214592
0.214016
0.214816
0.214816
0.214816
0.214752
0.230880
0.215328
0.215232
0.215232
0.215200
0.214688
0.215104
0.214880
0.214752
0.214944
0.214304
0.215168
0.214944
0.215040
0.214816
0.215200
0.214912
0.214784
0.214848
0.214432
0.215168
0.217344
0.215264
0.214848
0.214528
0.214560
0.214656
0.214944
0.214976
0.215040
0.215040
0.214848
0.215136
0.214752
0.214592
0.214656
0.215136
0.214848
0.214240
0.228672
0.236896
0.214976
0.215136
0.215040
0.214976
0.215040
0.214784
0.214016
0.214720
0.214752
0.214624
0.214656
0.215168
0.214976
0.214816
0.214112
0.214688
0.239840
0.216416
0.214688
0.214720
0.214592
0.215296
0.213984
0.214976
0.213920
0.214688
0.214464
0.214848
0.214688
0.214848
0.213984
0.215424
0.216992
0.215680
0.217568
0.215040
0.214944
0.219360
0.331648
0.214816
0.215040
0.215168
0.213824
0.214880
0.213888
0.214848
0.214592
0.214816
0.215040
0.215040
0.214880
0.215136
0.223200
0.215200
0.213952
0.214944
0.214848
0.214720
0.215008
0.215584
0.215136
0.214560
0.214816
0.214944
0.215008
0.215232
0.214144
0.215200
0.214016
0.214112
0.214752
0.216544
0.218688
0.217504
0.218016
0.217376
0.217472
0.218656
0.236448
0.219168
0.233536
0.219136
0.228064
0.219136
0.238272
0.233472
0.218656
0.219648
0.364192
0.346528
0.357568
0.219616
0.217632
0.218368
0.217152
0.217984
0.217632
0.217760
0.217440
0.218048
0.217088
0.218144
0.217024
0.217920
0.218240
0.217504
0.218304
0.238208
0.219392
0.220608
0.217664
0.217664
0.217344
0.217472
0.217856
0.217536
0.217408
0.217536
0.217216
0.217792
0.218688
0.218880
0.217312
0.218560
0.217088
0.217952
0.217376
0.217632
0.217376
0.217888
0.217088
0.218144
0.217696
0.217408
0.217408
0.217376
0.218240
0.217088
0.224192
0.217792
0.219360
0.217472
0.217888
0.217536
0.217088
0.217280
0.217696
0.217088
0.217984
0.479008
0.220032
0.219040
0.229120
0.218912
0.217312
0.218720
0.217536
0.217504
0.217248
0.217216
0.217888
0.217120
0.218016
0.217088
0.218272
0.217216
0.217280
0.217088
0.217056
0.217408
0.218432
0.217216
0.217824
0.217952
0.217280
0.218048
0.217280
0.217184
0.218240
0.217536
0.217408
0.217664
0.217088
0.217440
0.217184
0.217664
0.217088
0.217824
0.217376
0.217632
0.217248
0.218272
0.217248
0.217984
0.217728
0.218208
0.217984
0.217120
0.217760
0.217152
0.217216
0.218080
0.217088
0.218176
0.218368
0.217120
0.217280
0.218560
0.220448
0.218688
0.217632
0.217760
0.217216
0.218304
0.217312
0.217088
0.217376
0.217472
0.217440
0.217280
0.217856
0.217216
0.217952
0.218656
0.218048
0.219008
0.218176
0.218208
0.218848
0.223616
0.224416
0.217632
0.219616
0.218016
0.217568
0.217568
0.217216
0.218144
0.217152
0.217472
0.217472
0.217216
0.217280
0.218016
0.217408
0.218400
0.217152
0.217184
0.218016
0.217408
0.217088
0.217408
0.217952
0.219328
0.218336
0.218752
0.217568
0.217856
0.217216
0.217664
0.217088
0.218208
0.217088
0.218592
0.217952
0.217472
0.217600
0.218240
0.218112
0.217824
0.217280
0.217248
0.218208
0.217408
0.218080
0.217632
0.217248
0.217856
0.217344
0.217344
0.218112
0.219072
0.218848
0.217088
0.218048
0.217600
0.218016
0.217472
0.218272
0.217568
0.217696
0.217120
0.217952
0.217696
0.217408
0.218336
0.217440
0.218304
0.217536
0.217952
0.218528
0.217088
0.217504
0.217344
0.217344
0.217312
0.217536
0.218112
0.217664
0.217088
0.217440
0.217760
0.217088
0.217312
0.222336
0.218496
0.217376
0.218624
0.217184
0.217696
0.218112
0.217088
0.217088
0.218496
0.218112
0.217824
0.217280
0.217536
0.218624
0.335904
0.218432
0.217152
0.226592
0.219072
0.217248
0.217088
0.218112
0.218144
0.217344
0.218688
0.218752
0.217920
0.217312
0.217472
0.217312
0.217472
0.217344
0.217632
0.217216
0.218464
0.218240
0.217088
0.217952
0.217568
0.218592
0.234720
0.218240
0.217696
0.227552
0.231200
0.219136
0.218656
0.220192
0.219072
0.217344
0.217408
0.217088
0.217216
0.218976
0.218912
0.218464
0.218272
0.217152
0.217152
0.217248
0.217088
0.217280
0.217280
0.217376
0.217280
0.218112
0.217216
0.217472
0.217856
0.218048
0.218944
0.218848
0.218688
0.218496
0.217280
0.226304
0.217792
0.217920
0.217504
0.217312
0.217472
0.217440
0.405152
0.230144
0.353952
0.219136
0.217952
0.217472
0.217696
0.217248
0.217344
0.217344
0.217216
0.217280
0.217344
0.217952
0.217632
0.218144
0.217344
0.218208
0.217600
0.217088
0.217952
0.217568
0.217856
0.217568
0.217216
0.217408
0.217888
0.217280
0.216704
0.215328
0.472864
0.217952
0.217088
0.216352
0.216576
0.215168
0.216032
0.215040
0.215648
0.216672
0.216160
0.215392
0.216608
0.215488
0.215712
0.215488
0.216192
0.215232
0.215104
0.215296
0.215456
0.215296
0.216224
0.215392
0.216064
0.215616
0.215360
0.215648
0.216288
0.216416
0.215328
0.216448
0.215520
0.215168
0.216096
0.215200
0.216160
0.215520
0.215552
0.215296
0.216064
0.215328
0.215392
0.216096
0.215744
0.249856
0.215616
0.215200
0.215808
0.215040
0.215648
0.216480
0.215520
0.215872
0.215584
0.215968
0.216320
0.215360
0.216064
0.215136
0.215552
0.215424
0.216064
0.215456
0.216032
0.216128
0.215520
0.215168
0.216320
0.215680
0.215392
0.215680
0.215744
0.215360
0.215328
0.215392
0.215616
0.216224
0.215648
0.215104
0.216928
0.216672
0.216256
0.215488
0.215456
0.216064
0.215616
0.216704
0.217184
0.221824
0.217088
0.216192
0.229792
0.239808
0.217440
0.216160
0.232096
0.217344
0.217696
0.216608
0.215200
0.215424
0.215872
0.216224
0.215584
0.215168
0.215360
0.216512
0.215040
0.216544
0.216544
0.215296
0.215808
0.215168
0.215616
0.215936
0.219296
0.216768
0.215520
0.216160
0.215296
0.224416
0.216160
0.235584
0.216800
0.215488
0.215520
0.216576
0.216224
0.215392
0.216192
0.215584
0.215808
0.215520
0.230368
0.217792
0.217088
0.215520
0.215488
0.215552
0.216192
0.215712
0.216288
0.215424
0.215360
0.215552
0.215200
0.215040
0.215200
0.215616
0.216224
0.215200
0.229728
0.216864
0.215456
0.215808
0.216064
0.215360
0.215232
0.215200
0.216384
0.215168
0.215456
0.216064
0.215392
0.215392
0.215136
0.216160
0.215520
0.215424
0.216096
0.215424
0.216032
0.215488
0.215488
0.215328
0.216096
0.215648
0.217088
0.217280
0.235104
0.216896
0.216000
0.216576
0.216704
0.215680
0.215712
0.215456
0.225248
0.216864
0.215552
0.216032
0.229568
0.216640
0.216992
0.333152
0.215808
0.216096
0.215552
0.216160
0.216640
0.215200
0.216000
0.215104
0.227936
0.405952
0.351456
0.217120
0.215424
0.215328
0.215296
0.477440
0.218368
0.350208
0.216000
0.216576
0.215392
0.215552
0.218112
0.215744
0.215776
0.215776
0.215360
0.215360
0.215392
0.215456
0.215392
0.215040
0.216192
0.215520
0.215648
0.216992
0.217888
0.217152
0.217920
0.216384
0.215296
0.216736
0.216384
0.215328
0.216192
0.215616
0.215104
0.215232
0.215584
0.215168
0.216288
0.216416
0.215104
0.215808
0.215616
0.215872
0.216192
0.215712
0.215392
0.216160
0.215744
0.215616
0.215296
0.215328
0.216544
0.216512
0.215520
0.215904
0.215296
0.215840
0.216320
0.215360
0.215296
0.216480
0.215136
0.216544
0.216480
0.215328
0.215808
0.215232
0.215360
0.216768
0.215136
0.215168
0.215456
0.216416
0.215264
0.216096
0.215296
0.215840
0.215104
0.216160
0.215616
0.216032
0.413696
0.216160
0.749184
0.215488
0.215296
0.215808
0.216544
0.215392
0.215648
0.214976
0.215872
0.215424
0.215776
0.216480
0.215392
0.216416
0.216864
0.217152
0.216896
0.216416
0.215456
0.215520
0.216512
0.215168
0.216576
0.215904
0.215424
0.215616
0.216064
0.215232
0.215872
0.215264
0.215712
0.215328
0.216320
0.215712
0.216128
0.215424
0.215648
0.215104
0.216032
0.215136
0.215264
0.215328
0.226432
0.216640
0.215904
0.217024
0.216096
0.215584
0.215264
0.237600
0.215872
0.216256
0.217184
0.215648
0.216320
0.215264
0.215232
0.216576
0.215200
0.215392
0.478848
0.217536
0.217312
0.215232
0.216096
0.215200
0.216672
0.215488
0.215584
0.215360
0.216480
0.215232
0.216512
0.216224
0.216256
0.215648
0.216384
0.215584
0.216640
0.216096
0.215552
0.215200
0.216000
0.215488
0.245920
0.217152
0.216192
0.216800
0.216352
0.215968
0.215392
0.216768
0.217408
0.216768
0.220576
0.216928
0.216992
0.215264
0.216096
0.215456
0.215712
0.217120
0.216864
0.231264
0.215520
0.215712
0.216256
0.215648
0.216640
0.215680
0.216192
0.215264
0.215360
0.215104
0.216320
0.215200
0.216224
0.216288
0.215360
0.332416
0.216768
0.216448
0.215456
0.215456
0.215456
0.215584
0.216384
0.215040
0.216192
0.215904
0.232000
0.233280
0.237088
0.222432
0.220512
0.217088
0.216736
0.216288
0.216160
0.215776
0.215456
0.215072
0.215040
0.215232
0.216000
0.215328
0.216128
0.215264
0.215936
0.216288
0.215392
0.215520
0.215360
0.215136
0.216096
0.215552
0.215808
0.215040
0.216192
0.214336
0.411360
0.432128
0.215680
0.214784
0.215008
0.214272
0.214944
0.214720
0.215904
0.213984
0.215360
0.215232
0.215008
0.214912
0.215040
0.214848
0.214944
0.215424
0.215040
0.214976
0.215040
0.215040
0.215264
0.213984
0.214016
0.215040
0.215008
0.214624
0.215904
0.215296
0.215392
0.216192
0.216512
0.215040
0.215104
0.214560
0.214496
0.214112
0.472704
0.217056
0.216352
0.215520
0.215040
0.215040
0.215104
0.215648
0.214688
0.215168
0.215040
0.214240
0.214560
0.215040
0.215168
0.214272
0.214944
0.214752
0.214784
0.214752
0.214912
0.214592
0.215168
0.214880
0.214848
0.214944
0.215200
0.214656
0.215040
0.214816
0.215456
0.214784
0.249024
0.217088
0.216800
0.215200
0.215040
0.215168
0.215744
0.216256
0.216672
0.215040
0.216000
0.216448
0.215360
0.214976
0.215040
0.214976
0.215008
0.214848
0.214784
0.214880
0.215040
0.214656
0.214848
0.214816
0.215072
0.213728
0.213888
0.213984
0.215232
0.218656
0.215296
0.215872
0.214880
0.215040
0.214976
0.214912
0.214144
0.215040
0.215008
0.215104
0.214848
0.213856
0.214720
0.214752
0.214784
0.215232
0.215040
0.215008
0.216736
0.215104
0.214848
0.215104
0.215168
0.215136
0.215200
0.214464
0.213696
0.213856
0.214944
0.214880
0.214752
0.214464
0.215040
0.215040
0.214944
0.214688
0.215456
0.215200
0.215328
0.214432
0.214912
0.214848
0.214912
0.214656
0.215008
0.215040
0.214112
0.214816
0.215040
0.214304
0.214720
0.214112
0.214944
0.215040
0.214976
0.215232
0.215136
0.214848
0.215776
0.214528
0.214944
0.214624
0.215040
0.214944
0.215040
0.215040
0.214400
0.214592
0.213824
0.214112
0.214880
0.214592
0.214944
0.215040
0.214848
0.214720
0.215104
0.214432
0.214880
0.216000
0.220800
0.215424
0.215040
0.214784
0.215200
0.214848
0.214592
0.215072
0.215104
0.214816
0.215424
0.214976
0.215296
0.214624
0.214624
0.214560
0.214976
0.214144
0.214048
0.215168
0.215040
0.215360
0.214016
0.214176
0.215008
0.215424
0.215040
0.214080
0.215712
0.215040
0.214880
0.214720
0.216128
0.216480
0.215232
0.214720
0.214176
0.214880
0.214688
0.215200
0.218080
0.243360
0.217056
0.217856
0.216576
0.216096
0.244576
0.216032
0.214848
0.214880
0.215040
0.214816
0.214880
0.214912
0.214304
0.214048
0.215008
0.214112
0.213888
0.214688
0.214912
0.215040
0.214976
0.214208
0.215008
0.214848
0.215520
0.213952
0.214080
0.214816
0.215008
0.215040
0.215040
0.224256
0.334400
0.217504
0.217312
0.217184
0.217792
0.217440
0.218560
0.217184
0.217408
0.217792
0.218400
0.217344
0.216992
0.217312
0.217984
0.217248
0.217888
0.217088
0.217120
0.217248
0.217088
0.218176
0.217216
0.217376
0.217376
0.217408
0.217568
0.219136
0.217888
0.217504
0.218528
0.217216
0.217728
0.217376
0.217408
0.217312
0.217440
0.218176
0.217568
0.217376
0.217248
0.217248
0.217088
0.217920
0.218208
0.217568
0.217568
0.217376
0.217088
0.217280
0.217440
0.217856
0.217248
0.217504
0.217952
0.217312
0.218208
0.217216
0.217408
0.217312
0.340416
0.354304
0.218432
0.217472
0.217088
0.217344
0.479232
0.220576
0.219168
0.217824
0.217984
0.218464
0.217152
0.217728
0.217504
0.217920
0.218144
0.217536
0.217760
0.217088
0.217216
0.217408
0.217440
0.217344
0.217504
0.217696
0.217312
0.218112
0.217344
0.216992
0.217920
0.218592
0.217088
0.218240
0.217344
0.218240
0.218400
0.217184
0.217312
0.217280
0.218304
0.217440
0.217472
0.217216
0.218528
0.217280
0.217952
0.217728
0.217472
0.217152
0.217440
0.217760
0.219232
0.233120
0.231200
0.220032
0.217632
0.217280
0.218720
0.218240
0.218784
0.218816
0.219136
0.217792
0.217856
0.217632
0.217472
0.217792
0.217088
0.220736
0.233728
0.218624
0.217248
0.217920
0.232736
0.219136
0.218240
0.217088
0.217248
0.217536
0.217280
0.217312
0.228096
0.217792
0.223232
0.218496
0.220832
0.218880
0.217568
0.217536
0.217088
0.218240
0.217408
0.217120
0.217952
0.218112
0.217408
0.217248
0.217344
0.217472
0.218304
0.217312
0.217088
0.217280
0.217312
0.218464
0.217568
0.217504
0.217440
0.217120
0.218624
0.217472
0.217472
0.217760
0.217248
0.217984
0.217504
0.217408
0.217248
0.217216
0.217408
0.218080
0.217568
0.217216
0.217984
0.217248
0.218176
0.217248
0.217216
0.217504
0.217856
0.217088
0.218048
0.217184
0.217728
0.217120
0.217248
0.216448
0.218496
0.217152
0.217152
0.218112
0.217408
0.217344
0.217440
0.217184
0.217472
0.217152
0.218368
0.217088
0.217440
0.217120
0.218432
0.239264
0.229728
0.221440
0.219584
0.219200
0.219104
0.225600
0.336512
0.218592
0.217216
0.217056
0.217216
0.217248
0.217216
0.217088
0.217408
0.217568
0.217216
0.217408
0.217632
0.217088
0.218176
0.217312
0.217664
0.218144
0.217312
0.217984
0.217664
0.217536
0.217088
0.217344
0.217216
0.217440
0.217504
0.217280
0.218112
0.217088
0.217408
0.217376
0.217184
0.217344
0.218496
0.218176
0.217280
0.217312
0.217600
0.217472
0.217952
0.219200
0.219136
0.219168
0.217888
0.217472
0.229920
0.219040
0.218112
0.217760
0.217504
0.218112
0.217728
0.217856
0.218016
0.218208
0.217632
0.217120
0.218176
0.217440
0.217952
0.217216
0.217088
0.217728
0.217312
0.217408
0.217088
0.217888
0.217120
0.217760
0.217376
0.218240
0.218208
0.340864
0.362240
0.219008
0.218272
0.217088
0.218176
0.217280
0.218432
0.217344
0.217376
0.217440
0.218176
0.232192
0.217312
0.217696
0.217248
0.217760
0.221536
0.219392
0.218624
0.217312
0.217376
0.217536
0.217344
0.217504
0.218496
0.217472
0.217120
0.217248
0.227328
0.238528
0.217568
0.218592
0.217696
0.217248
0.217952
0.217312
0.217568
0.217088
0.217280
0.217536
0.218592
0.217184
0.217312
0.217248
0.217088
0.217536
0.217568
0.217920
0.218208
0.217696
0.217376
0.217472
0.217248
0.217728
0.476128
0.219360
0.217440
0.215712
0.215680
0.215296
0.215296
0.215136
0.215648
0.216256
0.216192
0.215840
0.215904
0.215552
0.215616
0.215520
0.215552
0.215744
0.215200
0.216256
0.215328
0.216192
0.215264
0.215104
0.216032
0.215392
0.215680
0.215552
0.215968
0.215584
0.216288
0.215392
0.216256
0.216224
0.215616
0.215456
0.215488
0.215136
0.215488
0.216032
0.215328
0.215040
0.215328
0.216352
0.215456
0.216416
0.216416
0.215424
0.216320
0.215648
0.215968
0.216000
0.215648
0.216448
0.215200
0.215872
0.215104
0.216704
0.217344
0.217408
0.217280
0.216000
0.236064
0.233760
0.233760
0.217280
0.222816
0.216704
0.216832
0.215328
0.216160
0.215552
0.215264
0.216064
0.215264
0.216288
0.216544
0.215104
0.215808
0.215520
0.215872
0.216288
0.215840
0.215328
0.215264
0.215328
0.216096
0.215200
0.215840
0.215360
0.215872
0.215328
0.215552
0.216000
0.215424
0.215808
0.216352
0.216512
0.215392
0.225632
0.216576
0.215264
0.215872
0.215296
0.215936
0.215424
0.215328
0.216096
0.215200
0.215968
0.216928
0.215520
0.215744
0.216608
0.217472
0.217952
0.215840
0.221632
0.216768
0.215520
0.215648
0.215328
0.215648
0.215424
0.215968
0.216032
0.215712
0.216512
0.215072
0.216224
0.215168
0.231072
0.216160
0.215520
0.215392
0.220672
0.233376
0.215552
0.215040
0.216160
0.215488
0.215744
0.216672
0.217152
0.216160
0.215840
0.216448
0.215360
0.216320
0.215072
0.215488
0.215392
0.216224
0.229248
0.216032
0.215808
0.215552
0.215680
0.216064
0.215712
0.215040
0.215616
0.216608
0.215200
0.245824
0.240128
0.333408
0.215936
0.215360
0.216288
0.216640
0.216096
0.215744
0.215424
0.215392
0.215872
0.215520
0.215712
0.216608
0.216416
0.393536
0.216736
0.526400
0.215648
0.215520
0.216256
0.215648
0.216064
0.215776
0.216096
0.215392
0.216000
0.215520
0.215904
0.215296
0.215712
0.216288
0.215520
0.215392
0.215232
0.215616
0.215904
0.215520
0.216960
0.218304
0.233280
0.218208
0.216832
0.215232
0.216384
0.217472
0.215744
0.215872
0.215936
0.476928
0.217568
0.217088
0.216064
0.216192
0.215392
0.216416
0.216032
0.216416
0.215168
0.215872
0.216448
0.215616
0.215776
0.215040
0.216032
0.216256
0.215552
0.216160
0.215040
0.215456
0.215680
0.239808
0.215968
0.215648
0.215680
0.215232
0.215328
0.216192
0.215456
0.215424
0.215520
0.215104
0.215488
0.215328
0.215968
0.215168
0.216416
0.215328
0.215264
0.216032
0.216416
0.215584
0.215616
0.215200
0.216352
0.216800
0.215200
0.215872
0.215552
0.215232
0.215200
0.215968
0.216480
0.216192
0.215040
0.215168
0.214464
0.213472
0.213408
0.213248
0.214496
0.213440
0.213248
0.213504
0.213344
0.213792
0.214272
0.213184
0.214112
0.213472
0.213504
0.214080
0.213216
0.213152
0.214368
0.213312
0.214272
0.213184
0.214144
0.213312
0.213856
0.213376
0.213248
0.213344
0.214208
0.213248
0.213280
0.212992
0.214368
0.213280
0.214016
0.213376
0.213664
0.213120
0.213472
0.228960
0.214944
0.213216
0.213664
0.213280
0.213408
0.213696
0.213088
0.213152
0.214272
0.213632
0.215872
0.214592
0.213600
0.213504
0.213472
0.213120
0.214240
0.214336
0.213376
0.214944
0.214496
0.214112
0.213152
0.213024
0.214176
0.213312
0.213984
0.214272
0.213344
0.213408
0.212992
0.213984
0.213248
0.214304
0.214656
0.214432
0.213344
0.214496
0.213952
0.214432
0.213440
0.214272
0.213472
0.234048
0.215424
0.214880
0.214848
0.214176
0.215584
0.214752
0.215040
0.214528
0.230336
0.234912
0.215296
0.216128
0.214464
0.213312
0.214240
0.213952
0.214400
0.214624
0.214528
0.214592
0.230144
0.217792
0.214880
0.214272
0.213856
0.214528
0.213408
0.213472
0.215104
0.215040
0.214464
0.213600
0.223552
0.221184
0.224960
0.240896
0.221504
0.220640
0.241152
0.219488
0.366272
0.216864
0.214528
0.213600
0.213248
0.219168
0.214880
0.213792
0.214496
0.213088
0.213280
0.213600
0.213408
0.213888
0.213760
0.213472
0.213952
0.213984
0.214144
0.213376
0.214464
0.213216
0.214464
0.213632
0.214976
0.215040
0.214400
0.214656
0.403456
0.334848
0.496416
0.215200
0.214208
0.213728
0.470816
0.215648
0.215168
0.214752
0.214272
0.214528
0.212992
0.213472
0.213760
0.213504
0.213120
0.213536
0.212992
0.214240
0.213504
0.214208
0.213216
0.214176
0.214016
0.213568
0.213472
0.217728
0.214048
0.214304
0.213184
0.213280
0.213824
0.214272
0.213184
0.231008
0.213664
0.335776
0.214816
0.213184
0.214400
0.214016
0.213536
0.214368
0.213216
0.214272
0.214432
0.213280
0.213440
0.213696
0.214048
0.213216
0.214048
0.213344
0.214112
0.213152
0.214048
0.213344
0.213472
0.213664
0.213088
0.214272
0.212992
0.214592
0.213696
0.388256
0.494240
0.215040
0.214048
0.213760
0.215264
0.472128
0.216704
0.217408
0.215808
0.215488
0.215040
0.214656
0.215232
0.214720
0.213376
0.214336
0.213536
0.214592
0.213248
0.213888
0.214720
0.213184
0.213472
0.213792
0.213120
0.214112
0.213056
0.213184
0.214368
0.214560
0.213280
0.213376
0.213568
0.213152
0.214080
0.214528
0.213504
0.220352
0.214016
0.213728
0.214528
0.213152
0.214080
0.215648
0.219872
0.218912
0.217760
0.218624
0.217280
0.217120
0.217152
0.216320
0.218432
0.218368
0.216224
0.213984
0.213696
0.214016
0.213824
0.213280
0.213088
0.214368
0.213216
0.214144
0.214048
0.214560
0.213280
0.213504
0.213056
0.213728
0.213376
0.213504
0.213120
0.213440
0.214208
0.213216
0.214016
0.213120
0.214144
0.213472
0.213024
0.214016
0.214624
0.214016
0.213152
0.213152
0.213280
0.214144
0.213632
0.213216
0.213696
0.213600
0.213056
0.213952
0.213472
0.213920
0.213152
0.213376
0.214016
0.213408
0.213184
0.213440
0.213728
0.213664
0.213056
0.214240
0.213376
0.213312
0.213056
0.214432
0.212992
0.214240
0.214176
0.213344
0.212992
0.214208
0.214432
0.213536
0.215680
0.217088
0.235616
0.213984
0.221280
0.215040
0.214112
0.220576
0.217088
0.217152
0.214784
0.214624
0.214528
0.213280
0.214272
0.214496
0.215040
0.216192
0.215584
0.226016
0.216896
0.215808
0.215232
0.215488
0.215552
0.221280
0.216512
0.215296
0.216448
0.215680
0.215680
0.215360
0.215040
0.215840
0.215520
0.216096
0.217120
0.235744
0.218656
0.216704
0.215360
0.216320
0.215040
0.216096
0.215552
0.215424
0.215296
0.216256
0.215168
0.215840
0.215360
0.215328
0.215104
0.216288
0.215776
0.215680
0.233056
0.216320
0.216224
0.215296
0.216480
0.215040
0.215296
0.215232
0.215488
0.216064
0.216160
0.216096
0.217472
0.239488
0.351104
0.215456
0.215584
0.216000
0.216192
0.216736
0.215072
0.215168
0.215360
0.215552
0.216128
0.215456
0.216576
0.216416
0.215392
0.215552
0.216224
0.215584
0.216032
0.216384
0.215424
0.216992
0.217120
0.216512
0.215360
0.215136
0.216608
0.215200
0.216320
0.215808
0.216672
0.216032
0.215360
0.215712
0.215072
0.215616
0.215584
0.215232
0.215936
0.216448
0.215360
0.216224
0.215424
0.215360
0.215552
0.215264
0.395712
0.337440
0.350208
0.217088
0.216288
0.215584
0.215744
0.216736
0.215296
0.216480
0.215104
0.215200
0.216288
0.215232
0.215648
0.216640
0.215232
0.216224
0.215168
0.215424
0.216416
0.215264
0.216096
0.216448
0.215680
0.215584
0.215488
0.216544
0.215328
0.216224
0.215232
0.215744
0.215456
0.215584
0.215200
0.215776
0.215328
0.215360
0.215136
0.216288
0.215616
0.215904
0.216736
0.215040
0.215840
0.216640
0.216256
0.215648
0.215360
0.215200
0.215296
0.215168
0.216608
0.216000
0.216224
0.215680
0.215296
0.215040
0.214400
0.215360
0.215104
0.215488
0.472992
0.217536
0.217088
0.216352
0.216160
0.215200
0.216416
0.216928
0.217248
0.231072
0.227328
0.237184
0.217088
0.234784
0.218880
0.216032
0.217760
0.217728
0.216352
0.215392
0.216000
0.216640
0.215200
0.215968
0.215424
0.215904
0.215296
0.216032
0.215264
0.215776
0.215328
0.216960
0.216448
0.218976
0.216704
0.216832
0.215520
0.217088
0.215616
0.215040
0.216000
0.215456
0.215520
0.216160
0.215136
0.216064
0.215456
0.215584
0.216096
0.215808
0.215296
0.215136
0.215712
0.216576
0.215552
0.215296
0.215872
0.215296
0.215840
0.215872
0.216096
0.215456
0.215072
0.215488
0.216000
0.215520
0.217024
0.217120
0.215328
0.215616
0.215136
0.228768
0.247520
0.217920
0.217920
0.218336
0.217728
0.216896
0.215680
0.215392
0.216352
0.215552
0.216544
0.215232
0.215072
0.215456
0.215424
0.215296
0.221376
0.216832
0.215424
0.215328
0.215168
0.215264
0.216448
0.215520
0.219872
0.215584
0.215296
0.216640
0.215488
0.215680
0.216288
0.215456
0.234656
0.237312
0.215424
0.216192
0.215392
0.215296
0.215680
0.216576
0.216224
0.215392
0.216320
0.216576
0.215104
0.216032
0.215648
0.215648
0.215200
0.216256
0.227936
0.216608
0.215648
0.216064
0.215520
0.215104
0.215488
0.216384
0.215488
0.215616
0.215296
0.216192
0.215616
0.216352
0.216288
0.215584
0.216256
0.215232
0.215392
0.215200
0.216320
0.215392
0.215328
0.215232
0.215776
0.215520
0.215040
0.215488
0.216704
0.217792
0.215904
0.216768
0.215232
0.216160
0.217440
0.217184
0.219136
0.219200
0.217344
0.216800
0.215648
0.215360
0.215424
0.215040
0.216256
0.215232
0.215104
0.216032
0.215424
0.215392
0.215200
0.216320
0.215264
0.215520
0.215136
0.216640
0.216160
0.216128
0.215328
0.215200
0.215680
0.216256
0.215104
0.215840
0.215424
0.215328
0.223232
0.342016
0.216672
0.216832
0.216896
0.215584
0.216608
0.216576
0.215648
0.215200
0.216032
0.215520
0.216256
0.215296
0.215712
0.215040
0.215424
0.216960
0.216896
0.215488
0.215936
0.215872
0.215776
0.215040
0.216384
0.216480
0.215168
0.216128
0.215456
0.216256
0.215200
0.216416
0.215040
0.216096
0.215328
0.216032
0.215264
0.216320
0.216512
0.215392
0.215168
0.215936
0.245952
0.216672
0.215168
0.216288
0.215072
0.215264
0.215904
0.215392
0.215360
0.215072
0.216256
0.216224
0.215552
0.216192
0.215040
0.216864
0.216800
0.215424
0.407840
0.339136
0.350400
0.216832
0.216448
0.216416
0.217376
0.215328
0.215104
0.216576
0.215520
0.215840
0.215200
0.215168
0.216224
0.216288
0.215424
0.215776
0.216128
0.215296
0.215040
0.215584
0.215392
0.215968
0.215520
0.216384
0.215520
0.216352
0.215456
0.215712
0.216512
0.215040
0.216608
0.230880
0.477184
0.218336
0.216960
0.215712
0.215744
0.216128
0.214880
0.213888
0.215200
0.214848
0.214752
0.214752
0.215328
0.214688
0.215040
0.215040
0.215200
0.215040
0.214400
0.215616
0.217280
0.216832
0.224864
0.228672
0.217088
0.216352
0.214784
0.214912
0.214592
0.214816
0.214848
0.215040
0.214848
0.215040
0.215360
0.215680
0.214976
0.215040
0.223424
0.233216
0.216000
0.215808
0.214784
0.215008
0.215040
0.214912
0.214752
0.215584
0.215040
0.215040
0.214848
0.215136
0.230688
0.215328
0.214848
0.215040
0.215040
0.215424
0.215072
0.215008
0.214720
0.214944
0.214144
0.215296
0.215040
0.215040
0.214944
0.215040
0.215008
0.215040
0.218272
0.215456
0.214368
0.215072
0.214784
0.215072
0.215040
0.215040
0.215008
0.215168
0.214912
0.214976
0.215072
0.214816
0.214656
0.215040
0.214976
0.215040
0.215072
0.215168
0.214912
0.215744
0.214816
0.214912
0.215040
0.215360
0.216384
0.214880
0.214752
0.214784
0.214688
0.214816
0.215264
0.215040
0.215008
0.214816
0.213984
0.215168
0.215328
0.215392
0.214848
0.214944
0.214720
0.214080
0.213824
0.214912
0.214656
0.214752
0.214816
0.214528
0.214912
0.214144
0.215072
0.214976
0.215040
0.331584
0.215296
0.215104
0.214144
0.214784
0.393216
0.215488
0.350752
0.216448
0.214688
0.214688
0.214912
0.473888
0.217088
0.216736
0.215072
0.214848
0.214496
0.214976
0.214784
0.215584
0.214432
0.214912
0.214848
0.215040
0.214912
0.215264
0.214784
0.215072
0.214080
0.215136
0.215744
0.231904
0.215040
0.215104
0.214816
0.214912
0.214880
0.214848
0.215424
0.231744
0.224992
0.236160
0.215872
0.215552
0.219040
0.232224
0.215520
0.216736
0.216544
0.216096
0.214912
0.214848
0.215040
0.215200
0.214592
0.215072
0.214912
0.215424
0.215040
0.215040
0.214176
0.215040
0.214912
0.214848
0.215040
0.214400
0.215008
0.215520
0.214880
0.215008
0.215456
0.214816
0.214816
0.214976
0.214976
0.214112
0.214080
0.214944
0.214880
0.214688
0.214912
0.214848
0.215008
0.215360
0.214304
0.215072
0.214816
0.215040
0.214848
0.214240
0.214400
0.215072
0.215040
0.215040
0.215040
0.214976
0.214912
0.214880
0.214208
0.214240
0.215040
0.214944
0.214944
0.214944
0.215264
0.215040
0.215040
0.214816
0.215328
0.215168
0.214592
0.214464
0.214944
0.215040
0.215008
0.215040
0.215040
0.216256
0.214880
0.214944
0.214656
0.216224
0.214976
0.214752
0.214432
0.215072
0.214816
0.214656
0.214784
0.215040
0.215040
0.214912
0.214688
0.214880
0.215840
0.214688
0.215040
0.215040
0.214848
0.214560
0.214784
0.214624
0.214912
0.215168
0.215136
0.215040
0.215040
0.214528
0.214848
0.214464
0.214816
0.214976
0.214112
0.215168
0.214784
0.215040
0.214944
0.214880
0.214752
0.214752
0.214656
0.215264
0.222144
0.215936
0.222560
0.238848
0.215584
0.215456
0.215840
0.215104
0.214688
0.214720
0.214784
0.214816
0.215616
0.215328
0.215264
0.214880
0.214848
0.214784
0.214560
0.215040
0.215040
0.214880
0.215040
0.215072
0.215584
0.215040
0.214720
0.215520
0.226272
0.216128
0.224224
0.217088
0.216192
0.214848
0.214976
0.215040
0.215200
0.214720
0.215040
0.215072
0.214848
0.214848
0.214784
0.214912
0.215008
0.214784
0.214560
0.215168
0.214880
0.215360
0.215040
0.214912
0.215296
0.214944
0.215040
0.215040
0.214976
0.214848
0.214624
0.214816
0.214784
0.214944
0.214336
0.215296
0.215040
0.215008
0.214880
0.213952
0.216384
0.215392
0.217312
0.218240
0.217248
0.217280
0.217280
0.217216
0.217440
0.217536
0.217952
0.217888
0.217472
0.217312
0.217056
0.217088
0.218240
0.217088
0.218304
0.218496
0.217152
0.217760
0.217344
0.217632
0.217152
0.218336
0.217216
0.217728
0.218208
0.217088
0.217280
0.217408
0.218624
0.217088
0.218080
0.217824
0.217600
0.217472
0.217312
0.217184
0.217568
0.217408
0.217120
0.218368
0.217344
0.218304
0.217088
0.218304
0.217600
0.217408
0.217408
0.217600
0.217280
0.238368
0.217920
0.218304
0.217344
0.217504
0.217088
0.218016
0.217312
0.218528
0.217888
0.217440
0.217344
0.217504
0.218496
0.217248
0.217312
0.335488
0.218944
0.218432
0.217376
0.218016
0.217472
0.217376
0.218112
0.217280
0.217344
0.218912
0.217088
0.217280
0.217472
0.217440
0.217440
0.217408
0.217344
0.217632
0.407296
0.354144
0.218368
0.218592
0.217440
0.217184
0.217920
0.217376
0.218016
0.217280
0.218016
0.217184
0.218464
0.217280
0.217792
0.217632
0.219104
0.218272
0.219616
0.220512
0.217408
0.224704
0.219168
0.218368
0.225792
0.240096
0.217696
0.218176
0.217536
0.217504
0.217088
0.217344
0.217248
0.226720
0.218272
0.217888
0.217408
0.217728
0.217632
0.218336
0.217600
0.217376
0.217280
0.217504
0.217184
0.217568
0.217376
0.217088
0.218080
0.217408
0.218368
0.479072
0.220832
0.219328
0.217856
0.218496
0.217568
0.217280
0.217664
0.217504
0.217344
0.218112
0.217440
0.218176
0.217056
0.218336
0.217632
0.217696
0.218240
0.217568
0.217152
0.217216
0.218112
0.217184
0.217280
0.218208
0.218176
0.217408
0.217024
0.217184
0.217664
0.217088
0.217216
0.217920
0.217120
0.216960
0.218176
0.217536
0.217376
0.217088
0.218080
0.217760
0.230464
0.218976
0.217248
0.236768
0.216928
0.220096
0.216704
0.216416
0.215584
0.216256
0.216160
0.215264
0.216672
0.216256
0.216256
0.215680
0.215232
0.215296
0.216096
0.215264
0.216064
0.215584
0.215456
0.216128
0.215616
0.216064
0.215712
0.215552
0.216128
0.215744
0.216160
0.216480
0.249248
0.215648
0.216384
0.216256
0.215136
0.216320
0.215328
0.216384
0.215520
0.215168
0.216608
0.215232
0.215456
0.215360
0.215264
0.216064
0.215552
0.215744
0.215168
0.216000
0.215616
0.216256
0.215616
0.216544
0.215104
0.215616
0.215040
0.216032
0.215520
0.215264
0.215168
0.216448
0.215296
0.215584
0.216576
0.215360
0.215424
0.216320
0.215520
0.216224
0.215648
0.216352
0.216448
0.216448
0.216000
0.216768
0.226912
0.216864
0.234432
0.215264
0.215488
0.215904
0.227232
0.216672
0.215840
0.216512
0.215104
0.216128
0.215104
0.215424
0.216096
0.215488
0.215168
0.215520
0.215776
0.215360
0.215392
0.215904
0.216640
0.217056
0.216320
0.216576
0.220352
0.344352
0.216640
0.216288
0.216096
0.215392
0.215264
0.215424
0.215232
0.216224
0.218944
0.215360
0.217056
0.215936
0.216512
0.215424
0.215808
0.216448
0.215200
0.215392
0.215552
0.215200
0.216736
0.215168
0.215648
0.216224
0.215328
0.216064
0.215840
0.215744
0.215392
0.215584
0.216064
0.215680
0.215808
0.216512
0.215072
0.216224
0.409408
0.339136
0.351904
0.217088
0.215296
0.215424
0.215520
0.215072
0.215648
0.216288
0.217344
0.216864
0.216352
0.217088
0.217088
0.225280
0.216640
0.216000
0.215744
0.215296
0.215392
0.216032
0.215648
0.215136
0.215232
0.216800
0.215040
0.216352
0.215264
0.476128
0.217216
0.217088
0.217056
0.216128
0.224704
0.215712
0.215840
0.216416
0.215968
0.216320
0.215296
0.215328
0.215456
0.216064
0.215392
0.216448
0.215680
0.215040
0.216288
0.215424
0.216672
0.216416
0.216096
0.215584
0.215136
0.215520
0.216256
0.215552
0.215904
0.215584
0.215648
0.216384
0.215712
0.344992
0.216992
0.215328
0.215488
0.215232
0.215136
0.216256
0.215072
0.215328
0.216416
0.215584
0.216128
0.215232
0.216096
0.216928
0.235744
0.216064
0.237568
0.224896
0.216096
0.215552
0.216032
0.216416
0.386976
0.433216
0.217216
0.215456
0.216160
0.215456
0.222880
0.216416
0.216768
0.215584
0.215616
0.476960
0.217952
0.217120
0.216256
0.216768
0.218560
0.218528
0.215488
0.216448
0.216160
0.216224
0.215328
0.215360
0.215648
0.216320
0.216352
0.215488
0.216128
0.216224
0.215584
0.215040
0.215264
0.215616
0.215808
0.216608
0.215136
0.216160
0.215776
0.215456
0.216000
0.215328
0.216448
0.215360
0.216576
0.216256
0.216320
0.215200
0.216224
0.215520
0.215264
0.216736
0.215264
0.216032
0.215360
0.216096
0.215040
0.216192
0.215296
0.216096
0.216512
0.216448
0.215232
0.215712
0.215584
0.215072
0.216032
0.215680
0.216032
0.215552
0.215168
0.215360
0.216064
0.215584
0.215264
0.215744
0.216704
0.216096
0.215488
0.216160
0.216000
0.216096
0.215744
0.215488
0.215520
0.216096
0.215264
0.216320
0.215424
0.215744
0.215520
0.215584
0.216288
0.216192
0.215296
0.216288
0.215232
0.215424
0.216480
0.215680
0.215552
0.215264
0.215040
0.216288
0.215392
0.215488
0.216448
0.215424
0.216192
0.215488
0.215104
0.215296
0.216064
0.215456
0.216192
0.215136
0.215840
0.216288
0.215488
0.215872
0.215232
0.216128
0.215360
0.215744
0.215488
0.215552
0.215456
0.215296
0.216000
0.215360
0.215040
0.215456
0.216320
0.215552
0.216192
0.215520
0.215456
0.216704
0.216608
0.216672
0.225632
0.224032
0.231040
0.215456
0.215872
0.216160
0.215744
0.216064
0.215936
0.215840
0.215040
0.216064
0.228032
0.231104
0.215264
0.215520
0.215552
0.216384
0.215392
0.215872
0.215136
0.215360
0.216096
0.215616
0.216128
0.215584
0.215648
0.215328
0.216160
0.215136
0.217120
0.335872
0.231584
0.231744
0.216960
0.215360
0.225440
0.217088
0.217088
0.216768
0.216736
0.215040
0.215200
0.216064
0.215424
0.216128
0.215680
0.215744
0.216320
0.215520
0.215424
0.216320
0.215264
0.215328
0.215904
0.215488
0.215040
0.215776
0.215424
0.216224
0.215424
0.215616
0.215328
0.215840
0.215968
0.216064
0.215712
0.216896
0.215200
0.216352
0.215200
0.216352
0.215072
0.215360
0.216352
0.216128
0.215616
0.216288
0.215264
0.215872
0.215136
0.215232
0.215424
0.215360
0.215040
0.215296
0.214720
0.215040
0.215328
0.215904
0.214944
0.214240
0.215040
0.214912
0.215136
0.399008
0.216352
0.432064
0.223456
0.216288
0.214848
0.214496
0.214848
0.215040
0.215040
0.215040
0.214976
0.214272
0.214176
0.214656
0.214944
0.214976
0.214912
0.214080
0.214624
0.213984
0.216256
0.214848
0.215040
0.214176
0.214176
0.214016
0.214880
0.214688
0.214880
0.215040
0.215104
0.214784
0.214720
0.214880
0.214976
0.215040
0.215008
0.214656
0.214592
0.215328
0.216128
0.215040
0.214752
0.214912
0.214848
0.214976
0.213632
0.221760
0.215392
0.216544
0.231200
0.216288
0.215232
0.215936
0.215168
0.215008
0.214368
0.215296
0.215072
0.214592
0.214400
0.474880
0.217088
0.217088
0.233024
0.215296
0.215168
0.214528
0.214912
0.214240
0.214848
0.215040
0.214944
0.215040
0.222464
0.215296
0.214816
0.215328
0.227328
0.215552
0.215360
0.215104
0.214560
0.215040
0.213984
0.215040
0.215040
0.215232
0.215040
0.214944
0.214976
0.214912
0.215360
0.215040
0.214752
0.215872
0.215040
0.214688
0.214624
0.214976
0.214816
0.214880
0.215040
0.214912
0.215104
0.215328
0.215008
0.214912
0.214944
0.215040
0.215168
0.215136
0.215008
0.214784
0.214368
0.214080
0.215200
0.215040
0.215040
0.215040
0.215104
0.214720
0.214496
0.214080
0.215040
0.214144
0.215040
0.215424
0.229920
0.216288
0.215840
0.215136
0.214912
0.214688
0.214976
0.214848
0.215008
0.214752
0.214752
0.215232
0.214656
0.215008
0.214112
0.215072
0.214656
0.214592
0.215040
0.215040
0.214848
0.214688
0.215104
0.214912
0.215296
0.215168
0.215040
0.215296
0.214848
0.214464
0.214656
0.214880
0.214944
0.214976
0.215008
0.214912
0.214848
0.215712
0.215680
0.215040
0.214816
0.214912
0.215104
0.215040
0.214624
0.214720
0.215008
0.215040
0.215328
0.214880
0.214912
0.214944
0.215008
0.214080
0.214048
0.215200
0.215104
0.221472
0.215040
0.215296
0.216512
0.215296
0.235392
0.216576
0.215040
0.215456
0.215360
0.215008
0.215040
0.231424
0.231520
0.215456
0.215008
0.218240
0.215296
0.215168
0.214784
0.214880
0.214784
0.226176
0.214880
0.214816
0.214816
0.215232
0.214592
0.214176
0.214816
0.215104
0.214144
0.214656
0.215008
0.215424
0.215040
0.214880
0.213920
0.214784
0.214880
0.214560
0.213888
0.214720
0.215040
0.218496
0.332128
0.215328
0.214784
0.214784
0.214720
0.385024
0.336224
0.349984
0.216800
0.215136
0.214880
0.215008
0.214720
0.214464
0.214080
0.214880
0.214592
0.214816
0.214528
0.213888
0.214848
0.215040
0.220640
0.214464
0.215072
0.214112
0.214688
0.214912
0.214944
0.215040
0.214784
0.214432
0.214848
0.215200
0.214688
0.214848
0.215040
0.214400
0.214112
0.229696
0.215168
0.214976
0.214976
0.214944
0.473088
0.216576
0.217056
0.215040
0.215072
0.215264
0.215264
0.215040
0.215104
0.214752
0.214208
0.214880
0.214912
0.215296
0.215168
0.215040
0.215040
0.215008
0.215168
0.214912
0.214944
0.214720
0.214560
0.214912
0.214752
0.214336
0.214080
0.214848
0.215040
0.215040
0.215008
0.215264
0.215072
0.213792
0.213888
0.214912
0.215040
0.215168
0.214240
0.215072
0.214944
0.214784
0.214944
0.215040
0.214016
0.214944
0.214656
0.214880
0.215040
0.215104
0.214400
0.214944
0.215200
0.214336
0.214976
0.214080
0.214880
0.214880
0.215360
0.215104
0.215264
0.214912
0.215200
0.215104
0.214784
0.214752
0.215008
0.215328
0.214624
0.215808
0.215776
0.220224
0.214880
0.215328
0.216608
0.217376
0.215456
0.237504
0.231520
0.216032
0.214624
0.214560
0.215648
0.215040
0.214944
0.215040
0.215904
0.215040
0.214912
0.214816
0.214880
0.214592
0.213984
0.214400
0.214912
0.215040
0.213984
0.214976
0.214816
0.215168
0.214432
0.235872
0.215296
0.214368
0.215040
0.215008
0.214688
0.214944
0.214752
0.215072
0.215040
0.232736
0.215360
0.214912
0.215328
0.214912
0.215392
0.214912
0.215008
0.215040
0.214912
0.215072
0.214240
0.214752
0.215200
0.215168
0.214656
0.214848
0.214016
0.214976
0.215008
0.214816
0.214816
0.214880
0.214976
0.214048
0.215136
0.214912
0.215040
0.215072
0.214976
0.215200
0.215616
0.215136
0.214784
0.214624
0.215040
0.214880
0.214464
0.215680
0.214784
0.215808
0.214848
0.215104
0.214368
0.214976
0.215072
0.214880
0.215616
0.214848
0.215072
0.215488
0.216128
0.233088
0.228832
0.215680
0.225248
0.215456
0.215136
0.215008
0.229760
0.214784
0.214944
0.215040
0.214976
0.216384
0.215872
0.214848
0.215456
0.331744
0.215424
0.215072
0.215040
0.214912
0.215040
0.214976
0.214880
0.214784
0.214816
0.215072
0.214912
0.214048
0.214912
0.225280
0.215104
0.214976
0.215168
0.215040
0.393216
0.348160
0.217056
0.214848
0.215744
0.215136
0.214592
0.214336
0.215040
0.215040
0.214848
0.214848
0.215040
0.214976
0.215040
0.214336
0.217088
0.215840
0.216096
0.215616
0.229376
0.229696
0.215936
0.215072
0.215168
0.215328
0.214848
0.215200
0.215008
0.215008
0.215136
0.215264
0.215040
0.214880
0.215232
0.215232
0.214592
0.214496
0.215040
0.215104
0.214816
0.215008
0.214688
0.214976
0.214912
0.215040
0.215104
0.214944
0.215264
0.215040
0.214912
0.214944
0.214016
0.213888
0.214112
0.215040
0.215072
0.214880
0.214656
0.215200
0.214720
0.214560
0.214688
0.216416
0.215232
0.215040
0.214816
0.214848
0.214880
0.215200
0.214912
0.214848
0.214560
0.215072
0.213760
0.214912
0.214720
0.215040
0.215040
0.215040
0.214752
0.215072
0.215040
0.214880
0.214592
0.214656
0.214848
0.214880
0.214816
0.215744
0.213920
0.214976
0.215008
0.214944
0.215232
0.214880
0.214048
0.214016
0.214784
0.215008
0.215040
0.214560
0.215296
0.215136
0.215264
0.214816
0.214688
0.214944
0.215008
0.214144
0.215008
0.215040
0.215040
0.215008
0.214944
0.214880
0.214656
0.214688
0.214912
0.215104
0.214272
0.214336
0.214944
0.214528
0.214752
0.217024
0.217120
0.218464
0.217568
0.217248
0.217184
0.217344
0.217440
0.218240
0.217664
0.217568
0.217280
0.217760
0.217088
0.218432
0.217568
0.218368
0.217504
0.218112
0.217472
0.218304
0.217216
0.217824
0.216864
0.218144
0.217120
0.218112
0.217472
0.218304
0.217440
0.217792
0.217216
0.217088
0.218336
0.217280
0.218272
0.217536
0.217856
0.217088
0.218176
0.217504
0.217088
0.217792
0.217152
0.218496
0.218656
0.218720
0.219136
0.218816
0.217792
0.218464
0.223456
0.218464
0.217248
0.217312
0.217696
0.217280
0.217408
0.218432
0.217312
0.218624
0.218272
0.217088
0.217856
0.217568
0.218656
0.217952
0.218592
0.217248
0.217216
0.217568
0.217952
0.218208
0.217632
0.232864
0.226816
0.219072
0.217248
0.218272
0.217536
0.217376
0.217440
0.217632
0.218208
0.218304
0.217472
0.233056
0.227008
0.218048
0.231424
0.218592
0.217216
0.217216
0.217408
0.217472
0.218144
0.217216
0.217792
0.217088
0.218464
0.231648
0.218464
0.217504
0.217920
0.217536
0.217536
0.217696
0.217504
0.217632
0.218016
0.217312
0.218016
0.217472
0.217440
0.218112
0.217824
0.217184
0.217856
0.218496
0.218464
0.217280
0.217344
0.217696
0.217664
0.217536
0.217632
0.218304
0.217216
0.218560
0.217152
0.217600
0.218432
0.217376
0.217248
0.217440
0.218240
0.217408
0.218336
0.217440
0.217216
0.218624
0.217472
0.217728
0.217504
0.218048
0.217696
0.217152
0.217376
0.217760
0.221056
0.218688
0.335776
0.217536
0.217728
0.217632
0.218048
0.217280
0.217216
0.217600
0.217248
0.217248
0.218080
0.217824
0.217472
0.217376
0.217472
0.218176
0.217408
0.218112
0.217440
0.217536
0.217344
0.219584
0.218336
0.217152
0.218112
0.217472
0.217760
0.218112
0.217536
0.218176
0.217472
0.217888
0.217152
0.218048
0.217664
0.217728
0.366304
0.350112
0.354208
0.219360
0.218784
0.218112
0.217760
0.221184
0.218592
0.217248
0.218016
0.217664
0.218336
0.217312
0.218464
0.217472
0.217216
0.218624
0.218144
0.217728
0.217408
0.217728
0.218176
0.217728
0.217472
0.217248
0.217728
0.217472
0.217664
0.217920
0.231840
0.218720
0.218848
0.218912
0.218720
0.217280
0.218624
0.217856
0.218496
0.217408
0.217312
0.217792
0.218112
0.217600
0.217280
0.217408
0.218400
0.217440
0.217408
0.217472
0.217984
0.217376
0.217216
0.217728
0.217792
0.217152
0.217472
0.217568
0.217376
0.217600
0.217472
0.217376
0.217280
0.217664
0.218240
0.479872
0.220608
0.219136
0.219072
0.218112
0.217792
0.217632
0.217088
0.218048
0.217504
0.218176
0.217536
0.217376
0.223584
0.218688
0.217504
0.217248
0.217536
0.218176
0.217632
0.218368
0.217504
0.218528
0.217248
0.217504
0.217984
0.217120
0.218368
0.218240
0.217472
0.218496
0.217536
0.217664
0.218176
0.217376
0.217504
0.217408
0.218464
0.217504
0.234272
0.218080
0.217472
0.217216
0.218112
0.217344
0.217408
0.217248
0.217984
0.217312
0.217088
0.217536
0.218176
0.217504
0.217952
0.218368
0.217024
0.218240
0.217472
0.217504
0.217408
0.217120
0.218272
0.218176
0.217440
0.218336
0.217280
0.217440
0.217152
0.218272
0.217120
0.217184
0.217280
0.218048
0.217280
0.223584
0.218496
0.217504
0.217376
0.217856
0.218720
0.229696
2203.091648
