115750.000000
115485.000000
118318.000000
115176.000000
115968.000000
116902.000000
115674.000000
115390.000000
121685.000000
126914.000000
116047.000000
115675.000000
114891.000000
116415.000000
115454.000000
115131.000000
121114.000000
115122.000000
115750.000000
115187.000000
115279.000000
115202.000000
116358.000000
114876.000000
115462.000000
121048.000000
115274.000000
115875.000000
115444.000000
115089.000000
115318.000000
115418.000000
115070.000000
115723.000000
120853.000000
115295.000000
119041.000000
115422.000000
115243.000000
116559.000000
115229.000000
115402.000000
119237.000000
118494.000000
115143.000000
115214.000000
114924.000000
115089.000000
116904.000000
114909.000000
115272.000000
120658.000000
115031.000000
115749.000000
114819.000000
115677.000000
115615.000000
116039.000000
114982.000000
115417.000000
121060.000000
115682.000000
115677.000000
114954.000000
115062.000000
116547.000000
115665.000000
115832.000000
115532.000000
120810.000000
115167.000000
116205.000000
115116.000000
115348.000000
116368.000000
115339.000000
117213.000000
120907.000000
114982.000000
115331.000000
115441.000000
114925.000000
116264.000000
115337.000000
115535.000000
127374.000000
121958.000000
115393.000000
115400.000000
115499.000000
115200.000000
116174.000000
115349.000000
115772.000000
115451.000000
121252.000000
115294.000000
115373.000000
115371.000000
116534.000000
115304.000000
116297.000000
115764.000000
120867.000000
115311.000000
115548.000000
115653.000000
115157.000000
116331.000000
115446.000000
116585.000000
115722.000000
121036.000000
115472.000000
115273.000000
115611.000000
115795.000000
115774.000000
114888.000000
115153.000000
115541.000000
120551.000000
115198.000000
115173.000000
115086.000000
116406.000000
115290.000000
115282.000000
115871.000000
119820.000000
116909.000000
115471.000000
115726.000000
115216.000000
116313.000000
115407.000000
115167.000000
115208.000000
121023.000000
115520.000000
117031.000000
115060.000000
116854.000000
114945.000000
115349.000000
115326.000000
115208.000000
121388.000000
115641.000000
115141.000000
115592.000000
116363.000000
115383.000000
115156.000000
115549.000000
115400.000000
120228.000000
114966.000000
115067.000000
115119.000000
116213.000000
115342.000000
115695.000000
115769.000000
120680.000000
115184.000000
115749.000000
115368.000000
117022.000000
115272.000000
115121.000000
115336.000000
115092.000000
128254.000000
124867.000000
115087.000000
115727.000000
116072.000000
115223.000000
115328.000000
115293.000000
114963.000000
121179.000000
114846.000000
116038.000000
116269.000000
115366.000000
115886.000000
115694.000000
115365.000000
121139.000000
115216.000000
115111.000000
114882.000000
115971.000000
115617.000000
115396.000000
115480.000000
114671.000000
120417.000000
115200.000000
115274.000000
115016.000000
116313.000000
115272.000000
115583.000000
115405.000000
114876.000000
120781.000000
115436.000000
115143.000000
116602.000000
115730.000000
116159.000000
116071.000000
115402.000000
121511.000000
116267.000000
115891.000000
115831.000000
118720.000000
115811.000000
115754.000000
115335.000000
115075.000000
123474.000000
116255.000000
116137.000000
118352.000000
116104.000000
115563.000000
116011.000000
115682.000000
115239.000000
121636.000000
115970.000000
115240.000000
116736.000000
114918.000000
118896.000000
117572.000000
115326.000000
120641.000000
115320.000000
115010.000000
116318.000000
115249.000000
114962.000000
116033.000000
118112.000000
115772.000000
121521.000000
118398.000000
115717.000000
116881.000000
115652.000000
115303.000000
115426.000000
115255.000000
115479.000000
120416.000000
124686.000000
116139.000000
115965.000000
116444.000000
115671.000000
115424.000000
115254.000000
121091.000000
115200.000000
115205.000000
119446.000000
119384.000000
116469.000000
117402.000000
116532.000000
116705.000000
121937.000000
116496.000000
116711.000000
118279.000000
116262.000000
117047.000000
120343.000000
116275.000000
116552.000000
122057.000000
116482.000000
117524.000000
117808.000000
116221.000000
116517.000000
116553.000000
121452.000000
126783.000000
116078.000000
117157.000000
118270.000000
116384.000000
117079.000000
116449.000000
116329.000000
116594.000000
122181.000000
116474.000000
118275.000000
118316.000000
116864.000000
116668.000000
116543.000000
116557.000000
122769.000000
116402.000000
117042.000000
118013.000000
116964.000000
116944.000000
116568.000000
117614.000000
116671.000000
122699.000000
116198.000000
117507.000000
118232.000000
116642.000000
116576.000000
116435.000000
116182.000000
117789.000000
120135.000000
116723.000000
117083.000000
116623.000000
119011.000000
116710.000000
116412.000000
116443.000000
121755.000000
116538.000000
117471.000000
117881.000000
116884.000000
116436.000000
116595.000000
116754.000000
116542.000000
121783.000000
116760.000000
117416.000000
147553.000000
124129.000000
117164.000000
116333.000000
116278.000000
122278.000000
116539.000000
121343.000000
116567.000000
116688.000000
116774.000000
116567.000000
116024.000000
116306.000000
122298.000000
118209.000000
116678.000000
116675.000000
116840.000000
116859.000000
116453.000000
116736.000000
122177.000000
116610.000000
117536.000000
116600.000000
119717.000000
116926.000000
116484.000000
116000.000000
116194.000000
121818.000000
118284.000000
116631.000000
116919.000000
117319.000000
117056.000000
116845.000000
116734.000000
122447.000000
116724.000000
117874.000000
117776.000000
123223.000000
115293.000000
115293.000000
115233.000000
115442.000000
121385.000000
116882.000000
115014.000000
115293.000000
115614.000000
115413.000000
115239.000000
121186.000000
114949.000000
127555.000000
120618.000000
125500.000000
115672.000000
115149.000000
115227.000000
115369.000000
115010.000000
120443.000000
116144.000000
115184.000000
115382.000000
115531.000000
115337.000000
116321.000000
115775.000000
115040.000000
120656.000000
116003.000000
114990.000000
115365.000000
115275.000000
114971.000000
115909.000000
114915.000000
115254.000000
121164.000000
116006.000000
115098.000000
115408.000000
129222.000000
115421.000000
115173.000000
115312.000000
123106.000000
116657.000000
115919.000000
115371.000000
115451.000000
115869.000000
115827.000000
115610.000000
115124.000000
121840.000000
115983.000000
115659.000000
116528.000000
115986.000000
115272.000000
115392.000000
115334.000000
115062.000000
122658.000000
115316.000000
115149.000000
115165.000000
115224.000000
115674.000000
115315.000000
114817.000000
120724.000000
115829.000000
115366.000000
115182.000000
115675.000000
115110.000000
115845.000000
116032.000000
114913.000000
121339.000000
115479.000000
115420.000000
115847.000000
115482.000000
115065.000000
115453.000000
115886.000000
115530.000000
122386.000000
115673.000000
115612.000000
115192.000000
115294.000000
115221.000000
115385.000000
115157.000000
120913.000000
116605.000000
115514.000000
115848.000000
115152.000000
115162.000000
115119.000000
114897.000000
115146.000000
123230.000000
118277.000000
115266.000000
115573.000000
114955.000000
115593.000000
115512.000000
115081.000000
115155.000000
121611.000000
114934.000000
115360.000000
115290.000000
115435.000000
115280.000000
115154.000000
115872.000000
131242.000000
115200.000000
115525.000000
115963.000000
115563.000000
115459.000000
124804.000000
115191.000000
115393.000000
122121.000000
115112.000000
115339.000000
115361.000000
115573.000000
115482.000000
115841.000000
115435.000000
116090.000000
121970.000000
115380.000000
115598.000000
115231.000000
115241.000000
115589.000000
115456.000000
115207.000000
119849.000000
117365.000000
115342.000000
115363.000000
115478.000000
115247.000000
124007.000000
115181.000000
115797.000000
122175.000000
115120.000000
115797.000000
115134.000000
115361.000000
115475.000000
115343.000000
114906.000000
116454.000000
121140.000000
115061.000000
115373.000000
114821.000000
115100.000000
115004.000000
115435.000000
115041.000000
116538.000000
121304.000000
115545.000000
115585.000000
115441.000000
115560.000000
115515.000000
115117.000000
115818.000000
121059.000000
115610.000000
115549.000000
115108.000000
115111.000000
115275.000000
115047.000000
115016.000000
115995.000000
120588.000000
117259.000000
115449.000000
115476.000000
115000.000000
115438.000000
115007.000000
115896.000000
115649.000000
120845.000000
115543.000000
115438.000000
115232.000000
115137.000000
114903.000000
114915.000000
115944.000000
121703.000000
115305.000000
115633.000000
115162.000000
115507.000000
115281.000000
115368.000000
131682.000000
116661.000000
121895.000000
115787.000000
115404.000000
115380.000000
115121.000000
115120.000000
114801.000000
115419.000000
116335.000000
121074.000000
115484.000000
115143.000000
115613.000000
115701.000000
115474.000000
115199.000000
116346.000000
120995.000000
116095.000000
115180.000000
114983.000000
115453.000000
114978.000000
114804.000000
115801.000000
115686.000000
120935.000000
115139.000000
115142.000000
115182.000000
115391.000000
115491.000000
114867.000000
115509.000000
115713.000000
120976.000000
115374.000000
115046.000000
115328.000000
115411.000000
115155.000000
115421.000000
116431.000000
117829.000000
123259.000000
115519.000000
115321.000000
115364.000000
115696.000000
115119.000000
116337.000000
116080.000000
120419.000000
115686.000000
115072.000000
115199.000000
115300.000000
115116.000000
114877.000000
116333.000000
115429.000000
121812.000000
115572.000000
115611.000000
115427.000000
115804.000000
114992.000000
116465.000000
115868.000000
115116.000000
121015.000000
115018.000000
114967.000000
115639.000000
115025.000000
114995.000000
115390.000000
116237.000000
121400.000000
115577.000000
115259.000000
115263.000000
115555.000000
114768.000000
114902.000000
116137.000000
125705.000000
120817.000000
115202.000000
115124.000000
115440.000000
115206.000000
124396.000000
115829.000000
115727.000000
115647.000000
121054.000000
114976.000000
115402.000000
115230.000000
115026.000000
114791.000000
116116.000000
114641.000000
121842.000000
115481.000000
115382.000000
115246.000000
115708.000000
116844.000000
115905.000000
116087.000000
115095.000000
121434.000000
115164.000000
115212.000000
115217.000000
115298.000000
115308.000000
115663.000000
116095.000000
115545.000000
121015.000000
115225.000000
115026.000000
115346.000000
115129.000000
116117.000000
116249.000000
115140.000000
115538.000000
120665.000000
115388.000000
115471.000000
115480.000000
118981.000000
115699.000000
116150.000000
115255.000000
120637.000000
114908.000000
115402.000000
115441.000000
115282.000000
114943.000000
116318.000000
115230.000000
115090.000000
120670.000000
114917.000000
115207.000000
115409.000000
114833.000000
115456.000000
116008.000000
115463.000000
115183.000000
120504.000000
115265.000000
115350.000000
114803.000000
115043.000000
115815.000000
115404.000000
115603.000000
121434.000000
115488.000000
115221.000000
115027.000000
114834.000000
118054.000000
118161.000000
115639.000000
115421.000000
128722.000000
115454.000000
115169.000000
114770.000000
115163.000000
115698.000000
115833.000000
115375.000000
115782.000000
120985.000000
115427.000000
115141.000000
115407.000000
115408.000000
116646.000000
114903.000000
115398.000000
121095.000000
115062.000000
115301.000000
117836.000000
115420.000000
116048.000000
116431.000000
114907.000000
115416.000000
120387.000000
115239.000000
115339.000000
115305.000000
115034.000000
115574.000000
115967.000000
115215.000000
115470.000000
120357.000000
115178.000000
115910.000000
114893.000000
115691.000000
115873.000000
115451.000000
115717.000000
115306.000000
123355.000000
122364.000000
115609.000000
114673.000000
115513.000000
115766.000000
115857.000000
115260.000000
120425.000000
115098.000000
115103.000000
114977.000000
114848.000000
116284.000000
114963.000000
117987.000000
115836.000000
121208.000000
115529.000000
115607.000000
115110.000000
115762.000000
115978.000000
115197.000000
115464.000000
114959.000000
121378.000000
115198.000000
114848.000000
115065.000000
115512.000000
115693.000000
115367.000000
115612.000000
120718.000000
123638.000000
115483.000000
115454.000000
116149.000000
116218.000000
115259.000000
115124.000000
119210.000000
120864.000000
116960.000000
123837.000000
114830.000000
116361.000000
116451.000000
115715.000000
116009.000000
116610.000000
120970.000000
115710.000000
115513.000000
115922.000000
116478.000000
115526.000000
115329.000000
115448.000000
120758.000000
115308.000000
115620.000000
115739.000000
115396.000000
115742.000000
115159.000000
115513.000000
114815.000000
120670.000000
115034.000000
114718.000000
115054.000000
116419.000000
116112.000000
115949.000000
115652.000000
114842.000000
121317.000000
115622.000000
115469.000000
116363.000000
116447.000000
115601.000000
115762.000000
115196.000000
120856.000000
115345.000000
115354.000000
124937.000000
118829.000000
119306.000000
119714.000000
125759.000000
115106.000000
120746.000000
115140.000000
115105.000000
115278.000000
115982.000000
115256.000000
116042.000000
115756.000000
119096.000000
117938.000000
115552.000000
115253.000000
115857.000000
115823.000000
115998.000000
115281.000000
114899.000000
120549.000000
115157.000000
114970.000000
115869.000000
116181.000000
115470.000000
115409.000000
115525.000000
115187.000000
120745.000000
115448.000000
115270.000000
116012.000000
116179.000000
116101.000000
116386.000000
116210.000000
117029.000000
126224.000000
116624.000000
126450.000000
119129.000000
116679.000000
116837.000000
116964.000000
116536.000000
124469.000000
116879.000000
116619.000000
117423.000000
117311.000000
116793.000000
116653.000000
116639.000000
116691.000000
122964.000000
116513.000000
116866.000000
117475.000000
116331.000000
116499.000000
116825.000000
116769.000000
121946.000000
117946.000000
116405.000000
117309.000000
117586.000000
122284.000000
117466.000000
116304.000000
116442.000000
122561.000000
116767.000000
117406.000000
117457.000000
116723263.000000
