0.219136
0.213984
0.213632
0.214592
0.216480
0.214944
0.472992
0.216480
0.216384
0.213920
0.213856
0.214240
0.214560
0.213440
0.213856
0.213184
0.213600
0.214720
0.213184
0.214016
0.213120
0.213632
0.213792
0.213504
0.213568
0.213664
0.213952
0.213344
0.214144
0.213408
0.213440
0.214304
1.374432
0.215008
0.214560
0.214336
0.213248
0.213920
0.213440
0.213408
0.213632
0.213280
0.213376
0.213664
0.213152
0.214176
0.213280
0.213632
0.213024
0.227040
0.214080
0.213312
0.213344
0.213408
0.213664
0.213472
0.213728
0.214240
0.213760
0.214464
0.213024
0.214112
0.214368
0.214592
0.214880
0.215456
0.214240
0.213600
0.214816
0.214304
0.212992
0.214048
0.214112
0.213344
0.213088
0.214240
0.213216
0.210496
0.209664
0.210048
0.209632
0.209696
0.210656
0.210784
0.213888
0.210848
0.210656
0.210816
0.209664
0.210304
0.209664
0.209920
0.210880
0.209568
0.210624
0.210080
0.209568
0.210432
0.210560
0.210112
0.209760
0.210432
0.209728
0.210720
0.210304
0.210848
0.210880
0.209920
0.210592
0.210336
0.210016
0.329376
0.211104
0.543808
0.211200
0.210336
0.210784
0.211168
0.210592
0.209888
0.210080
0.349792
0.329792
0.542624
0.212000
0.209696
0.209760
0.210560
0.210688
0.209952
0.211840
0.325728
0.212704
0.210432
0.209952
0.463488
0.212320
0.211360
0.209824
0.210752
0.210240
0.209600
0.210496
0.210016
0.209568
0.210592
0.209600
0.211168
0.225568
0.209664
0.209536
0.210816
0.210656
0.209664
0.210912
0.210624
0.210080
0.209728
0.209600
0.210464
0.210208
0.210144
0.210944
0.210464
0.209504
0.210432
0.209792
0.209888
0.210144
0.209504
0.210304
0.210432
0.209472
0.210240
0.210112
0.210272
0.209312
0.210336
0.209536
0.210464
0.209824
0.210816
0.209568
0.210624
0.223904
0.210816
0.209920
0.210944
0.210496
0.210336
0.209344
0.210880
0.209600
0.210464
0.210624
0.210144
0.210752
0.210176
0.210272
0.209536
0.211040
0.210144
0.209664
0.211296
0.211296
0.210048
0.209504
0.210752
0.210208
0.350208
0.328448
0.431008
0.212288
0.210912
0.210688
0.210016
0.209344
0.211520
0.210816
0.210944
0.210624
0.210144
0.210368
0.209760
0.209760
0.210656
0.209856
0.210560
0.210080
0.210688
0.210464
0.210368
0.209152
0.210528
0.209696
0.210496
0.233632
0.211360
0.209920
0.210400
0.210400
0.209696
0.209984
0.210336
0.209568
0.210560
0.210272
0.210624
0.209408
0.209472
0.212224
0.211520
0.212640
0.212224
0.211328
0.212640
0.211744
0.211712
0.212288
0.211456
0.212384
0.211424
0.212352
0.212288
0.212288
0.211488
0.212480
0.212032
0.212128
0.211520
0.212064
0.211200
0.212384
0.223424
0.212768
0.212608
0.211872
0.469344
0.213952
0.214624
0.212384
0.212512
0.213280
0.212896
0.212384
0.212416
0.211520
0.211552
0.211488
0.212224
0.212896
0.212608
0.212192
0.211520
0.211520
0.212384
0.212064
0.211808
0.211808
0.212704
0.212480
0.212224
0.211520
0.211904
0.212128
0.211648
0.212032
0.212320
0.211360
0.212608
0.212288
0.212288
0.212064
0.211744
0.212096
0.211712
0.212480
0.212448
0.211424
0.211904
0.211904
0.212640
0.212128
0.211584
0.211328
0.212160
0.211264
0.211648
0.211872
0.212480
0.212480
0.212352
0.212128
0.211648
0.212192
0.211584
0.211648
0.212128
0.211552
0.213440
0.213024
0.213568
0.213952
0.213824
0.213024
0.213440
0.214336
0.214080
0.213792
0.214112
0.214592
0.213216
0.214624
0.214688
0.214816
0.215040
0.214144
0.213344
0.213216
0.214432
0.212992
0.213248
0.213248
0.214592
0.220160
0.214688
0.213152
0.213440
0.214144
0.213632
0.214624
0.219264
0.228544
0.213312
0.213024
0.213568
0.214752
0.214624
0.214464
0.213344
0.213632
0.214496
0.214432
0.213728
0.214368
0.214336
0.214592
0.213536
0.213440
0.213728
0.213120
0.214080
0.214368
0.213120
0.214144
0.213600
0.213632
0.213664
0.213152
0.213536
0.213216
0.213600
0.214432
0.213440
0.214464
0.214144
0.213024
0.213056
0.214272
0.214432
0.213504
0.213632
0.214048
0.213472
0.214272
0.213280
0.213856
0.214112
0.213120
0.214560
0.214720
0.213408
0.214272
0.213824
0.213952
0.220256
0.214624
0.214304
0.213248
0.219040
0.214976
0.331232
0.215744
0.213632
0.214624
0.214656
0.214912
0.216064
0.214592
0.215168
0.363744
0.215072
0.214784
0.214208
0.213568
0.214080
0.213440
0.214496
0.214432
0.213408
0.214080
0.215520
0.216256
0.214816
0.215744
0.337824
0.216448
0.215264
0.506880
0.215424
0.213888
0.213664
0.214240
0.214400
0.213536
0.213824
0.213952
0.213664
0.225408
0.214784
0.213088
0.214080
0.213280
0.213728
0.214560
0.213344
0.213568
0.213216
0.214048
0.213280
0.214304
0.213408
0.213664
0.214560
0.213216
0.214368
0.214496
0.243488
0.213472
0.213856
0.475040
0.215840
0.215040
0.214208
0.213184
0.213760
0.214240
0.214752
0.214656
0.213856
0.214304
0.217088
0.213472
0.214720
0.214208
0.213248
0.214400
0.213408
0.213824
0.214048
0.213312
0.213376
0.214304
0.213504
0.214624
0.214048
0.214368
0.213312
0.214368
0.213376
0.214080
0.213536
0.214176
0.213856
0.213440
0.213760
0.213152
0.214144
0.213248
0.213536
0.213824
0.214208
0.213600
0.213792
0.214112
0.213600
0.214176
0.214464
0.213568
0.213952
0.214496
0.213408
0.214176
0.213568
0.214016
0.213568
0.213824
0.214496
0.213312
0.214208
0.213856
0.213664
0.214528
0.213408
0.214336
0.213568
0.214432
0.213312
0.214016
0.213664
0.214528
0.214208
0.213504
0.214688
0.214112
0.213568
0.213440
0.213504
0.213504
0.214336
0.213504
0.214464
0.213184
0.213696
0.213280
0.215136
0.216064
0.218656
0.214848
0.213568
0.213280
0.213536
0.213344
0.213920
0.213728
0.214272
0.213120
0.214752
0.213952
0.214272
0.213280
0.213312
0.213632
0.214016
0.213440
0.214112
0.213824
0.213376
0.213312
0.213184
0.214080
0.214496
0.213088
0.214144
0.213248
0.214528
0.213856
0.214368
0.213184
0.214080
0.214144
0.213760
0.214688
0.214496
0.214720
0.214208
0.213472
0.214144
0.214080
0.213376
0.213984
0.213376
0.214112
0.214368
0.213088
0.214240
0.213184
0.213536
0.214176
0.213568
0.214080
0.214720
0.213376
0.213536
0.213120
0.214560
0.214528
0.214592
0.215680
0.215040
0.213184
0.214464
0.213440
0.213600
0.213760
0.214208
0.213088
0.213984
0.215040
0.339808
0.215040
0.214688
0.213376
0.214368
0.213152
0.214112
0.213472
0.213696
0.214176
0.213696
0.214240
0.214208
0.213280
0.213856
0.213344
0.213408
0.213664
0.214272
0.214432
0.213568
0.213120
0.214336
0.214368
0.213440
0.213632
0.214464
0.213376
0.214368
0.213888
0.214400
0.213472
0.213632
0.213664
0.214144
0.213472
0.214144
0.213312
0.213696
0.213376
0.214112
0.213312
0.213600
0.213216
0.213280
0.213280
0.361696
0.333952
0.491936
0.215040
0.214720
0.214592
0.214144
0.471488
0.216864
0.216288
0.213824
0.214496
0.213344
0.214336
0.213536
0.214240
0.213376
0.213504
0.213728
0.214080
0.213344
0.213472
0.214912
0.214528
0.213216
0.214176
0.214912
0.215040
0.214432
0.213376
0.213440
0.213440
0.214176
0.213792
0.215040
0.214496
0.213120
0.213600
0.213152
0.214368
0.213920
0.213472
0.214368
0.214176
0.213408
0.213824
0.214112
0.213440
0.213568
0.213216
0.213856
0.213920
0.214112
0.213504
0.214144
0.213440
0.213760
0.213344
0.214176
0.213504
0.214336
0.213600
0.214144
0.213184
0.213376
0.214816
0.214624
0.213216
0.214624
0.213440
0.213440
0.212992
0.213472
0.213344
0.213632
0.213184
0.214304
0.214560
0.214336
0.213312
0.214592
0.214560
0.213248
0.213536
0.213376
0.214368
0.213376
0.214144
0.213632
0.214208
0.214272
0.213504
0.214464
0.214048
0.214432
0.213152
0.214368
0.213344
0.213152
0.212480
0.212256
0.211456
0.212608
0.211616
0.212928
0.212736
0.212544
0.211488
0.212736
0.212256
0.211328
0.211424
0.212384
0.211968
0.212064
0.212384
0.211584
0.211872
0.212352
0.212064
0.212192
0.211328
0.211840
0.212448
0.212992
0.212480
0.211456
0.211680
0.211936
0.211936
0.212192
0.211392
0.212992
0.212768
0.212576
0.211456
0.211776
0.211616
0.212544
0.212288
0.211520
0.211648
0.211872
0.212096
0.211680
0.212640
0.213248
0.211904
0.212768
0.211648
0.212352
0.212064
0.212512
0.211584
0.211424
0.211584
0.212352
0.211360
0.211488
0.211936
0.212448
0.212384
0.212288
0.211808
0.211712
0.212672
0.212384
0.212608
0.212224
0.212640
0.211680
0.212192
0.211552
0.211968
0.211584
0.211456
0.211712
0.212768
0.212448
0.212288
0.213248
0.214016
0.214688
0.214240
0.212000
0.213024
0.214976
0.219232
0.216352
0.215424
0.216064
0.215488
0.216320
0.215552
0.215680
0.216960
0.217952
0.220224
0.230048
0.228128
0.216768
0.216672
0.216704
0.216512
0.216544
0.229152
0.217248
0.215584
0.216544
0.216800
0.220960
0.222208
0.218272
0.362912
0.216512
0.216192
0.215744
0.216736
0.216192
0.215328
0.215808
0.216864
0.215808
0.216800
0.216256
0.215648
0.215808
0.216192
0.215360
0.216192
0.215296
0.215232
0.215872
0.215232
0.215712
0.216320
0.215040
0.216416
0.216256
0.216288
0.215712
0.215968
0.224960
0.215776
0.216224
0.375008
0.227968
0.468384
0.432832
0.216032
0.216896
0.332608
0.217472
0.215712
0.216224
0.215392
0.215968
0.215488
0.215552
0.215584
0.216032
0.216544
0.215296
0.216320
0.216352
0.216896
0.216384
0.215680
0.216640
0.215744
0.213664
0.213440
0.215008
0.214656
0.213216
0.214080
0.213728
0.213696
0.213472
0.213504
0.214048
0.213728
0.213664
0.213312
0.214368
0.213024
0.213376
0.213600
0.212992
0.214208
0.214176
0.213280
0.214432
0.213248
0.213536
0.214144
0.470880
0.215104
0.215712
0.214400
0.213440
0.214208
0.213248
0.213216
0.213920
0.213440
0.214400
0.214816
0.214400
0.356416
0.335360
0.214400
0.531744
0.214848
0.213184
0.215040
0.215040
0.243680
0.215040
0.213824
0.213664
0.223424
0.213920
0.213600
0.214304
0.213536
0.214048
0.213344
0.213440
0.213184
0.213856
0.213504
0.214272
0.214048
0.213696
0.213856
0.213184
0.213632
0.213120
0.214048
0.244416
0.213376
0.213440
0.212992
0.214240
0.214336
0.214784
0.213056
0.214176
0.213216
0.213472
0.213312
0.213440
0.213280
0.213408
0.213632
0.213280
0.213632
0.215200
0.213120
0.213824
0.213536
0.213088
0.473152
0.215616
0.215040
0.216672
0.215040
0.223840
0.216448
0.214912
0.213632
0.214400
0.213440
0.214208
0.215744
0.214624
0.213056
0.214208
0.213376
0.214080
0.213760
0.213472
0.213280
0.214112
0.213216
0.214784
0.213248
0.213632
0.213184
0.213728
0.213280
0.214176
0.214912
0.215040
0.214816
0.216352
0.216000
0.213152
0.214240
0.213376
0.213632
0.214336
0.213152
0.214368
0.214400
0.214464
0.215072
0.214400
0.213312
0.225280
0.232608
0.215200
0.214464
0.214336
0.213088
0.214400
0.233280
0.215008
0.214368
0.213312
0.214336
0.213248
0.213376
0.213184
0.213888
0.212992
0.213312
0.214016
0.217152
0.226848
0.213696
0.213408
0.213600
0.213952
0.214176
0.215040
0.220032
0.243392
0.213760
0.213952
0.214080
0.213408
0.214304
0.214048
0.213504
0.213376
0.225600
0.214656
0.214336
0.212992
0.214016
0.213728
0.214272
0.214592
0.213728
0.213920
0.213600
0.214560
0.213056
0.214336
0.214240
0.213568
0.214336
0.213248
0.235776
0.215680
0.215648
0.339872
0.219136
0.215744
0.371936
0.334976
0.214080
0.529504
0.213440
0.214368
0.213216
0.213440
0.214368
0.214912
0.214272
0.214336
0.213184
0.214112
0.213376
0.216992
0.214240
0.213664
0.213728
0.213248
0.213056
0.214400
0.213152
0.213024
0.213248
0.213152
0.213920
0.214496
0.214048
0.213312
0.213344
0.469664
0.215744
0.215456
0.213696
0.213120
0.213760
0.214112
0.213632
0.214336
0.213344
0.213568
0.213344
0.217888
0.214496
0.213664
0.213888
0.213376
0.213472
0.213824
0.213952
0.213344
0.213568
0.213280
0.213216
0.214400
0.213312
0.213952
0.214112
0.213472
0.213056
0.231072
0.232032
0.211776
0.211232
0.213728
0.214656
0.213280
0.212704
0.212992
0.212224
0.212224
0.211648
0.212192
0.211904
0.212224
0.211424
0.211872
0.212992
0.212352
0.212640
0.212448
0.212416
0.211456
0.211360
0.211648
0.212480
0.211744
0.212320
0.211904
0.211776
0.217440
0.212384
0.217504
0.216672
0.212672
0.212640
0.211904
0.212704
0.212736
0.212352
0.212032
0.211872
0.212672
0.211296
0.211808
0.211936
0.212384
0.211616
0.212608
0.211744
0.212640
0.212064
0.211680
0.215104
0.212832
0.212064
0.211840
0.211392
0.211776
0.212416
0.211328
0.212704
0.212768
0.212448
0.211456
0.212544
0.212448
0.211296
0.211520
0.212352
0.212256
0.211296
0.212512
0.212288
0.211456
0.211328
0.212288
0.211712
0.211904
0.211456
0.212640
0.211296
0.211712
0.212576
0.213248
0.211872
0.212448
0.211872
0.212608
0.212608
0.212192
0.211296
0.211488
0.212416
0.211264
0.212256
0.212672
0.212480
0.211360
0.211616
0.211680
0.212832
0.211072
0.211872
0.212128
0.211808
0.212192
0.211264
0.211232
0.211680
0.212384
0.211392
0.211776
0.212384
0.211584
0.212384
0.211328
0.211328
0.212320
0.211296
0.212576
0.212640
0.211584
0.211232
0.211136
0.212608
0.211648
0.212800
0.212640
0.212544
0.212608
0.212192
0.211552
0.212352
0.212416
0.211264
0.212320
0.211520
0.211488
0.211584
0.211840
0.211392
0.211872
0.211680
0.212384
0.211552
0.211840
0.211840
0.212320
0.211392
0.212480
0.212352
0.211552
0.211872
0.211968
0.212640
0.228800
0.227552
0.231360
0.228448
0.227648
0.213760
0.213920
0.216224
0.212992
0.212480
0.211456
0.211872
0.212640
0.212224
0.211424
0.212640
0.211264
0.212128
0.211520
0.212224
0.211360
0.211360
0.212416
0.211264
0.211520
0.212576
0.213472
0.213760
0.212992
0.213568
0.213440
0.213216
0.213216
0.213312
0.214208
0.213568
0.214208
0.213472
0.213728
0.213184
0.214016
0.213120
0.213216
0.214176
0.213440
0.214272
0.213216
0.213632
0.213312
0.213760
0.213216
0.213312
0.214208
0.213280
0.214112
0.213152
0.213440
0.212992
0.213952
0.214080
0.213664
0.214144
0.213344
0.213568
0.213664
0.213056
0.214016
0.213568
0.214368
0.213152
0.214144
0.213312
0.213376
0.214624
0.213184
0.214016
0.213856
0.213248
0.213472
0.213024
0.214496
0.329728
0.215072
0.214432
0.214208
0.214144
0.213472
0.213472
0.213472
0.214400
0.213216
0.214432
0.213024
0.213536
0.214240
0.213280
0.213472
0.213600
0.214304
0.243328
0.393248
0.348160
0.214816
0.213184
0.214016
0.213376
0.213216
0.214336
0.213056
0.214272
0.213280
0.213120
0.214016
0.240480
0.215072
0.213792
0.214464
0.213184
0.213376
0.214144
0.213536
0.214368
0.213312
0.213856
0.213440
0.213952
0.213632
0.215040
0.214752
0.213056
0.213504
0.213696
0.214400
0.213728
0.213792
0.214240
0.214368
0.213344
0.215808
0.214720
0.213440
0.213600
0.213024
0.213600
0.213024
0.213344
0.213952
0.213568
0.214144
0.214112
0.215136
0.214880
0.213856
0.213184
0.214720
0.213056
0.214176
0.214112
0.213344
0.214016
0.213504
0.213440
0.213440
0.213696
0.213376
0.213568
0.213664
0.218560
0.215040
0.214560
0.213792
0.213472
0.213792
0.213280
0.213888
0.489920
0.216352
0.215072
0.213568
0.213440
0.213856
0.213408
0.213600
0.216800
0.213888
0.222848
0.214624
0.214336
0.213280
0.213952
0.213536
0.213888
0.214176
0.213504
0.213184
0.213472
0.214624
0.213184
0.213984
0.213312
0.213344
0.213184
0.213952
0.213280
0.214752
0.214176
0.213056
0.213216
0.213312
0.214272
0.212992
0.214496
0.213344
0.213376
0.213664
0.213184
0.213728
0.213664
0.213344
0.213536
0.213376
0.213440
0.213856
0.214240
0.213152
0.213376
0.214144
0.213760
0.213952
0.214272
0.214304
0.212992
0.213376
0.213280
0.214240
0.213344
0.213024
0.214144
0.213312
0.213536
0.213440
0.213728
0.213120
0.213440
0.214144
0.213728
0.213120
0.213696
0.213152
0.213984
0.213728
0.214688
0.219040
0.214016
0.213728
0.213984
0.214368
0.213216
0.224512
0.214560
0.214016
0.213440
0.213056
0.213408
0.214176
0.213216
0.214016
0.213408
0.214080
0.213408
0.213344
0.213344
0.213120
0.213280
0.213984
0.213344
0.214016
0.214400
0.213472
0.214176
0.213184
0.213344
0.214208
0.213312
0.214272
0.214112
0.213472
0.212992
0.213952
0.213376
0.213952
0.213408
0.214144
0.213728
0.213696
0.214272
0.213568
0.214240
0.214304
0.213472
0.215040
0.214944
0.215040
0.215040
0.214112
0.213728
0.214048
0.213216
0.213600
0.214080
0.213376
0.213248
0.213504
0.225280
0.214848
0.213792
0.213280
0.214016
0.213504
0.214400
0.219296
0.213824
0.213184
0.213696
0.213728
0.214176
0.213184
0.213120
0.213280
0.213984
0.213120
0.214784
0.238688
0.213856
0.213600
0.213120
0.213984
0.213760
0.214528
0.213376
0.214496
0.214240
0.213536
0.214016
0.213248
0.213824
0.213440
0.213472
0.213568
0.213376
0.213696
0.214080
0.213728
0.214432
0.214624
0.213408
0.213952
0.212992
0.213408
0.213888
0.213216
0.213920
0.214208
0.213408
0.213440
0.213536
0.213344
0.214144
0.213664
0.214432
0.213152
0.213344
0.213376
0.213696
0.213440
0.213184
0.214016
0.213408
0.214080
0.329728
0.215008
0.213440
0.214272
0.213472
0.213376
0.213440
0.213376
0.213856
0.214880
0.214464
0.213408
0.214144
0.214272
0.213440
0.213408
0.213440
0.213696
0.213312
0.213536
0.213056
0.214400
0.214560
0.213408
0.213600
0.213248
0.213632
0.213664
0.213248
0.214112
0.214272
0.213344
0.213344
0.214464
0.214528
0.215040
0.215360
0.389024
0.348160
0.215904
0.350112
0.215840
0.214976
0.213408
0.213952
0.213472
0.214048
0.213120
0.213984
0.213344
0.213856
0.213184
0.212992
0.214144
0.213344
0.213376
0.213184
0.214400
0.213408
0.213792
0.213600
0.214144
0.213504
0.213440
0.214048
0.213600
0.213248
0.213184
0.213248
0.213952
0.216352
0.214112
0.213120
0.214976
0.213920
0.214048
0.221312
0.214048
0.213696
0.212992
0.213344
0.213792
0.213408
0.213248
0.213088
0.213600
0.213856
0.213440
0.213760
0.214176
0.213312
0.213824
0.474176
0.231424
0.221184
0.214816
0.213472
0.213376
0.213216
0.216672
0.214048
0.213280
0.213024
0.213120
0.212768
0.217888
0.212096
0.212096
0.211488
0.212480
0.212128
0.226496
0.212832
0.212192
0.211232
0.212192
0.212128
0.211360
0.212128
0.211456
0.211648
0.211904
0.212160
0.225696
0.227392
0.213024
0.211776
0.212384
0.211840
0.212480
0.212704
0.212480
0.211040
0.211456
0.211680
0.211232
0.211680
0.212544
0.212704
0.211328
0.211584
0.211616
0.212256
0.211296
0.212480
0.213472
0.214240
0.212896
0.227456
0.213376
0.211712
0.211488
0.212288
0.211712
0.212448
0.211648
0.212512
0.212032
0.212640
0.211488
0.211712
0.212288
0.212160
0.211424
0.212288
0.212064
0.213728
0.212672
0.211168
0.211840
0.212000
0.212352
0.211520
0.212224
0.211776
0.211872
0.212480
0.212096
0.211552
0.212576
0.212224
0.212160
0.211712
0.212640
0.212288
0.212320
0.212320
0.211776
0.211552
0.212384
0.211232
0.212320
0.212608
0.211424
0.211616
0.212160
0.211520
0.211840
0.212000
0.211424
0.212832
0.213184
0.212160
0.211520
0.211616
0.212800
0.212192
0.211552
0.212192
0.211968
0.212032
0.211552
0.212320
0.211360
0.211552
0.211872
0.212224
0.211520
0.211648
0.211840
0.211552
0.212192
0.212416
0.211680
0.211936
0.328384
0.212960
0.212160
0.211328
0.212448
0.212160
0.211424
0.211808
0.212768
0.211168
0.211456
0.212384
0.210944
0.212224
0.219072
0.212992
0.212928
0.211392
0.212000
0.211008
0.212192
0.211328
0.212352
0.212768
0.212416
0.211424
0.212352
0.212448
0.212032
0.211584
0.212448
0.212640
0.212416
0.221280
0.212800
0.212224
0.212384
0.211360
0.212544
0.211328
0.212608
0.211328
0.212288
0.212032
0.212128
0.211392
0.212096
0.211328
0.212576
0.211168
0.212384
0.212160
0.211872
0.212320
0.211488
0.212864
0.394848
0.217088
0.351296
0.217568
0.215648
0.215744
0.216160
0.215488
0.215456
0.215488
0.216256
0.216160
0.215648
0.217056
0.216480
0.215520
0.216416
0.215520
0.215552
0.215936
0.216192
0.215552
0.216096
0.215360
0.216128
0.215840
0.215392
0.215296
0.215520
0.216288
0.475680
0.217856
0.216800
0.215744
0.216032
0.216064
0.215424
0.215904
0.215232
0.215552
0.216608
0.215264
0.216192
0.215264
0.215840
0.215200
0.216448
0.215264
0.216224
0.215584
0.216352
0.215424
0.215488
0.215040
0.216000
0.215456
0.216320
0.215424
0.215456
0.215136
0.215360
0.215264
0.215296
0.215264
0.216736
0.216480
0.215392
0.215328
0.215520
0.216224
0.215104
0.216128
0.215488
0.215264
0.215328
0.215456
0.215072
0.216000
0.216160
0.215488
0.215360
0.215776
0.216576
0.216416
0.215552
0.216480
0.216384
0.215392
0.215008
0.214944
0.214656
0.214368
0.213120
0.213792
0.213376
0.213888
0.216480
0.214752
0.214752
0.223712
0.214208
0.213728
0.214336
0.214272
0.213504
0.214144
0.213632
0.213952
0.213280
0.213760
0.213440
0.213312
0.213984
0.214400
0.213344
0.213312
0.213280
0.214208
0.225472
0.214496
0.213696
0.214336
0.213600
0.214272
0.213056
0.213600
0.213376
0.213792
0.213376
0.213408
0.213600
0.213120
0.213984
0.214336
0.213344
0.214176
0.213696
0.213792
0.213376
0.213536
0.213440
0.213664
0.214240
0.213024
0.214208
0.213376
0.213792
0.214336
0.213408
0.214112
0.213728
0.214272
0.213472
0.214368
0.213056
0.213344
0.213824
0.214528
0.215296
0.214112
0.213728
0.213184
0.213408
0.214624
0.214560
0.214720
0.215008
0.213664
0.214368
0.213440
0.214016
0.213504
0.213728
0.214112
0.213728
0.213152
0.214816
0.213216
0.214112
0.213568
0.213824
0.213440
0.213632
0.213984
0.213696
0.213184
0.213888
0.213184
0.213408
0.214048
0.213824
0.214592
0.213376
0.213152
0.214112
0.213184
0.212992
0.213504
0.213344
0.213472
0.213056
0.212928
0.213152
0.213280
0.213216
0.213568
0.214240
0.212992
0.213312
0.213376
0.213984
0.213152
0.213792
0.213920
0.212992
0.214112
0.213344
0.213056
0.213888
0.214048
0.213728
0.213120
0.213984
0.214528
0.213440
0.213664
0.213440
0.213248
0.213632
0.214208
0.213536
0.213696
0.214560
0.213312
0.214496
0.213344
0.212992
0.214464
0.214112
0.213760
0.213760
0.234592
0.329568
0.214752
0.213536
0.214432
0.213888
0.213728
0.214560
0.213184
0.213920
0.213248
0.214016
0.213472
0.213408
0.213248
0.213376
0.213152
0.213568
0.213504
0.213568
0.213632
0.214560
0.213344
0.215072
0.214528
0.213376
0.214656
0.213472
0.213312
0.214048
0.213408
0.213344
0.213664
0.212992
0.213440
0.213312
0.214208
0.214176
0.213344
0.214272
0.213440
0.239136
0.213984
0.213824
0.214080
0.213568
0.214016
0.214208
0.213600
0.212992
0.214304
0.213088
0.214016
0.213472
0.213920
0.213472
0.214112
0.213728
0.213408
0.213504
0.214784
0.214240
0.213600
0.213888
0.214624
0.213120
0.213184
0.213280
0.213344
0.213120
0.214400
0.213408
0.213888
0.213728
0.213184
0.402240
0.356384
0.214624
0.213472
0.213728
0.213600
0.213440
0.213024
0.213120
0.213536
0.214464
0.213280
0.214400
0.213760
0.213312
0.213344
0.213472
0.213376
0.214624
0.213312
0.213760
0.213248
0.213344
0.213600
0.213472
0.213856
0.214176
0.213248
0.213920
0.214080
0.213376
0.214112
0.213344
0.214720
0.216256
0.216416
0.214720
0.220576
0.213280
0.213408
0.213824
0.214048
0.213504
0.213760
0.213312
0.213536
0.214304
0.213312
0.213568
0.213856
0.213568
0.213248
0.214880
0.214624
0.213216
0.213728
0.213472
0.214368
0.213184
0.214208
0.213760
0.214400
0.213312
0.214048
0.213472
0.213632
0.213728
0.213472
0.213280
0.213152
0.474016
0.215936
0.216416
0.214688
0.213088
0.214336
0.212992
0.213664
0.213376
0.213152
0.213376
0.213696
0.213632
0.212992
0.214016
0.213344
0.213504
0.213408
0.213536
0.213248
0.214208
0.213504
0.214496
0.213248
0.213600
0.214208
0.213248
0.213984
0.213440
0.213568
0.213312
0.214144
0.213024
0.213440
0.214144
0.213536
0.213280
0.213472
0.213824
0.214400
0.213440
0.213824
0.213440
0.213472
0.214080
0.213440
0.214720
0.213376
0.213760
0.213312
0.213152
0.214368
0.213312
0.213472
0.213568
0.214272
0.214176
0.213408
0.213280
0.213184
0.214016
0.213472
0.213952
0.213248
0.214976
0.215200
0.215552
0.215680
0.215168
0.216256
0.215200
0.215136
0.216032
0.215488
0.216480
0.215680
0.215424
0.215616
0.216096
0.215776
0.217088
0.216992
0.218176
0.216736
0.215648
0.216384
0.215424
0.215680
0.215040
0.215232
0.216352
0.215520
0.215840
0.237376
0.215296
0.215648
0.215200
0.215104
0.215808
0.215488
0.215104
0.215392
0.216288
0.215104
0.216256
0.215040
0.215456
0.216384
0.215552
0.215680
0.226176
0.216608
0.218496
0.215456
0.215232
0.216352
0.215360
0.216064
0.216288
0.216928
0.217472
0.221568
0.216928
0.215424
0.218688
0.215616
0.215904
0.215680
0.216736
0.221504
0.345856
0.216672
0.215648
0.215200
0.216640
0.216288
0.215520
0.215200
0.215328
0.216352
0.216352
0.215232
0.216224
0.215648
0.215840
0.215456
0.215872
0.216064
0.215456
0.215584
0.215552
0.216352
0.332000
0.217088
0.216128
0.215360
0.216160
0.216512
0.216224
0.215744
0.215456
0.215488
0.215488
0.219136
0.216864
0.215648
0.364352
0.215904
0.216640
0.734304
0.216704
0.216384
0.215296
0.216352
0.216192
0.215424
0.216128
0.215552
0.215584
0.216672
0.215456
0.215680
0.215424
0.216064
0.215552
0.216064
0.215072
0.216896
0.215328
0.215520
0.215040
0.215136
0.216192
0.215328
0.216064
0.215936
0.215648
0.216544
0.216512
0.216736
0.215520
0.215392
0.215040
0.216096
0.215552
0.215808
0.216160
0.215808
0.215904
0.216096
0.215520
0.216192
0.216384
0.215360
0.216064
0.474400
0.217312
0.217440
0.216288
0.215680
0.216352
0.216096
0.218816
0.216640
0.216576
0.215904
0.215456
0.215840
0.216288
0.215424
0.215744
0.216544
0.215328
0.216000
0.215264
0.216256
0.215296
0.215616
0.216512
0.215264
0.215232
0.215296
0.216416
0.215040
0.216256
0.215040
0.216128
0.215648
0.216128
0.225984
0.216640
0.215872
0.216384
0.215616
0.216256
0.216064
0.215648
0.216416
0.215136
0.215424
0.216352
0.215264
0.216416
0.216320
0.215232
0.215424
0.215392
0.216672
0.216416
0.215264
0.216544
0.215328
0.215520
0.215808
0.216352
0.216288
0.216064
0.215872
0.216288
0.215584
0.215264
0.215456
0.215520
0.215040
0.216064
0.216384
0.215520
0.216480
0.215232
0.215456
0.215264
0.215584
0.215264
0.215744
0.215424
0.215552
0.216704
0.217024
0.217152
0.216992
0.216224
0.215424
0.216160
0.215296
0.215456
0.215232
0.216480
0.216160
0.215488
0.215424
0.216608
0.216160
0.215680
0.215040
0.215328
0.215136
0.215552
0.215456
0.216256
0.223168
0.216256
0.216992
0.218432
0.216640
0.215424
0.215808
0.216224
0.215776
0.215360
0.215136
0.216320
0.215136
0.215584
0.216064
0.215488
0.216160
0.216448
0.215232
0.215840
0.215424
0.216480
0.215648
0.216672
0.216256
0.215168
0.215168
0.216608
0.215424
0.215872
0.215424
0.215744
0.216128
0.215776
0.215296
0.216288
0.215584
0.215520
0.215200
0.216736
0.216384
0.215360
0.216032
0.216096
0.215808
0.216032
0.215616
0.215776
0.216896
0.216864
0.215936
0.215840
0.216160
0.215136
0.224384
0.333824
0.217600
0.217056
0.215360
0.215808
0.215552
0.216192
0.215168
0.216096
0.216096
0.215744
0.215232
0.215296
0.216512
0.215168
0.215488
0.215648
0.215904
0.216288
0.226144
0.215968
0.215808
0.216032
0.216064
0.215328
0.216096
0.216096
0.215680
0.365504
0.216448
0.434080
0.217120
0.215296
0.216032
0.216704
0.216704
0.215456
0.215744
0.216128
0.215168
0.215392
0.215200
0.215808
0.215392
0.215328
0.215648
0.216128
0.216064
0.215648
0.215168
0.216256
0.215040
0.215648
0.476960
0.218656
0.217632
0.217088
0.215488
0.215264
0.215296
0.215360
0.216096
0.215392
0.216128
0.215648
0.216224
0.215296
0.215232
0.215360
0.215808
0.216512
0.215264
0.215968
0.216768
0.215200
0.215680
0.215424
0.216448
0.217344
0.216128
0.215552
0.215360
0.216128
0.215424
0.215520
0.215264
0.216224
0.215584
0.216768
0.215264
0.215520
0.215648
0.216288
0.215616
0.216224
0.215680
0.232928
0.225600
0.216064
0.215552
0.216448
0.215648
0.216608
0.215936
0.215520
0.215744
0.216768
0.215904
0.215040
0.224192
0.215840
0.216128
0.215488
0.216512
0.216352
0.214976
0.215648
0.216256
0.215520
0.215296
0.215328
0.215904
0.233408
0.216864
0.216544
0.216352
0.215392
0.215168
0.216320
0.215392
0.216160
0.215232
0.216736
0.216352
0.215264
0.215968
0.216704
0.216384
0.215040
0.216800
0.217280
0.215968
0.214816
0.214816
0.228256
0.231136
0.214880
0.214560
0.214816
0.214880
0.214976
0.214944
0.215040
0.215008
0.214944
0.214688
0.214816
0.215040
0.215008
0.223296
0.215072
0.214816
0.213984
0.214752
0.214720
0.214912
0.214816
0.214880
0.215328
0.214656
0.215136
0.214784
0.214880
0.215040
0.215040
0.214528
0.214816
0.214688
0.214688
0.214400
0.215040
0.215040
0.214848
0.215040
0.214080
0.214912
0.214912
0.214816
0.215296
0.215040
0.213920
0.215136
0.215200
0.214752
0.214656
0.215008
0.215040
0.214976
0.214848
0.213888
0.214176
0.214848
0.214848
0.214752
0.214624
0.215040
0.214752
0.215040
0.214912
0.214496
0.214752
0.214656
0.214688
0.214688
0.215040
0.215392
0.214848
0.214880
0.214976
0.215712
0.215104
0.214144
0.215200
0.216032
0.220416
0.220480
0.219520
0.219200
0.220000
0.219552
0.219584
0.220160
0.219968
0.220832
0.219360
0.219488
0.219552
0.219424
0.219200
0.220448
0.219200
0.233344
0.225888
0.221056
0.220000
0.219520
0.219424
0.219424
0.220320
0.220224
0.221120
0.220192
0.220320
0.219392
0.219136
0.220224
0.219648
0.219392
0.219488
0.219264
0.220032
0.220320
0.219488
0.220160
0.219648
0.220128
0.219456
0.231328
0.220928
0.219968
0.219136
0.220288
0.219488
0.219584
0.219392
0.219360
0.219168
0.219328
0.219168
0.220096
0.219488
0.219456
0.219264
0.219072
0.219136
0.219360
0.219616
0.219200
0.219552
0.219136
0.219328
0.219232
0.220000
0.219776
0.339968
0.220992
0.220416
0.219424
0.220224
0.219296
0.219328
0.219200
0.220288
0.220736
0.220288
0.219424
0.219168
0.220192
0.220192
0.219552
0.219200
0.220160
0.219456
0.219200
0.219392
0.219296
0.219136
0.220192
0.219712
0.219136
0.220256
0.219904
0.219328
0.219360
0.219232
0.219488
0.219840
0.219136
0.219296
0.219552
0.218880
0.219040
0.219808
0.219712
0.219328
0.219392
0.219232
0.219552
0.220256
0.368192
0.344000
0.357728
0.221280
0.219808
0.220160
0.219776
0.219712
0.219136
0.220096
0.219424
0.219648
0.219136
0.220640
0.219360
0.219808
0.219360
0.219872
0.219264
0.219808
0.219328
0.220000
0.219616
0.219552
0.219136
0.219584
0.220480
0.219904
0.220768
0.219392
0.219552
0.219392
0.220768
0.219712
0.219136
0.220096
0.219520
0.220704
0.219392
0.219264
0.219136
0.219616
0.219616
0.219328
0.219616
0.219904
0.219936
0.219936
0.224256
0.223968
0.236192
0.220160
0.219456
0.219136
0.219488
0.219328
0.219232
0.219680
0.219904
0.220192
0.218624
0.217312
0.218048
0.217536
0.218016
0.217376
0.218144
0.218432
0.217536
0.218400
0.217376
0.217152
0.481952
0.219136
0.219136
0.217568
0.218688
0.217568
0.217600
0.219328
0.217600
0.217856
0.217696
0.218304
0.218176
0.217760
0.218080
0.217632
0.217344
0.217216
0.217920
0.217312
0.218592
0.217408
0.218144
0.217440
0.217248
0.217248
0.218976
0.219296
0.217984
0.217504
0.218208
0.217664
0.217408
0.217088
0.218112
0.217632
0.217408
0.217952
0.217728
0.217088
0.218272
0.217440
0.217568
0.217120
0.217856
0.217376
0.217760
0.217120
0.217760
0.217504
0.217088
0.217312
0.217664
0.218112
0.218144
0.217472
0.217248
0.217792
0.217568
0.218592
0.217088
0.217920
0.217504
0.217664
0.217312
0.219040
0.224800
0.218240
0.217216
0.218176
0.217312
0.217440
0.217088
0.217984
0.217824
0.217504
0.218400
0.218688
0.232896
0.229152
0.232192
0.233568
0.218624
0.218496
0.218880
0.217408
0.217632
0.217248
0.217408
0.218272
0.217280
0.217344
0.217408
0.218528
0.222208
0.218112
0.217088
0.218144
0.218368
0.219296
0.219936
0.337728
0.218336
0.217824
0.217504
0.217536
0.217792
0.217088
0.217792
0.217632
0.217600
0.218368
0.217440
0.218144
0.217632
0.218112
0.217472
0.218976
0.218112
0.217344
0.217344
0.217088
0.218240
0.218176
0.217248
0.217216
0.218304
0.217248
0.217856
0.217504
0.217088
0.217920
0.217280
0.217600
0.219136
0.218912
0.217728
0.217120
0.217056
0.217344
0.217984
0.217728
0.217312
0.217696
0.217376
0.217312
0.218432
0.217184
0.218176
0.218400
0.217568
0.217312
0.226144
0.217920
0.218176
0.217184
0.217280
0.217344
0.217696
0.372704
0.350464
0.354304
0.219200
0.218048
0.217440
0.218240
0.217696
0.218368
0.217312
0.218144
0.218176
0.217312
0.217088
0.218080
0.218496
0.217440
0.217088
0.217984
0.217792
0.217312
0.217856
0.218112
0.217760
0.217888
0.218272
0.217760
0.218080
0.217440
0.217984
0.217472
0.218016
0.218176
0.217440
0.217600
0.217216
0.218336
0.218464
0.217344
0.217696
0.217088
0.217312
0.218016
0.217472
0.218048
0.217632
0.218240
0.217536
0.218112
0.217216
0.217728
0.217216
0.479552
0.219136
0.219552
0.217696
0.217344
0.217344
0.217600
0.217184
0.217408
0.217600
0.218656
0.217472
0.217600
0.217184
0.218080
0.217344
0.217824
0.217504
0.218048
0.217504
0.216896
0.217376
0.217088
0.218112
0.218176
0.217600
0.217152
0.217376
0.218560
0.217088
0.217184
0.218080
0.218464
0.219136
0.218432
0.218720
0.219776
0.218464
0.217664
0.218272
0.218432
0.217312
0.218240
0.217312
0.217984
0.218368
0.217664
0.217088
0.217440
0.217376
0.218720
0.217312
0.217248
0.218080
0.217472
0.218176
0.217312
0.230720
0.218208
0.217728
0.218240
0.217664
0.217696
0.218240
0.217664
0.217376
0.217728
0.217568
0.217216
0.217024
0.217376
0.217568
0.217184
0.217248
0.217184
0.217376
0.217088
0.217024
0.218016
0.217536
0.217408
0.218464
0.217536
0.217408
0.217472
0.217152
0.217536
0.217088
0.218048
0.217216
0.217216
0.217376
0.218048
0.217504
0.217280
0.217824
0.217696
0.218336
0.224832
0.217728
0.217248
0.217536
0.217376
0.217440
0.217088
0.217408
0.217536
0.217088
0.218016
0.217568
0.217824
0.219936
0.219456
0.220000
0.219008
0.223040
0.218912
0.217472
0.217472
0.217376
0.218592
0.218144
0.217440
0.217312
0.217216
0.217312
0.217024
0.217344
0.217984
0.217632
0.217792
0.218368
0.217600
0.217376
0.217664
0.218592
0.219392
0.217728
0.218592
0.217312
0.217632
0.217088
0.218112
0.217504
0.217792
0.217376
0.217408
0.217504
0.217984
0.217312
0.217184
0.217664
0.218720
0.218624
0.218368
0.218336
0.217568
0.217408
0.217728
0.217120
0.217472
0.218048
0.217376
0.217888
0.217312
0.217696
0.217216
0.217216
0.217984
0.217344
0.218624
0.217472
0.217472
0.218080
0.217408
0.217152
0.217184
0.218240
0.217664
0.217248
0.218144
0.217344
0.337824
0.218912
0.218176
0.218208
0.217344
0.218112
0.217824
0.218240
0.218752
0.217088
0.218080
0.217376
0.217472
0.217728
0.217344
0.217760
0.217888
0.218208
0.217312
0.217088
0.217888
0.217184
0.216992
0.217632
0.218752
0.217952
0.217376
0.217760
0.217312
0.218432
0.217184
0.217184
0.217472
0.218112
0.217696
0.217312
0.217376
0.217472
0.217536
0.217088
0.217344
0.217696
0.218368
0.218208
0.217856
0.217216
0.215488
0.215424
0.215136
0.216256
0.216256
0.216256
0.215648
0.215520
0.215392
0.216192
0.215040
0.216320
0.215264
0.216640
0.216128
0.215648
0.216192
0.216384
0.215456
0.216288
0.215360
0.215392
0.215712
0.215328
0.215840
0.215296
0.215680
0.216064
0.215744
0.216320
0.217056
0.216864
0.371712
0.351744
0.217312
0.215328
0.216096
0.215200
0.216000
0.216000
0.215840
0.215328
0.215360
0.215904
0.215392
0.216192
0.215712
0.215072
0.216128
0.215264
0.215072
0.215520
0.215616
0.215040
0.215872
0.216032
0.215520
0.481984
0.217088
0.216544
0.216704
0.215424
0.215392
0.215488
0.215264
0.215744
0.215328
0.216256
0.216544
0.215232
0.215328
0.215488
0.215040
0.215104
0.216448
0.215360
0.215968
0.215648
0.215488
0.215840
0.216192
0.215040
0.216320
0.216896
0.215520
0.217472
0.249472
0.240384
0.228480
0.215648
0.216736
0.216800
0.216128
0.215744
0.216928
0.216288
0.215616
0.215872
0.216256
0.235104
0.217280
0.215456
0.216384
0.215520
0.215936
0.215328
0.216256
0.216896
0.216352
0.216800
0.216864
0.217088
0.216416
0.216576
0.216608
0.217312
0.218400
0.218304
0.217728
0.218720
0.232416
0.221856
0.231552
0.221664
0.216640
0.216544
0.236352
0.216064
0.216416
0.215040
0.215840
0.229888
0.217632
0.238080
0.217056
0.216544
0.215520
0.216544
0.215040
0.216192
0.215424
0.215168
0.216416
0.215104
0.215968
0.216320
0.215296
0.216256
0.215648
0.215712
0.216672
0.215232
0.216384
0.215488
0.216448
0.215328
0.216192
0.215744
0.235232
0.221024
0.223232
0.216320
0.215520
0.215680
0.216128
0.215360
0.216672
0.216416
0.215488
0.215328
0.215584
0.216864
0.216704
0.215328
0.215648
0.215264
0.228192
0.338752
0.336800
0.344608
0.342016
0.337472
0.336064
0.341824
0.337120
0.342240
0.216512
0.215328
0.215136
0.216000
0.215552
0.215296
0.215296
0.215520
0.215136
0.216256
0.216128
0.215616
0.216928
0.216256
0.215456
0.215264
0.216160
0.215520
0.216672
0.216096
0.215520
0.215360
0.215616
0.215904
0.215520
0.215360
0.215104
0.215680
0.215424
0.215520
0.215104
0.215456
0.215296
0.215936
0.216096
0.215264
0.215808
0.216576
0.215296
0.215744
0.215456
0.215328
0.215392
0.215744
0.215968
0.216192
0.215296
0.215136
0.215744
0.216864
0.216128
0.215520
0.216320
0.215840
0.216672
0.215040
0.215936
0.216544
0.332064
0.216000
0.216288
0.216736
0.218752
0.215040
0.216704
0.215424
0.216256
0.215392
0.216416
0.215200
0.215136
0.215744
0.455200
0.215872
0.216992
0.720064
0.218176
0.215520
0.216640
0.215552
0.216064
0.215648
0.215424
0.215200
0.216288
0.215296
0.215456
0.215488
0.215520
0.215552
0.215584
0.216256
0.215296
0.215872
0.218688
0.216416
0.231264
0.233184
0.215136
0.215456
0.216448
0.215168
0.216480
0.215264
0.215616
0.215360
0.215328
0.215104
0.215776
0.216128
0.215648
0.215264
0.216128
0.216384
0.215488
0.216384
0.215456
0.215808
0.216224
0.215456
0.216032
0.216064
0.215584
0.215136
0.216352
0.216288
0.215232
0.215168
0.215360
0.215104
0.215776
0.216192
0.215616
0.216800
0.215680
0.215552
0.215072
0.215488
0.216768
0.215488
0.215680
0.215264
0.215488
0.216000
0.477152
0.217088
0.217088
0.215488
0.216384
0.215040
0.216352
0.215680
0.215456
0.215744
0.215264
0.215360
0.216512
0.215296
0.215936
0.216064
0.215200
0.216000
0.215584
0.215520
0.216224
0.215040
0.216192
0.215040
0.215424
0.216320
0.215328
0.216256
0.215520
0.215680
0.215296
0.215264
0.215360
0.215648
0.216512
0.215328
0.216288
0.216384
0.215616
0.215680
0.216224
0.218304
0.238720
0.215968
0.215968
0.216608
0.233632
0.216672
0.216032
0.215328
0.215168
0.216608
0.215040
0.216608
0.215488
0.215136
0.216576
0.216096
0.216384
0.215456
0.216704
0.216672
0.216192
0.215520
0.215680
0.216576
0.215232
0.215616
0.216576
0.215232
0.215488
0.216160
0.215648
0.216224
0.215392
0.215584
0.215456
0.215936
0.216384
0.215456
0.216064
0.215680
0.215424
0.215968
0.215648
0.215616
0.215040
0.215968
0.216288
0.215392
0.215264
0.215680
0.216640
0.215808
0.215360
0.215552
0.216736
0.216352
0.215328
0.215680
0.215296
0.216480
0.215232
0.215328
0.215552
0.215072
0.216192
0.215360
0.216192
0.215424
0.215552
0.215104
0.216672
0.216096
0.216640
0.215552
0.215776
0.216512
0.216224
0.215104
0.215296
0.215584
0.216608
0.215808
0.215680
0.216384
0.215488
0.215456
0.215520
0.332352
0.216160
0.216448
0.216064
0.215680
0.216032
0.216192
0.215584
0.214976
0.215392
0.216576
0.215168
0.216512
0.215488
0.215712
0.215968
0.215328
0.216000
0.216128
0.216192
0.215552
0.216480
0.215488
0.215392
0.215904
0.215136
0.216224
0.216448
0.216064
0.215840
0.215424
0.215936
0.215648
0.215136
0.215072
0.215520
0.215552
0.398080
0.719296
0.216928
0.216416
0.215552
0.216288
0.215200
0.215488
0.216320
0.215424
0.215616
0.215360
0.215104
0.216096
0.215392
0.216320
0.216672
0.215328
0.216000
0.216768
0.215776
0.215264
0.216576
0.216256
0.215424
0.215616
0.216064
0.215456
0.215520
0.215424
0.215904
0.216224
0.215648
0.215424
0.215904
0.216192
0.215680
0.215712
0.215680
0.216544
0.215456
0.215584
0.215488
0.215232
0.215232
0.215680
0.215680
0.480320
0.217696
0.217056
0.217088
0.216448
0.216096
0.215616
0.215872
0.216448
0.215264
0.215776
0.215136
0.216448
0.215616
0.216224
0.215616
0.216448
0.215328
0.215392
0.215456
0.215680
0.216704
0.216256
0.215488
0.215360
0.215936
0.215264
0.216288
0.215136
0.216384
0.215264
0.216416
0.215744
0.215456
0.215392
0.215136
0.216320
0.216480
0.215328
0.216608
0.216064
0.215712
0.215520
0.216384
0.215520
0.218176
0.216736
0.216416
0.216096
0.215584
0.215648
0.215040
0.216032
0.215648
0.215840
0.216448
0.215232
0.216512
0.215168
0.215232
0.216032
0.216128
0.215296
0.215584
0.216352
0.215520
0.215712
0.216288
0.215392
0.215776
0.216288
0.216544
0.215264
0.216096
0.215648
0.217120
0.217920
0.216704
0.215648
0.216288
0.215680
0.215296
0.215616
0.215136
0.215328
0.215968
0.216192
0.215584
0.215264
0.215072
0.215488
0.215360
0.216192
0.216096
0.215392
0.216640
0.216288
0.215680
0.216320
0.215520
0.216064
0.216352
0.215392
0.216224
0.215648
0.216032
0.215232
0.216256
0.215328
0.215456
0.215360
0.215680
0.216160
0.215744
0.215488
0.215520
0.216224
0.215584
0.215936
0.216416
0.216160
0.215616
0.215360
0.216064
0.215712
0.216096
0.215680
0.216672
0.216512
0.215264
0.216416
0.216352
0.215200
0.216128
0.215232
0.216512
0.215296
0.216192
0.215296
0.216768
0.215872
0.215360
0.215584
0.215200
0.216768
0.216192
0.215040
0.215552
0.216672
0.215520
0.215744
0.216128
0.216160
0.215680
0.216480
0.215360
0.215520
0.215520
0.215584
0.216672
0.215136
0.215456
0.215456
0.215296
0.216032
0.215680
0.216448
0.216416
0.215488
0.216224
0.216352
0.215392
0.216128
0.215680
0.215680
0.215296
0.215712
0.215296
0.216256
0.215744
0.216256
0.215520
0.215968
0.216160
0.215744
0.215328
0.215232
0.215456
0.216160
0.215616
0.215712
0.216064
0.215680
0.215136
0.216064
0.216256
0.215072
0.216128
0.215584
0.216160
0.215744
0.215904
0.215904
0.216608
0.216224
0.215232
0.216224
0.215712
0.216512
0.216608
0.215040
0.216320
0.216672
0.216384
0.215488
0.333664
0.215680
0.215872
0.215456
0.215776
0.216512
0.216544
0.215456
0.215616
0.216128
0.216192
0.215200
0.216096
0.215520
0.215872
0.216512
0.215296
0.215776
0.215136
0.215296
0.216032
0.216064
0.215296
0.216640
0.215168
0.216448
0.215456
0.216096
0.215360
0.216256
0.215616
0.215680
0.216384
0.215456
0.216128
0.215392
0.215808
0.215968
0.215392
0.215584
0.216544
0.215456
0.215840
0.215360
0.215264
0.216032
0.215520
0.215488
0.216768
0.215296
0.393760
0.351104
0.217088
0.215584
0.215520
0.215680
0.216608
0.215456
0.215456
0.215040
0.216384
0.216352
0.215424
0.215168
0.215584
0.215936
0.215232
0.215392
0.215360
0.476160
0.217120
0.217152
0.216800
0.216192
0.215456
0.215616
0.215264
0.215360
0.216352
0.215136
0.216352
0.215040
0.216064
0.216352
0.215488
0.216128
0.215648
0.215680
0.216192
0.215488
0.216736
0.217184
0.215520
0.224384
0.225696
0.216000
0.216224
0.215520
0.216384
0.215040
0.215296
0.216096
0.215392
0.215040
0.215680
0.216288
0.215520
0.215648
0.216480
0.231424
0.218624
0.217632
0.244160
0.238432
0.216064
0.215328
0.215488
0.215648
0.215424
0.215200
0.216160
0.215648
0.216352
0.215232
0.215168
0.216096
0.215584
0.216768
0.216448
0.216256
0.215488
0.215552
0.215168
0.215104
0.216288
0.215040
0.216288
0.215200
0.215168
0.215328
0.215424
0.216288
0.216480
0.215296
0.216800
0.216576
0.216384
0.218208
0.217152
0.216128
0.215360
0.215264
0.215648
0.230656
0.215552
0.215200
0.215552
0.215264
0.216256
0.216064
0.215328
0.215968
0.215584
0.225280
0.216064
0.215264
0.215360
0.215264
0.215584
0.216256
0.217536
0.215424
0.216064
0.215680
0.215296
0.215040
0.216096
0.215488
0.215456
0.215840
0.215424
0.220352
0.215776
0.216032
0.215328
0.216800
0.215296
0.215424
0.215040
0.215776
0.215360
0.215872
0.215488
0.215232
0.215456
0.215520
0.215424
0.215328
0.215424
0.216224
0.216768
0.215200
0.215520
0.215200
0.215808
0.215168
0.215328
0.216512
0.215328
0.215456
0.215552
0.215712
0.215520
0.215712
0.215392
0.215328
0.216000
0.217216
0.333408
0.215872
0.215328
0.215360
0.215136
0.215424
0.216160
0.215168
0.215360
0.215040
0.215488
0.215424
0.215808
0.215520
0.215424
0.215872
0.215488
0.217536
0.237760
0.217216
0.216672
0.236832
0.216960
0.215104
0.216576
0.216512
0.215104
0.215360
0.216192
0.215424
0.216512
0.215616
0.216064
0.215520
0.215072
0.215296
0.216288
0.215392
0.216352
0.216096
0.215616
0.215296
0.215552
0.215392
0.216672
0.215168
0.216224
0.215232
0.215328
0.215424
0.216640
0.216512
0.216128
0.229344
0.216832
0.215456
0.215968
0.215648
0.216448
0.215136
0.216416
0.215168
0.215584
0.215136
0.216672
0.214944
0.215360
0.215232
0.398304
0.216576
0.350464
0.217088
0.216384
0.215264
0.215680
0.215520
0.215200
0.215360
0.215392
0.216576
0.216160
0.215392
0.215648
0.215072
0.215968
0.215264
0.216000
0.216288
0.215296
0.215904
0.215584
0.216608
0.215040
0.216096
0.215328
0.216544
0.215104
0.215488
0.215168
0.215680
0.215936
0.216032
0.215840
0.215776
0.216288
0.216288
0.215584
0.215232
0.215328
0.216192
0.215200
0.215904
0.215168
0.215392
0.215200
0.216672
0.216352
0.215168
0.215648
0.215488
0.215616
0.215904
0.215488
0.216224
0.215456
0.216128
0.215648
0.215648
0.215040
0.215200
0.215392
0.215552
0.215520
0.215456
0.477568
0.217504
0.218176
0.215744
0.215712
0.216864
0.216288
0.217056
0.233408
0.229312
0.217088
0.237472
0.215904
0.216224
0.215776
0.216160
0.216576
0.215040
0.216288
0.215040
0.216096
0.215328
0.215680
0.231424
0.217056
0.215488
0.215456
0.215232
0.216288
0.216480
0.215200
0.215456
0.215680
0.216320
0.215264
0.216384
0.215104
0.216256
0.216352
0.215264
0.216800
0.224768
0.234752
0.215040
0.216256
0.215488
0.215776
0.215424
0.215872
0.216224
0.215520
0.215680
0.215232
0.215936
0.216352
0.216320
0.215488
0.216640
0.215136
0.220416
0.216640
0.215296
0.215456
0.215680
0.219264
0.215712
0.215296
0.215488
0.216064
0.216320
0.215264
0.215040
0.215552
0.216192
0.215424
0.216160
0.216352
0.227072
0.216512
0.215328
0.215424
0.215712
0.215296
0.215104
0.215424
0.215648
0.216032
0.215552
0.216608
0.229792
0.216832
0.215296
0.215872
0.216256
0.215392
0.228352
0.216736
0.216320
0.215392
0.215904
0.215392
0.216256
0.216608
0.215264
0.216448
0.215072
0.215424
0.215040
0.216096
0.215456
0.215456
0.215200
0.216192
0.215648
0.215552
0.215360
0.215328
0.216096
0.215392
0.216032
0.216480
0.214944
0.215200
0.215680
0.215360
0.215904
0.216160
0.215232
0.215584
0.215296
0.216288
0.215232
0.215584
0.216000
0.215328
0.215584
0.216736
0.216096
0.215456
0.215104
0.215392
0.216064
0.215680
0.215488
0.216320
0.215584
0.216096
0.215360
0.215200
0.215456
0.216672
0.216640
0.215584
0.215808
0.215392
0.215104
0.215968
0.216576
0.217184
0.216352
0.215456
0.215232
0.216000
0.215168
0.216192
0.332480
0.217088
0.225280
0.216864
0.216544
0.392960
0.337920
0.351072
0.217120
0.215456
0.216352
0.215488
0.216288
0.215520
0.215712
0.215040
0.216768
0.216800
0.248032
0.216736
0.215520
0.215424
0.215072
0.215744
0.215168
0.216032
0.216160
0.215520
0.216320
0.215200
0.215136
0.215168
0.216256
0.215424
0.215968
0.224832
0.215392
0.213472
0.213056
0.213536
0.213280
0.214144
0.213248
0.213568
0.214080
0.213408
0.215296
0.213952
0.474912
0.215040
0.215040
0.214272
0.213824
0.214368
0.214080
0.213600
0.213824
0.213376
0.213408
0.213248
0.213088
0.213984
0.213504
0.214208
0.213312
0.213984
0.214240
0.213536
0.214528
0.214208
0.235904
0.215040
0.213344
0.213024
0.213888
0.213280
0.213856
0.225248
0.214528
0.213472
0.213536
0.212992
0.213216
0.214400
0.213088
0.214016
0.214112
0.213664
0.213152
0.213888
0.214016
0.214464
0.215008
0.229984
0.235104
0.213664
0.214144
0.213472
0.214208
0.214432
0.213024
0.214208
0.213120
0.213344
0.214080
0.213696
0.213344
0.214176
0.213728
0.214368
0.213088
0.214176
0.214400
0.213376
0.214304
0.213408
0.214112
0.213440
0.213120
0.214048
0.214304
0.213536
0.214688
0.214592
0.214464
0.213504
0.213984
0.214272
0.213376
0.213440
0.214080
0.213376
0.213888
0.213632
0.213312
0.213504
0.213088
0.213312
0.214016
0.213824
0.214144
0.213504
0.213216
0.215648
0.214016
0.214272
0.214688
0.214688
0.214432
0.213312
0.213280
0.212992
0.213824
0.213568
0.213664
0.213312
0.214080
0.213184
0.213728
0.214144
0.213504
0.214016
0.213664
0.213856
0.214208
0.213248
0.219840
0.214400
0.213472
0.214272
0.213152
0.213664
0.213472
0.213408
0.214336
0.213216
0.213632
0.213664
0.213728
0.214400
0.213632
0.214176
0.213280
0.213440
0.213312
0.214176
0.213120
0.214080
0.213984
0.213504
0.214016
0.213568
0.213088
0.213440
0.213664
0.213248
0.214016
0.214848
0.213472
0.213600
0.214688
0.214048
0.214624
0.214400
0.213216
0.214144
0.214176
0.217536
0.213984
0.214464
0.213472
0.213792
0.213376
0.213568
0.213632
0.214240
0.226368
0.213920
0.217056
0.333088
0.217088
0.216448
0.215296
0.215392
0.215936
0.215104
0.216128
0.216288
0.215168
0.215392
0.215456
0.216192
0.215072
0.216224
0.216352
0.216160
0.215712
0.216256
0.215424
0.215264
0.215200
0.216000
0.215392
0.394784
0.351712
0.218144
0.215264
0.215168
0.215488
0.216160
0.215424
0.216000
0.215712
0.215296
0.215168
0.215264
0.215712
0.216608
0.216416
0.215744
0.217312
0.216064
0.215264
0.475136
0.218560
0.217088
0.216992
0.216384
0.215808
0.216128
0.216000
0.215488
0.216512
0.217056
0.344960
0.216096
0.215520
0.215040
0.215072
0.215552
0.215552
0.215680
0.215648
0.216448
0.215392
0.216352
0.215392
0.215392
0.215648
0.216480
0.215680
0.216672
0.215040
0.216288
0.215360
0.215296
0.215328
0.215552
0.215104
0.216416
0.215392
0.216416
0.217344
0.215744
0.216704
0.215360
0.214208
0.213760
0.213056
0.214112
0.213312
0.214080
0.214400
0.215168
0.216352
0.214976
0.213408
0.213632
0.213280
0.222208
0.214240
0.214272
0.213504
0.214304
0.213248
0.214304
0.213248
0.214240
0.213056
0.335296
0.438528
0.215168
0.214624
0.216480
0.213952
0.214528
0.213216
0.213152
0.214848
0.249344
0.215072
0.233760
0.213536
0.213888
0.213280
0.213760
0.214400
0.214048
0.213568
0.214048
0.213600
0.213696
0.214496
0.214336
0.213440
0.214688
0.213280
0.213760
0.213472
0.213440
0.213248
0.214080
0.213472
0.213536
0.213216
0.213888
0.213184
0.214016
0.214240
0.213152
0.216000
0.214016
0.213440
0.213536
0.213184
0.213280
0.214336
0.212992
0.214208
0.213312
0.213728
0.213952
0.214720
0.214912
0.214496
0.214720
0.214720
0.214112
0.214592
0.215040
0.214624
0.214848
0.214912
0.214336
0.215104
0.214592
0.213888
0.213888
0.214368
0.214400
0.214688
0.215328
0.214560
0.474176
0.216960
0.216096
0.214880
0.214912
0.215104
0.215008
0.214816
0.214752
0.213920
0.234240
0.215104
0.214912
0.216512
0.216320
0.214528
0.215072
0.213792
0.213632
0.213792
0.214816
0.215072
0.214944
0.214784
0.215232
0.219808
0.214208
0.213472
0.214432
0.220064
0.237568
0.216160
0.214272
0.218176
0.213920
0.213696
0.214944
0.220160
0.214656
0.212992
0.214048
0.213600
0.213600
0.213472
0.213568
0.213344
0.213152
0.214176
0.213952
0.213792
0.215136
0.218592
0.214848
0.217888
0.214496
0.215424
0.215616
0.213664
0.214016
0.214112
0.214112
0.213664
0.214208
0.214368
0.213312
0.213504
0.213952
0.213408
0.214592
0.213312
0.213952
0.213920
0.214656
0.214336
0.213472
0.213632
0.213408
0.213376
0.213408
0.213088
0.213472
0.214240
0.213216
0.213952
0.213600
0.214560
0.214496
0.213248
0.214432
0.214080
0.213248
0.224928
0.214720
0.214176
0.213120
0.213920
0.213536
0.213312
0.213408
0.213216
0.213376
0.213408
0.214592
0.214208
0.213632
0.214080
0.213472
0.213120
0.244096
0.333472
0.215008
0.213312
0.214048
0.213504
0.213248
0.214176
0.213664
0.213952
0.213664
0.213920
0.214336
0.213152
0.214336
0.214176
0.213344
0.213440
0.213696
0.223264
0.214688
0.213344
0.214016
0.213344
0.213120
0.213184
0.214080
0.213632
0.213472
0.213696
0.214208
0.213024
0.213120
0.213984
0.213024
0.213312
0.214208
0.231968
0.214880
0.213408
0.213440
0.213984
0.213184
0.214240
0.213344
0.213216
0.214144
0.213504
0.214272
0.214400
0.213312
0.214112
0.213408
0.411936
0.428032
0.215488
0.213472
0.213056
0.213248
0.214112
0.213216
0.213216
0.213024
0.213280
0.213504
0.213504
0.213344
0.214048
0.213536
0.234880
0.214816
0.214720
0.213920
0.214112
0.213344
0.213984
0.235168
0.216128
0.237376
0.227840
0.235680
0.213824
0.214912
0.214912
0.213440
0.213696
0.213280
0.213472
0.214752
0.215104
0.214208
0.223712
0.214784
0.213440
0.214848
0.214816
0.213568
0.214624
0.213120
0.213696
0.469280
0.216544
0.215392
0.232192
0.213728
0.214240
0.213600
0.213856
0.213600
0.213184
0.214048
0.213120
0.213344
0.214592
0.213280
0.214112
0.213440
0.214176
0.213376
0.212992
0.213376
0.213056
0.213440
0.214656
0.214208
0.213408
0.213856
0.213088
0.213344
0.213536
0.214880
0.214432
0.214816
0.214592
0.214752
0.214176
0.213472
0.214400
0.213536
0.215040
0.214976
0.215392
0.214560
0.233472
0.235520
0.236480
0.214816
0.215040
0.216448
0.215040
0.364544
0.214592
0.213344
0.213568
0.213376
0.213952
0.213888
0.213376
0.213088
0.213280
0.213440
0.213664
0.216480
0.213856
0.214880
0.213472
0.213760
0.213408
0.213728
0.213536
0.214112
0.213664
0.214272
0.213792
0.213376
0.213120
0.214048
0.214560
0.213376
0.213376
0.213088
0.214304
0.213184
0.214112
0.213216
0.213152
0.213600
0.214112
0.213088
0.213504
0.213184
0.213472
0.213344
0.214112
0.213408
0.216000
0.214496
0.213024
0.213504
0.214048
0.213408
0.212992
0.213952
0.214144
0.213376
0.213792
0.213152
0.213440
0.213408
0.213248
0.214144
0.214112
0.213216
0.214080
0.214624
0.214336
0.373760
0.227520
0.541312
0.216896
0.213952
0.214112
0.215040
0.217184
0.214944
0.213312
0.214176
0.213472
0.214784
0.214400
0.213504
0.212960
0.213536
0.214560
0.213216
0.214080
0.213440
0.214048
0.213504
0.214432
0.227104
0.472832
0.216128
0.225376
0.220992
0.213888
0.212640
0.211232
0.211808
0.212448
0.212416
0.211008
0.212416
0.212480
0.212224
0.210944
0.212224
0.211168
0.212192
0.211520
0.212800
0.211232
0.211552
0.211552
0.211904
0.212192
0.211424
0.211584
0.211808
0.212448
0.212480
0.214880
0.217216
0.216864
0.216224
0.215104
0.223232
0.215104
0.214816
0.214656
0.216480
0.217472
0.218752
0.218144
0.215040
0.212800
0.212384
0.210944
0.212160
0.211712
0.212608
0.212992
0.326432
0.211648
0.212768
0.211200
0.211744
0.211744
0.212288
0.212512
0.212352
0.211968
0.211328
0.211616
0.212096
0.212128
0.211488
0.211616
0.211296
0.212512
0.212192
0.211392
0.212672
0.212736
0.211904
0.212000
0.211680
0.227744
0.212608
0.211264
0.211520
0.211392
0.212160
0.211584
0.212928
0.211616
0.220128
0.211712
0.211744
0.241312
0.222272
0.221184
0.212992
0.212512
0.211328
0.212320
0.212448
0.211488
0.212512
0.211808
0.212608
0.211616
0.211808
0.211904
0.212704
0.212480
0.212128
0.211456
0.212960
0.211360
0.212608
0.211264
0.211392
0.213664
0.238016
0.211264
0.212480
0.391456
0.333376
0.489472
0.213184
0.212256
0.211488
0.212160
0.212480
0.212864
0.211392
0.211584
0.212640
0.212608
0.212544
0.211296
0.211808
0.212608
0.211456
0.211520
0.212384
0.211200
0.211328
0.212448
0.212384
0.211168
0.211648
0.467744
0.213856
0.214496
0.212832
0.212096
0.211648
0.212288
0.212704
0.212512
0.212032
0.211616
0.212608
0.211840
0.212832
0.212288
0.211424
0.211424
0.211904
0.212128
0.211584
0.222240
0.212864
0.212192
0.211136
0.211968
0.212512
0.211264
0.212160
0.211360
0.212800
0.212160
0.211424
0.212416
0.212544
0.212192
0.211520
0.212384
0.213024
0.214944
0.213184
0.211680
0.212608
0.211424
0.211616
0.212096
0.211680
0.212672
0.211136
0.211712
0.212160
0.212352
0.211616
0.211616
0.212480
0.211680
0.211712
0.212608
0.212992
0.212768
0.211712
0.212224
0.212352
0.211584
0.211488
0.211648
0.212288
0.211584
0.212128
0.211584
0.212736
0.212416
0.211840
0.212512
0.212192
0.211520
0.212512
0.211872
0.212896
0.212448
0.211232
0.211488
0.212096
0.212160
0.211808
0.212448
0.211328
0.212256
0.211360
0.211488
0.212608
0.211232
0.212128
0.211552
0.211488
0.211936
0.212704
0.212192
0.212576
0.212096
0.211616
0.212640
0.212576
0.212832
0.212000
0.211520
0.212320
0.212672
0.212384
0.211648
0.211936
0.211872
0.212544
0.211968
0.211968
0.212576
0.211648
0.211808
0.212512
0.211808
0.213952
0.212832
0.213344
0.215552
0.215840
0.215424
0.215616
0.215520
0.215520
0.215488
0.216128
0.215712
0.215968
0.215712
0.215392
0.332352
0.216128
0.215424
0.215232
0.215456
0.392736
0.350208
0.217088
0.216224
0.215488
0.215840
0.216416
0.215552
0.215520
0.215712
0.216512
0.215264
0.216192
0.215456
0.215808
0.216128
0.215520
0.216448
0.216512
0.215328
0.216032
0.216096
0.216320
0.215392
0.215808
0.216192
0.216288
0.215552
0.216384
0.215040
0.215936
0.216544
0.215296
0.216416
0.215488
0.216224
0.215392
0.216032
0.215296
0.215104
0.216256
0.215232
0.226880
0.231264
0.216320
0.215296
0.216640
0.215136
0.215392
0.216224
0.215392
0.216704
0.216672
0.216352
0.215328
0.216384
0.215712
0.215104
0.216320
0.215488
0.218496
0.216768
0.216640
0.215392
0.216864
0.217440
0.216000
0.216576
0.215392
0.215360
0.215840
0.214720
0.212992
0.213472
0.474336
0.215424
0.215040
0.214752
0.214592
0.214400
0.212992
0.213568
0.214624
0.214208
0.213536
0.214016
0.213472
0.213568
0.213344
0.213472
0.213472
0.213792
0.213408
0.213472
0.213440
0.214272
0.214592
0.213664
0.214688
0.213760
0.213312
0.213504
0.213280
0.213408
0.213792
0.213376
0.213888
0.213440
0.214496
0.213472
0.213376
0.213216
0.213152
0.214496
0.215040
0.214944
0.213856
0.213984
0.213504
0.214368
0.214240
0.213120
0.213952
0.213344
0.213248
0.213376
0.213216
0.213344
0.213792
0.213664
0.213536
0.213760
0.214240
0.214432
0.213184
0.214144
0.213504
0.213696
0.214304
0.213408
0.213248
0.213632
0.213984
0.214144
0.213504
0.214080
0.214400
0.213248
0.214368
0.213152
0.213408
0.213856
0.214336
0.213344
0.213952
0.214240
0.213376
0.213536
0.213056
0.213312
0.213280
0.213696
0.213408
0.213344
0.213696
0.213280
0.213536
0.214304
0.213696
0.213984
0.214368
0.213792
0.213440
0.213440
0.213088
0.214240
0.214912
0.214272
0.213632
0.214400
0.214208
0.213280
0.214304
0.213312
0.213376
0.213792
0.213408
0.213568
0.214336
0.214048
0.213664
0.213472
0.213760
0.214560
0.214784
0.214240
0.213568
0.213312
0.213536
0.213152
0.214272
0.214240
0.213568
0.213792
0.213152
0.213856
0.213312
0.214528
0.213024
0.214560
0.214400
0.213376
0.213920
0.214208
0.214880
0.214752
0.219040
0.213440
0.214144
0.213472
0.213472
0.213024
0.213248
0.213568
0.213856
0.214336
0.213440
0.213312
0.213280
0.213120
0.213568
0.213440
0.213664
0.214112
0.213408
0.213472
0.213792
0.213792
0.213600
0.214016
0.213248
0.214528
0.214816
0.214784
0.214528
0.214144
0.213600
0.214112
0.213824
0.214272
0.214560
0.213312
0.213248
0.214240
0.213088
0.214272
0.213184
0.213280
0.214304
0.213472
0.214208
0.213920
0.214464
0.213568
0.213536
0.214784
0.213376
0.213312
0.213440
0.213952
0.214208
0.213312
0.213024
0.214080
0.214432
0.213376
0.213344
0.213696
0.214304
0.213440
0.213728
0.214112
0.214176
0.213632
0.214176
0.213376
0.213728
0.213408
0.213408
0.214144
0.213568
0.214016
0.347520
0.214432
0.213440
0.213344
0.214240
0.214336
0.213504
0.214432
0.213248
0.214016
0.213504
0.214336
0.214656
0.213472
0.213728
0.214208
0.214464
0.214528
0.225120
0.224832
0.229536
0.213888
0.214848
0.388384
0.335712
0.526048
0.214432
0.213152
0.216256
0.214240
0.213312
0.213536
0.213376
0.213088
0.214240
0.213056
0.227264
0.214944
0.214336
0.213376
0.214112
0.213472
0.213632
0.214080
0.213536
0.214336
0.214336
0.213184
0.214720
0.212992
0.213408
0.214240
0.213472
0.213760
0.214144
0.213440
0.213376
0.213664
0.214528
0.214176
0.213472
0.214144
0.213600
0.213312
0.213728
0.212992
0.213440
0.213408
0.213280
0.213440
0.214112
0.213664
0.472640
0.215328
0.215040
0.215136
0.214176
0.213632
0.214272
0.213440
0.213472
0.213504
0.213216
0.213408
0.214208
0.213504
0.214368
0.213472
0.213408
0.213952
0.213280
0.214368
0.213504
0.213088
0.214048
0.213408
0.214144
0.213280
0.213632
0.213152
0.213536
0.214144
0.213504
0.214144
0.213440
0.212992
0.213536
0.213888
0.213792
0.213216
0.213440
0.213824
0.213664
0.213312
0.213312
0.214176
0.231520
0.215072
0.214144
0.213408
0.214368
0.213056
0.214080
0.214144
0.213408
0.214112
0.213504
0.214528
0.213504
0.213280
0.214336
0.214336
0.213504
0.214336
0.213472
0.214400
0.213440
0.213056
0.213984
0.213152
0.213408
0.214080
0.213632
0.213440
0.213376
0.213344
0.214880
0.214720
0.214624
0.212992
0.214368
0.213248
0.213536
0.213760
0.213120
0.213376
0.213120
0.213440
0.214560
0.213472
0.214016
0.213952
0.213600
0.213376
0.227488
0.214912
0.213472
0.213376
0.213600
0.213792
0.213888
0.214272
0.213344
0.213440
0.216608
0.214528
0.218656
0.213472
0.213888
0.214464
0.213440
0.213280
0.214752
0.214464
0.221568
0.218976
0.214816
0.213696
0.214240
0.213536
0.212992
0.213344
0.213728
0.214144
0.213600
0.213280
0.214336
0.213408
0.214272
0.213696
0.213376
0.213792
0.214688
0.214272
0.214560
0.214656
0.213376
0.214240
0.213408
0.213696
0.213504
0.213568
0.213344
0.213632
0.214272
0.213568
0.213600
0.213344
0.213792
0.214272
0.213248
0.213184
0.214656
0.214560
0.218624
0.215104
0.234272
0.214816
0.213280
0.213088
0.213664
0.213408
0.213728
0.212992
0.213376
0.214304
0.213376
0.227136
0.214944
0.214496
0.212992
0.212128
0.212320
0.211264
0.212480
0.212000
0.212512
0.211264
0.211648
0.212064
0.211648
0.211424
0.212416
0.211360
0.211776
0.211520
0.211680
0.212128
0.211456
0.211360
0.211776
0.212032
0.211648
0.212320
0.211456
0.212128
0.211328
0.212736
0.226016
0.211872
0.211744
0.216928
0.216224
0.212992
0.212864
0.212800
0.211520
0.212800
0.212640
0.211168
0.211520
0.212160
0.211424
0.211872
0.212224
0.212128
0.211488
0.211968
0.211552
0.211392
0.211872
0.212288
0.211392
0.211392
0.212640
0.211168
0.212480
0.211264
0.216704
0.350208
0.213152
0.211392
0.211424
0.211712
0.212256
0.211104
0.211648
0.212480
0.211168
0.211936
0.212640
0.212480
0.211264
0.211776
0.212096
0.212000
0.211744
0.212480
0.211456
0.212640
0.211264
0.211968
0.212064
0.212256
0.212032
0.211680
0.212576
0.211680
0.211520
0.211264
0.212608
0.212256
0.212608
0.212512
0.211424
0.211680
0.212480
0.391136
0.333568
0.345856
0.214880
0.212352
0.211840
0.211744
0.218368
0.211232
0.211968
0.212128
0.211520
0.211616
0.212672
0.212544
0.211136
0.212000
0.211744
0.212608
0.211520
0.212352
0.211552
0.211840
0.211072
0.211680
0.211776
0.468384
0.214432
0.213600
0.212800
0.212160
0.213696
0.212160
0.212448
0.216256
0.211680
0.211520
0.211840
0.211936
0.212544
0.211424
0.211808
0.223456
0.211872
0.211680
0.212160
0.212096
0.211552
0.211904
0.211552
0.211424
0.212608
0.211232
0.211936
0.212256
0.211520
0.212256
0.211328
0.211904
0.212352
0.212192
0.211712
0.212544
0.212608
0.211296
0.211776
0.211968
0.212160
0.211360
0.212320
0.212480
0.212352
0.211168
0.212192
0.211424
0.212512
0.211776
0.211872
0.212384
0.211616
0.212320
0.211264
0.211840
0.211168
0.211392
0.212512
0.212224
0.211328
0.211296
0.212352
0.211456
0.211584
0.211168
0.212512
0.211296
0.212416
0.212416
0.212736
0.212352
0.212544
0.211520
0.211744
0.211872
0.212160
0.211360
0.212384
0.212736
0.211264
0.211776
0.212608
0.212640
0.212800
0.212800
0.212640
0.212640
0.212224
0.212736
0.212864
0.211584
0.212608
0.212288
0.211488
0.212480
0.212320
0.212000
0.211712
0.212000
0.212000
0.211328
0.212256
0.211104
0.211456
0.212352
0.212480
0.216608
0.229376
0.212736
0.212544
0.211264
0.211872
0.211296
0.228096
0.221728
0.218976
0.227296
0.211904
0.212704
0.211968
0.212064
0.211616
0.211712
0.212032
0.211552
0.212704
0.211232
0.212448
0.212320
0.212192
0.211456
0.212032
0.210976
0.211456
0.212736
0.211328
0.211936
0.213984
0.216320
0.215328
0.216224
0.215360
0.215840
0.215488
0.215744
0.216928
0.215872
0.216736
0.215552
0.215680
0.216064
0.216064
0.215712
0.215232
0.215712
0.215296
0.219584
0.226336
0.225888
0.228192
0.333216
0.217120
0.215296
0.215360
0.215424
0.215072
0.218784
0.219360
0.216096
0.216384
0.215232
0.216160
0.215456
0.216192
0.215616
0.216096
0.216320
0.215328
0.230240
0.217024
0.216320
0.215264
0.215584
0.215328
0.215616
0.216096
0.215328
0.216352
0.215040
0.215520
0.216000
0.215520
0.215424
0.215328
0.215712
0.216384
0.235872
0.217184
0.216128
0.215648
0.215040
0.215488
0.215104
0.215776
0.215456
0.215808
0.215936
0.216128
0.215584
0.215264
0.396576
0.338560
0.350944
0.217216
0.215488
0.215872
0.216736
0.474976
0.218400
0.218432
0.215712
0.215392
0.215904
0.215552
0.215136
0.216544
0.215264
0.215648
0.216608
0.216352
0.215456
0.215712
0.216128
0.215616
0.216032
0.216224
0.215136
0.216320
0.215584
0.215456
0.216480
0.215264
0.215808
0.215104
0.215264
0.215456
0.215904
0.216480
0.216096
0.215680
0.215968
0.215264
0.232480
0.219456
0.229664
0.221216
0.216320
0.216608
0.215776
0.215936
0.216416
0.229088
0.216608
0.216288
0.215840
0.216832
0.215488
0.215744
0.215232
0.215616
0.215872
0.216096
0.215584
0.215424
0.215296
0.215712
0.216160
0.215328
0.215392
0.216064
0.215232
0.216640
0.215648
0.215616
0.215360
0.215200
0.215872
0.216448
0.215392
0.216032
0.215264
0.215424
0.215136
0.215296
0.216064
0.216224
0.215552
0.216672
0.216384
0.216544
0.216288
0.220896
0.215424
0.228928
0.216768
0.215424
0.215968
0.216352
0.216256
0.215872
0.216096
0.215616
0.216672
0.215392
0.215872
0.216128
0.215040
0.215776
0.218464
0.216480
0.215328
0.215552
0.215584
0.215232
0.216512
0.216576
0.215200
0.216064
0.215392
0.215584
0.215744
0.216096
0.215488
0.215328
0.215296
0.215072
0.215808
0.216000
0.215904
0.215936
0.215264
0.215136
0.215456
0.218560
0.215360
0.215904
0.215520
0.215584
0.215968
0.215488
0.215360
0.215200
0.215872
0.215744
0.241184
0.217792
0.216480
0.215456
0.216512
0.216128
0.215744
0.234880
0.216320
0.215456
0.215488
0.216064
0.215872
0.216096
0.215360
0.216512
0.215040
0.215360
0.215552
0.215456
0.215872
0.215552
0.216320
0.215392
0.215424
0.215392
0.216384
0.216192
0.215616
0.216640
0.215360
0.215520
0.216256
0.215328
0.215232
0.216448
0.215296
0.216544
0.215296
0.215200
0.216000
0.215488
0.216288
0.215200
0.215744
0.215104
0.215520
0.215648
0.215072
0.216640
0.218880
0.231424
0.216736
0.215680
0.215776
0.215680
0.216448
0.215040
0.216000
0.215360
0.216672
0.215648
0.215168
0.215040
0.215616
0.215584
0.215520
0.215616
0.215520
0.216096
0.215616
0.215840
0.215200
0.216096
0.215296
0.230272
0.215168
0.216608
0.215648
0.215136
0.216640
0.215488
0.215296
0.215424
0.216224
0.215232
0.215264
0.215680
0.215328
0.215744
0.215040
0.215776
0.216000
0.216320
0.215584
0.215648
0.215136
0.215072
0.218272
0.218400
0.335392
0.216608
0.215456
0.215552
0.215808
0.216224
0.215200
0.215296
0.215520
0.215904
0.216192
0.215584
0.215488
0.215264
0.215360
0.215232
0.215104
0.216192
0.215520
0.215456
0.216704
0.215040
0.216128
0.215168
0.216224
0.215424
0.222016
0.231424
0.216128
0.216288
0.215360
0.215296
0.215744
0.215808
0.215552
0.215520
0.215424
0.215136
0.216576
0.215040
0.216096
0.215360
0.215360
0.216192
0.215200
0.216480
0.216480
0.215200
0.216352
0.215104
0.215328
0.216480
0.215264
0.215392
0.215456
0.216096
0.215424
0.216064
0.215456
0.215616
0.215136
0.215200
0.215040
0.215584
0.216288
0.215296
0.215936
0.216320
0.215520
0.397312
0.216800
0.350144
0.217408
0.215648
0.215040
0.215968
0.216480
0.215808
0.215552
0.215328
0.216448
0.215296
0.215040
0.216416
0.215584
0.215104
0.215808
0.215648
0.215520
0.216096
0.215552
0.215264
0.216000
0.215520
0.215488
0.223104
0.216960
0.220544
0.219296
0.216224
0.217312
0.238112
0.215456
0.215776
0.221376
0.216704
0.215904
0.216576
0.215136
0.216160
0.215456
0.215744
0.216320
0.216672
0.216864
0.215104
0.216288
0.215264
0.216000
0.216416
0.215744
0.476032
0.218112
0.217088
0.216352
0.215520
0.215520
0.215232
0.215488
0.215296
0.216672
0.217088
0.216192
0.215552
0.216160
0.215008
0.214912
0.214944
0.214976
0.215040
0.214656
0.215296
0.214912
0.214912
0.214912
0.215072
0.215264
0.219008
0.231424
0.214880
0.214784
0.214752
0.215104
0.214976
0.214656
0.214944
0.215040
0.214048
0.214656
0.215072
0.215168
0.214944
0.215040
0.215008
0.214784
0.214944
0.214336
0.215104
0.214720
0.214912
0.215072
0.215104
0.214720
0.214560
0.215040
0.213888
0.214816
0.214816
0.214560
0.214912
0.214816
0.214976
0.214944
0.215776
0.215072
0.215232
0.215328
0.214784
0.214848
0.214464
0.214112
0.215040
0.215040
0.214976
0.214976
0.214272
0.214048
0.214560
0.214656
0.214880
0.214368
0.214144
0.215072
0.227840
0.230112
0.225152
0.226816
0.215040
0.214848
0.214688
0.214048
0.214432
0.214912
0.214272
0.213984
0.214784
0.214752
0.214784
0.215552
0.217632
0.217216
0.217792
0.218560
0.230624
0.217824
0.217664
0.217216
0.218720
0.217184
0.219136
0.218240
0.217312
0.394208
0.341760
0.353856
0.219136
0.217280
0.217536
0.217824
0.217504
0.217120
0.227136
0.234016
0.218816
0.218688
0.217472
0.217056
0.217088
0.218016
0.217376
0.218112
0.217440
0.217760
0.218304
0.217408
0.218208
0.217440
0.217248
0.217216
0.217312
0.218048
0.217536
0.480800
0.223232
0.219264
0.217472
0.218048
0.217600
0.217248
0.235296
0.219040
0.217120
0.217408
0.218720
0.217216
0.218336
0.217536
0.217248
0.217408
0.217280
0.218176
0.217376
0.217696
0.218112
0.217568
0.218080
0.217376
0.231648
0.218144
0.217760
0.217920
0.217344
0.221696
0.217728
0.217088
0.217920
0.217152
0.218208
0.217504
0.217440
0.217120
0.217920
0.217088
0.218208
0.217312
0.217344
0.217344
0.217888
0.217120
0.218688
0.217216
0.217216
0.218176
0.217696
0.218432
0.218400
0.217280
0.217152
0.217024
0.217280
0.217312
0.217216
0.217248
0.217632
0.217920
0.217152
0.216384
0.217728
0.217824
0.217088
0.217248
0.218048
0.224608
0.217568
0.217632
0.217920
0.217152
0.217408
0.218176
0.217856
0.217824
0.217312
0.217440
0.217408
0.217184
0.217280
0.217056
0.217472
0.218080
0.217408
0.217408
0.217152
0.218464
0.217344
0.217568
0.218528
0.217344
0.218464
0.218272
0.217568
0.217376
0.217600
0.218464
0.217408
0.217440
0.220704
0.217216
0.217504
0.217568
0.217504
0.217152
0.217472
0.218016
0.217600
0.217312
0.217920
0.217792
0.218400
0.217472
0.217696
0.217696
0.217088
0.217856
0.217504
0.217248
0.218368
0.217504
0.217536
0.217216
0.217472
0.217152
0.217856
0.217824
0.217920
0.218240
0.217696
0.217728
0.218272
0.217376
0.217088
0.218080
0.218496
0.217120
0.218048
0.217312
0.217248
0.217568
0.217088
0.218208
0.218368
0.217248
0.218688
0.218464
0.218304
0.217216
0.217248
0.218464
0.217152
0.217792
0.218624
0.217344
0.217472
0.218272
0.217376
0.218656
0.217344
0.217760
0.218496
0.217312
0.217760
0.218112
0.217120
0.218048
0.217408
0.218176
0.217440
0.217728
0.217216
0.217568
0.218400
0.238880
0.218592
0.217792
0.217856
0.218560
0.217568
0.217664
0.218976
0.254816
0.225600
0.237728
0.217888
0.233632
0.218144
0.217600
0.217536
0.217376
0.218016
0.217408
0.218208
0.218624
0.217344
0.217504
0.217344
0.218240
0.218080
0.218400
0.217216
0.218336
0.218624
0.217376
0.217248
0.218144
0.218176
0.217600
0.217536
0.217728
0.217664
0.217120
0.218048
0.217440
0.218272
0.218176
0.217696
0.216352
0.217344
0.217984
0.217600
0.218176
0.217824
0.218304
0.217664
0.218272
0.217568
0.217504
0.217376
0.217920
0.217184
0.218144
0.218496
0.217568
0.217856
0.218240
0.218432
0.217536
0.218144
0.217024
0.218336
0.217152
0.218112
0.217344
0.217248
0.234528
0.336416
0.219008
0.218304
0.217408
0.217664
0.217472
0.218016
0.217856
0.218048
0.217536
0.218496
0.217504
0.217632
0.217088
0.218080
0.217600
0.217728
0.217088
0.217888
0.218432
0.217792
0.217408
0.234336
0.217632
0.217856
0.217984
0.227648
0.218880
0.368640
0.354304
0.219488
0.217312
0.217568
0.217408
0.479456
0.219520
0.220640
0.218944
0.218624
0.217376
0.217472
0.217440
0.217472
0.218496
0.217536
0.217184
0.217184
0.218112
0.217376
0.217504
0.218112
0.217472
0.217248
0.218016
0.230976
0.217216
0.218048
0.215680
0.215776
0.216608
0.215264
0.215520
0.215424
0.216096
0.215808
0.216416
0.215552
0.215552
0.215552
0.215200
0.215776
0.236256
0.215968
0.215872
0.216096
0.216448
0.215392
0.215264
0.215584
0.215040
0.215520
0.216480
0.215424
0.215872
0.215456
0.215232
0.215168
0.216288
0.216128
0.215584
0.237856
0.216736
0.216256
0.215552
0.216064
0.215648
0.216192
0.216320
0.215520
0.215904
0.215584
0.215680
0.216672
0.215520
0.215936
0.215840
0.215520
0.215968
0.216352
0.215296
0.216544
0.215456
0.216480
0.215264
0.216736
0.215392
0.215776
0.215296
0.215744
0.216192
0.215648
0.216160
0.216160
0.215616
0.216320
0.215392
0.215648
0.215968
0.216512
0.215296
0.215840
0.215520
0.215232
0.215872
0.215584
0.216352
0.215488
0.215520
0.215776
0.215584
0.215424
0.215296
0.215360
0.215392
0.225248
0.217088
0.216256
0.215424
0.215680
0.215264
0.215328
0.215648
0.216672
0.215488
0.215456
0.215328
0.215616
0.215488
0.215040
0.216128
0.215552
0.215424
0.216128
0.215904
0.216000
0.215488
0.216192
0.215584
0.215040
0.215680
0.216064
0.215904
0.216480
0.215264
0.225600
0.221344
0.216608
0.216672
0.215968
0.216096
0.215264
0.216352
0.216832
0.235040
0.216736
0.215264
0.216192
0.215680
0.215360
0.215648
0.216096
0.216224
0.215680
0.215520
0.215648
0.216384
0.225312
0.216576
0.215264
0.216320
0.215776
0.216320
0.216448
0.216704
0.215232
0.216128
0.215424
0.216064
0.216704
0.215168
0.215744
0.215424
0.216320
0.215232
0.222784
0.216480
0.216544
0.216416
0.215904
0.215488
0.216192
0.215360
0.216832
0.216384
0.215552
0.215360
0.216064
0.215296
0.215584
0.216448
0.215072
0.216192
0.215104
0.215264
0.216256
0.215808
0.215776
0.216032
0.216480
0.215232
0.215936
0.215424
0.215360
0.215456
0.215168
0.216000
0.216384
0.215584
0.216096
0.215264
0.216416
0.215360
0.215744
0.215360
0.215712
0.215776
0.216416
0.215616
0.215744
0.215424
0.216000
0.216608
0.215424
0.215520
0.216032
0.215424
0.215936
0.215808
0.216256
0.215424
0.216064
0.215648
0.215456
0.216128
0.215232
0.216352
0.215712
0.215488
0.215168
0.216352
0.216640
0.215040
0.216448
0.215392
0.216768
0.344064
0.217088
0.215456
0.215552
0.216704
0.216352
0.215360
0.215328
0.215168
0.330752
0.217312
0.216288
0.216480
0.215264
0.215584
0.215040
0.215424
0.216352
0.215040
0.216256
0.217312
0.246944
0.233376
0.216352
0.215296
0.216224
0.215584
0.216416
0.215168
0.215520
0.216256
0.215136
0.215840
0.215392
0.215328
0.215616
0.215072
0.221312
0.215392
0.216640
0.215904
0.215520
0.216640
0.216320
0.215424
0.216352
0.216224
0.215584
0.216384
0.215552
0.216288
0.215328
0.215744
0.215232
0.215840
0.404096
0.235520
0.447744
0.217088
0.215456
0.216160
0.215424
0.216320
0.216192
0.215552
0.215488
0.215680
0.215072
0.215488
0.216288
0.215360
0.227392
0.216384
0.215488
0.215360
0.215232
0.215232
0.216256
0.215072
0.215424
0.215264
0.216192
0.215712
0.215744
0.215232
0.216096
0.215552
0.216064
0.215648
0.215552
0.216608
0.215392
0.215968
0.215328
0.215072
0.216096
0.215072
0.215424
0.216256
0.215264
0.216160
0.215648
0.215680
0.216352
0.215040
0.216096
0.216160
0.215520
0.477184
0.218496
0.217088
0.218368
0.215168
0.216320
0.215360
0.216544
0.215328
0.215872
0.216448
0.215648
0.215040
0.216064
0.215168
0.215744
0.216000
0.215840
0.216608
0.216032
0.216000
0.215808
0.216128
0.215712
0.215680
0.216576
0.215040
0.216096
0.216480
0.216320
0.215584
0.215104
0.215392
0.216000
0.215456
0.215840
0.216448
0.216896
0.220320
0.216864
0.232288
0.230848
0.215776
0.215616
0.216608
0.216704
0.215840
0.215488
0.215488
0.216192
0.217280
0.216896
0.216448
0.215360
0.215488
0.216000
0.216096
0.215680
0.215584
0.216224
0.215072
0.216096
0.215264
0.215744
0.221184
0.216352
0.216448
0.215296
0.215328
0.215552
0.215744
0.216736
0.216384
0.215680
0.215936
0.215200
0.215744
0.227360
0.216416
0.216224
0.215328
0.216160
0.215712
0.215200
0.216288
0.216160
0.215648
0.216064
0.215328
0.216000
0.216608
0.215360
0.216192
0.215616
0.216160
0.215584
0.216032
0.216320
0.215072
0.215552
0.215424
0.215680
0.216032
0.215648
0.216320
0.216640
0.215296
0.219040
0.215584
0.215328
0.216096
0.215232
0.216192
0.216512
0.215072
0.216352
0.216064
0.215712
0.216032
0.215136
0.214848
0.214688
0.233088
0.335136
0.215264
0.215904
0.214944
0.215008
0.215040
0.214720
0.215392
0.214752
0.214656
0.214528
0.214560
0.214848
0.214720
0.214560
0.214592
0.215040
0.214944
0.214816
0.215040
0.215264
0.215328
0.215040
0.214912
0.215040
0.214752
0.214912
0.215136
0.214336
0.215040
0.215040
0.214816
0.215040
0.215296
0.214784
0.214720
0.214656
0.214880
0.215936
0.215264
0.214880
0.214912
0.215072
0.214976
0.214944
0.214912
0.215040
0.215040
0.213984
0.214112
0.214752
0.215040
0.214976
0.214816
0.215136
0.214944
0.215040
0.215040
0.215072
0.214912
0.393376
0.561024
0.215648
0.215040
0.214944
0.214944
0.214624
0.214912
0.214912
0.215072
0.215072
0.215040
0.215424
0.216800
0.217344
0.217184
0.217472
0.217280
0.217152
0.217312
0.217568
0.217312
0.217088
0.218496
0.218368
0.217472
0.218496
0.217408
0.217344
0.478080
0.220320
0.219520
0.238304
0.217696
0.218656
0.217408
0.217888
0.218048
0.234624
0.217888
0.226368
0.217600
0.217856
0.217984
0.217824
0.221344
0.233504
0.217408
0.217408
0.217120
0.217472
0.218016
0.217376
0.217248
0.217568
0.217376
0.218368
0.217184
0.217984
0.217984
0.218208
0.217600
0.218432
0.218304
0.217344
0.217440
0.217792
0.217376
0.217472
0.217184
0.217088
0.217344
0.217088
0.218368
0.217280
0.217472
0.217312
0.217440
0.217312
0.217536
0.217088
0.218272
0.217568
0.218080
0.217760
0.217184
0.217664
0.217248
0.217568
0.217088
0.218400
0.217408
0.217536
0.217088
0.218368
0.217568
0.217088
0.217600
0.218464
0.217536
0.218464
0.218048
0.217600
0.218784
0.243264
0.219008
0.217344
0.217472
0.217312
0.217696
0.217088
0.218432
0.217344
0.217408
0.218272
0.217696
0.217440
0.217536
0.218464
0.217344
0.217856
0.217600
0.217568
0.218176
0.217728
0.217216
0.217440
0.218400
0.217344
0.217280
0.217824
0.218304
0.217216
0.217664
0.217152
0.217504
0.218464
0.217312
0.217056
0.218112
0.217536
0.217120
0.217856
0.217696
0.217408
0.217280
0.218368
0.217568
0.217312
0.217376
0.217312
0.217376
0.217376
0.217504
0.217792
0.218176
0.217152
0.218208
0.217248
0.218016
0.219360
0.221824
0.217984
0.217824
0.217472
0.217216
0.217696
0.218272
0.217600
0.217504
0.217472
0.217888
0.218304
0.216928
0.218112
0.217280
0.217504
0.217536
0.218720
0.217088
0.218112
0.217440
0.217408
0.227424
0.217568
0.223264
0.218400
0.218432
0.217728
0.218144
0.217824
0.217440
0.218368
0.217472
0.218208
0.217504
0.217664
0.217120
0.217920
0.217728
0.218432
0.217216
0.218400
0.218368
0.217536
0.217408
0.217280
0.217344
0.217280
0.217760
0.217760
0.217088
0.217344
0.217696
0.217152
0.218240
0.218368
0.217600
0.217888
0.217216
0.218208
0.217184
0.217344
0.218368
0.217280
0.218080
0.218368
0.217472
0.217088
0.217344
0.217344
0.218080
0.217504
0.217536
0.218592
0.217248
0.217248
0.338304
0.219136
0.217344
0.217760
0.218272
0.219104
0.218336
0.217440
0.217088
0.218272
0.217408
0.218240
0.217632
0.218464
0.217280
0.218016
0.217088
0.217984
0.217408
0.217472
0.217088
0.218240
0.217568
0.217472
0.217440
0.217728
0.218272
0.217312
0.218208
0.217504
0.217696
0.217472
0.217248
0.217376
0.218208
0.217152
0.217952
0.217696
0.217088
0.218208
0.217408
0.217088
0.217888
0.217440
0.217184
0.218048
0.217280
0.217312
0.217536
0.217600
0.217216
0.217536
0.218272
0.217536
0.217472
0.218208
0.217216
0.217824
0.218336
0.218528
0.218432
0.217440
0.217440
0.217344
0.217120
0.217376
0.218240
0.217696
0.218016
0.218304
0.217344
0.217184
0.217792
0.399360
0.353632
0.219200
0.218368
0.218496
0.217184
0.217344
0.217792
0.217088
0.217184
0.218144
0.217472
0.217536
0.217184
0.217376
0.217088
0.217344
0.217248
0.218368
0.225120
0.218240
0.217312
0.217888
0.218464
0.217312
0.217184
0.233472
0.218624
0.217408
0.218656
0.217344
0.217408
0.217088
0.217344
0.217504
0.217696
0.228768
0.218240
0.218560
0.218272
0.233760
0.218944
0.218656
0.218080
0.218464
0.217344
0.217920
0.217472
0.217792
0.217376
0.217792
0.218592
0.218272
0.217344
0.226432
0.217536
0.218144
0.217696
0.217440
0.217600
0.218272
0.217152
0.218464
0.217088
0.217344
0.217376
0.217952
0.218112
0.218240
0.217152
0.218368
0.217440
0.217984
0.481280
0.219840
0.219328
0.217344
0.218528
0.217088
0.217824
0.217728
0.217504
0.218752
0.217120
0.217504
0.218848
0.218368
0.217344
0.218368
0.217568
0.217536
0.217920
0.217280
0.217536
0.217952
0.217984
0.217440
0.217280
0.217216
0.217600
0.217312
0.218176
0.217472
0.217312
0.217280
0.218432
0.217184
0.217536
0.218496
0.217280
0.217792
0.218240
0.217152
0.217984
0.217792
0.217472
0.218176
0.217376
0.217088
0.217152
0.218144
0.217152
0.217248
0.218016
0.218304
0.217600
0.218336
0.217088
0.217440
0.217408
0.217504
0.217280
0.217376
0.217088
0.218112
0.217152
0.218208
0.217248
0.217728
0.217120
0.218432
0.217472
0.242560
0.347008
0.218912
0.218464
0.217504
0.217536
0.217600
0.218688
0.217344
0.217088
0.217120
0.217120
0.217248
0.218176
0.216928
0.215232
0.338656
0.528384
0.215776
0.215424
0.216480
0.224672
0.215680
0.216480
0.216640
0.216448
0.215648
0.215968
0.216672
0.229152
0.216960
0.215648
0.215392
0.216608
0.216064
0.215584
0.215936
0.216256
0.215584
0.216768
0.215264
0.215328
0.216192
0.215392
0.215584
0.215584
0.216288
0.215520
0.217056
0.216256
0.215936
0.217024
0.216256
0.215680
0.215648
0.215520
0.216256
0.215456
0.216256
0.216160
0.215424
0.216224
0.215360
0.216448
0.215808
0.215520
0.215808
0.477824
0.217984
0.217088
0.216640
0.216064
0.223200
0.216544
0.215360
0.216352
0.215392
0.216576
0.216192
0.215488
0.215360
0.215424
0.215200
0.215424
0.215584
0.215840
0.216928
0.216512
0.216608
0.216416
0.215424
0.215424
0.215712
0.215680
0.216064
0.215648
0.216256
0.215424
0.216000
0.216096
0.215488
0.216576
0.216544
0.215328
0.216320
0.215264
0.215744
0.216544
0.215232
0.216032
0.216224
0.215616
0.216352
0.215232
0.215808
0.215360
0.215392
0.215232
0.215328
0.216608
0.215456
0.215584
0.215520
0.216736
0.215456
0.215552
0.215264
0.215328
0.215712
0.216096
0.215808
0.216288
0.216320
0.215584
0.216320
0.216576
0.215136
0.215808
0.215552
0.216160
0.216288
0.215552
0.216640
0.215424
0.216320
0.215424
0.216128
0.223840
0.216000
0.216704
0.229344
0.216672
0.216704
0.216032
0.215808
0.215840
0.215392
0.215552
0.215968
0.216512
0.215424
0.215040
0.215456
0.215424
0.215520
0.216256
0.215264
0.216160
0.215616
0.223360
0.223488
0.216640
0.215040
0.215392
0.215360
0.215808
0.220864
0.215488
0.215040
0.216096
0.215456
0.215328
0.215488
0.215584
0.215296
0.215456
0.215264
0.215424
0.216000
0.215584
0.216704
0.216160
0.215456
0.216160
0.215456
0.215872
0.216064
0.215744
0.215520
0.215360
0.215136
0.216160
0.215616
0.215264
0.215296
0.215392
0.215744
0.215392
0.216192
0.215040
0.215296
0.215360
0.216352
0.215456
0.216448
0.215264
0.215392
0.215392
0.215200
0.215872
0.215616
0.215584
0.215360
0.215872
0.216512
0.216704
0.215552
0.215712
0.216288
0.216064
0.215616
0.216096
0.215776
0.215840
0.215776
0.216032
0.215296
0.215360
0.215648
0.215680
0.215520
0.215296
0.216320
0.215360
0.216000
0.215776
0.215744
0.216352
0.215552
0.215456
0.215936
0.215488
0.215968
0.215328
0.216448
0.216256
0.215552
0.215136
0.215744
0.216544
0.215168
0.216224
0.215328
0.215584
0.215424
0.215520
0.215488
0.215712
0.215744
0.215392
0.215808
0.216160
0.215904
0.215392
0.215584
0.216256
0.215424
0.215680
0.215424
0.215488
0.216576
0.215392
0.215328
0.215520
0.215488
0.216096
0.215744
0.216096
0.215392
0.215648
0.215456
0.215616
0.215104
0.215328
0.216384
0.215296
0.215488
0.215424
0.216416
0.215040
0.217088
0.332672
0.216320
0.215840
0.216224
0.215392
0.215936
0.215296
0.216032
0.215328
0.215744
0.215424
0.215648
0.215040
0.215424
0.215328
0.216000
0.216160
0.215712
0.216128
0.215200
0.215680
0.216608
0.216512
0.215264
0.216384
0.227328
0.215616
0.225440
0.362752
0.350592
0.217088
0.215520
0.216000
0.216512
0.215040
0.216832
0.224512
0.215840
0.215872
0.215872
0.215296
0.215584
0.215104
0.215520
0.215936
0.215552
0.216192
0.215680
0.215552
0.216064
0.215552
0.215552
0.474784
0.218496
0.217152
0.215936
0.216704
0.216288
0.215424
0.215264
0.215456
0.215904
0.215520
0.215328
0.215840
0.216640
0.215168
0.215520
0.215104
0.215520
0.216096
0.215936
0.215936
0.216704
0.215520
0.216384
0.215104
0.215904
0.216096
0.216256
0.219136
0.217536
0.216384
0.215392
0.215232
0.216000
0.216544
0.217344
0.216800
0.216672
0.216096
0.215488
0.216096
0.215488
0.216320
0.215232
0.216320
0.235392
0.216768
0.215648
0.215520
0.216672
0.216224
0.216480
0.215136
0.216288
0.216352
0.216512
0.215296
0.215424
0.215232
0.216416
0.216032
0.215616
0.216224
0.215200
0.215200
0.216512
0.215296
0.216096
0.216544
0.215296
0.215840
0.215136
0.216320
0.216608
0.215392
0.215808
0.215168
0.215488
0.216512
0.215264
0.215584
0.216224
0.215552
0.215424
0.215744
0.215808
0.215392
0.215296
0.215040
0.216224
0.216512
0.216288
0.231392
0.216704
0.230912
0.216384
0.215520
0.215968
0.216064
0.215424
0.215136
0.216192
0.216256
0.215520
0.215936
0.215328
0.216224
0.216192
0.215488
0.216800
0.216160
0.215808
0.215232
0.216000
0.215328
0.216192
0.215648
0.216384
0.215104
0.215808
0.216544
0.215264
0.236224
0.216832
0.215616
0.215264
0.218720
0.216864
0.215424
0.216768
0.216480
0.215488
0.215808
0.216480
0.215328
0.216128
0.215200
0.215264
0.216512
0.215424
0.215680
0.216032
0.216032
0.215520
0.232672
0.217184
0.216512
0.215168
0.215680
0.216416
0.216224
0.215616
0.215232
0.215264
0.215520
0.216352
0.215456
0.215776
0.216064
0.216128
0.215264
0.216352
0.237568
0.217088
0.216224
0.215840
0.333248
0.216832
0.215104
0.216096
0.215200
0.215616
0.215968
0.215648
0.216096
0.215968
0.216128
0.215520
0.215232
0.215072
0.216256
0.215616
0.215712
0.216128
0.215392
0.215648
0.216384
0.215520
0.215168
0.216704
0.215456
0.215520
0.215360
0.215424
0.215328
0.216800
0.215392
0.215168
0.215040
0.215040
0.213984
0.215488
0.215040
0.215040
0.214880
0.214432
0.214336
0.214016
0.214656
0.251904
0.230592
0.216832
0.416064
0.216960
0.358400
0.215872
0.214688
0.214784
0.215104
0.214944
0.215104
0.214048
0.215040
0.214624
0.214784
0.214976
0.215040
0.214688
0.214880
0.214560
0.215936
0.215456
0.215040
0.215040
0.215040
0.214720
0.214656
0.214848
0.215040
0.215680
0.215040
0.214848
0.214944
0.214688
0.213984
0.214912
0.214944
0.214752
0.214048
0.215264
0.214976
0.214624
0.215392
0.213792
0.214144
0.214944
0.215008
0.215040
0.215040
0.214944
0.214176
0.215552
0.222848
0.226784
0.215360
0.214784
0.214976
0.214848
0.215104
0.215072
0.214240
0.213920
0.214048
0.214816
0.214784
0.214560
0.214656
0.214976
0.214272
0.214784
0.214336
0.214080
0.214784
0.472608
0.216960
0.216480
0.215424
0.214720
0.214976
0.214944
0.214848
0.214816
0.214720
0.215104
0.214944
0.214752
0.214976
0.214304
0.213888
0.214912
0.214752
0.214624
0.214944
0.215296
0.214784
0.214752
0.214656
0.216128
0.214688
0.214528
0.214720
0.214976
0.214656
0.214784
0.214464
0.214432
0.214592
0.214784
0.214816
0.215040
0.215328
0.214976
0.214624
0.214592
0.215168
0.214432
0.213920
0.213984
0.214048
0.214464
0.214848
0.214944
0.214912
0.214304
0.214848
0.214784
0.214912
0.214848
0.214944
0.215232
0.214528
0.215040
0.214848
0.215008
0.214816
0.214496
0.215872
0.214816
0.215296
0.215040
0.214240
0.215136
0.215008
0.214528
0.215008
0.214784
0.214976
0.215072
0.215040
0.215040
0.214912
0.215040
0.214976
0.214176
0.214176
0.214208
0.214848
0.215712
0.214656
0.215008
0.217408
0.217408
0.217088
0.218272
0.217408
0.218880
0.217280
0.217344
0.217536
0.217088
0.217504
0.218112
0.217440
0.217088
0.217216
0.217216
0.217856
0.217408
0.218688
0.218272
0.217792
0.218272
0.217088
0.217504
0.218432
0.217440
0.217408
0.217312
0.217504
0.217472
0.218112
0.217088
0.218368
0.217312
0.218272
0.217504
0.217664
0.217440
0.217408
0.217088
0.217536
0.217536
0.217600
0.218272
0.247104
0.218304
0.217504
0.217088
0.217568
0.217248
0.229024
0.218272
0.218432
0.217440
0.217472
0.217504
0.218464
0.217472
0.217824
0.218496
0.217344
0.218496
0.217536
0.217472
0.217280
0.217408
0.218304
0.217600
0.217408
0.217280
0.217856
0.217088
0.218304
0.217248
0.218080
0.217472
0.217120
0.217760
0.217440
0.218112
0.217408
0.217088
0.217568
0.217568
0.217568
0.217088
0.217888
0.218304
0.217760
0.217088
0.218912
0.218880
0.218176
0.217408
0.222816
0.349856
0.218400
0.217280
0.217120
0.217216
0.218528
0.217216
0.217952
0.217504
0.217696
0.217088
0.217376
0.217408
0.217472
0.217376
0.217376
0.217248
0.217760
0.218496
0.217504
0.217696
0.224384
0.218592
0.217248
0.217600
0.217408
0.217248
0.217760
0.217088
0.217248
0.217792
0.217088
0.217568
0.217440
0.217888
0.217408
0.217280
0.217152
0.217344
0.217504
0.218144
0.217344
0.217088
0.217504
0.217088
0.217792
0.217088
0.217792
0.217120
0.218016
0.217472
0.217472
0.218336
0.217280
0.217504
0.217280
0.217408
0.217536
0.394816
0.366560
0.219136
0.217600
0.217984
0.217216
0.218144
0.245792
0.218016
0.218240
0.217088
0.217280
0.217088
0.218080
0.217600
0.217440
0.217184
0.218400
0.217216
0.216864
0.215264
0.215072
0.215808
0.215040
0.215648
0.222400
0.216800
0.215456
0.215584
0.216352
0.215200
0.215552
0.216288
0.215360
0.216128
0.215776
0.216256
0.215200
0.216288
0.215392
0.216576
0.216608
0.483008
0.219136
0.217088
0.215488
0.217088
0.216352
0.215616
0.215776
0.215872
0.215296
0.215712
0.216416
0.215072
0.216032
0.215040
0.216288
0.216704
0.215040
0.216960
0.215520
0.215424
0.216192
0.215552
0.216640
0.216064
0.216064
0.215392
0.215648
0.215424
0.218624
0.215360
0.216448
0.215040
0.215456
0.216160
0.215328
0.216704
0.216736
0.216480
0.215264
0.216544
0.220384
0.216256
0.215328
0.215328
0.216384
0.215840
0.216224
0.215584
0.215424
0.215360
0.215008
0.215072
0.215744
0.216416
0.215520
0.215872
0.216000
0.215584
0.215040
0.216192
0.215488
0.215040
0.215296
0.216224
0.215392
0.214944
0.215264
0.215360
0.215072
0.216128
0.216320
0.215552
0.216384
0.215584
0.216096
0.215360
0.215328
0.216032
0.215040
0.215392
0.215552
0.215360
0.215296
0.215232
0.216000
0.215136
0.216448
0.215360
0.215264
0.215488
0.216480
0.215296
0.215392
0.215136
0.215808
0.215872
0.215840
0.215200
0.215648
0.215136
0.215328
0.215936
0.215520
0.215200
0.215136
0.216256
0.215040
0.216352
0.215552
0.215616
0.216128
0.215488
0.215744
0.232992
0.216640
0.216448
0.216800
0.216448
0.215296
0.216640
0.215424
0.216672
0.216320
0.215392
0.216000
0.215552
0.215136
0.216640
0.216256
0.215584
0.215200
0.216096
0.215616
0.216672
0.216672
0.215264
0.215936
0.215616
0.215744
0.218144
0.223008
0.216832
0.216512
0.216992
0.216512
0.215712
0.216064
0.216640
0.215424
0.217760
0.216768
0.216608
0.215360
0.215744
0.215040
0.216096
0.216416
0.215392
0.216800
0.215360
0.215488
0.216384
0.215392
0.215776
0.215552
0.216224
0.215552
0.216288
0.216416
0.215488
0.215232
0.215552
0.215040
0.215392
0.215936
0.216640
0.215264
0.215328
0.215200
0.215456
0.215488
0.216320
0.215584
0.216096
0.215328
0.215520
0.215936
0.215168
0.216160
0.215200
0.215552
0.216704
0.333824
0.216864
0.215232
0.215392
0.215040
0.216384
0.216704
0.216192
0.215520
0.214912
0.215392
0.216320
0.215584
0.216192
0.215712
0.215712
0.215296
0.216160
0.215040
0.215680
0.215072
0.215968
0.215424
0.216608
0.216192
0.215936
0.215040
0.215264
0.215520
0.215264
0.216224
0.215232
0.215168
0.215040
0.215904
0.215392
0.216416
0.215232
0.215328
0.216000
0.215584
0.215392
0.215776
0.215296
0.215776
0.216608
0.215168
0.216224
0.215488
0.215616
0.216032
0.215456
0.216096
0.215264
0.214848
0.215456
0.215136
0.216096
0.215616
0.215168
0.216064
0.216096
0.216576
0.215424
0.215552
0.215040
0.215456
0.216224
0.215360
0.216448
0.216096
0.235808
0.216224
0.215584
0.215456
0.216608
0.215136
0.395168
0.338496
0.351680
0.217088
0.216416
0.215328
0.215936
0.216224
0.215648
0.215200
0.216256
0.215360
0.215264
0.215424
0.215040
0.215616
0.476672
0.217088
0.217088
0.215648
0.218848
0.228512
0.229120
0.237536
0.224224
0.215648
0.215744
0.216160
0.215456
0.215584
0.215040
0.216128
0.215296
0.216544
0.216288
0.215264
0.215712
0.215904
0.215168
0.215520
0.215104
0.215744
0.215456
0.216096
0.215744
0.216000
0.215424
0.215072
0.215872
0.215328
0.215712
0.216224
0.215552
0.215488
0.215392
0.215488
0.215136
0.215648
0.215264
0.215488
0.215232
0.215456
0.215296
0.215616
0.215136
0.214560
0.213248
0.213504
0.228064
0.214016
0.213984
0.213024
0.212992
0.214240
0.214112
0.213632
0.213440
0.213376
0.213120
0.213536
0.213056
0.213632
0.214464
0.214336
0.213344
0.213376
0.213440
0.231392
0.214368
0.213472
0.213280
0.213536
0.214048
0.213280
0.213152
0.213472
0.214080
0.213280
0.214176
0.213632
0.213536
0.213280
0.213760
0.212992
0.213504
0.213312
0.214048
0.213792
0.212992
0.214208
0.213600
0.213312
0.213376
0.214208
0.213568
0.213376
0.213344
0.214048
0.213440
0.214080
0.213824
0.213664
0.214944
0.229376
0.215552
0.215328
0.214784
0.214112
0.213696
0.213440
0.214080
0.213344
0.214144
0.213568
0.213888
0.214464
0.213472
0.213600
0.214720
0.214144
0.213664
0.213408
0.219872
0.231136
0.219200
0.329568
0.214528
0.214336
0.213440
0.214208
0.213056
0.213408
0.212992
0.213856
0.213504
0.213824
0.213280
0.213664
0.214304
0.213344
0.214272
0.213376
0.213664
0.214112
0.393024
0.335168
0.348736
0.216576
0.215456
0.215296
0.214272
0.213440
0.214368
0.213184
0.213472
0.213920
0.214016
0.214400
0.213344
0.213472
0.213120
0.213536
0.213440
0.213664
0.214368
0.214176
0.213696
0.213376
0.213312
0.213248
0.214304
0.213280
0.213536
0.214016
0.213280
0.213888
0.212992
0.213920
0.213376
2192.787165
