0.223392
0.365856
0.215104
0.213664
0.214592
0.477792
0.216448
0.215136
0.213504
0.214112
0.214272
0.213248
0.214656
0.213440
0.212992
0.213920
0.213568
0.214368
0.213632
0.212960
0.210624
0.210848
0.210976
0.210944
0.210784
1.371840
0.211072
0.211136
0.471904
0.501152
0.212160
0.210912
0.209920
0.210464
0.210592
0.209952
0.210464
0.209280
0.209536
0.210240
0.210624
0.209056
0.210464
0.210400
0.210656
0.210560
0.210656
0.210272
0.210880
0.210528
0.209344
0.209888
0.210656
0.210560
0.210560
0.210976
0.210976
0.210816
0.210400
0.209536
0.209664
0.210464
0.464736
0.227328
0.212576
0.210944
0.210848
0.209920
0.209760
0.211168
0.211040
0.210208
0.209408
0.210400
0.210656
0.210304
0.211744
0.213984
0.211840
0.211424
0.211104
0.210368
0.212672
0.212288
0.210048
0.209600
0.210208
0.209792
0.382304
0.329536
0.677792
0.211200
0.210592
0.210336
0.210112
0.210048
0.209568
0.210496
0.383232
0.329280
0.542208
0.211392
0.210336
0.209664
0.210272
0.210304
0.209696
0.210624
0.210784
0.209632
0.213920
0.217088
0.215648
0.213088
0.213184
0.213888
0.214144
0.214464
0.213312
0.215040
0.215264
0.211520
0.210624
0.209376
0.498304
0.215040
0.212992
0.235520
0.217504
0.212256
0.211104
0.210240
0.209440
0.210304
0.209888
0.210048
0.210624
0.209888
0.209792
0.209792
0.210944
0.210336
0.210720
0.210688
0.210848
0.210304
0.209216
0.209632
0.210176
0.210272
0.209472
0.209632
0.209920
0.210240
0.209504
0.209216
0.210176
0.209344
0.210560
0.210272
0.210496
0.210496
0.209600
0.209568
0.209376
0.223264
0.210880
0.210176
0.210400
0.210304
0.209504
0.210624
0.209856
0.210432
0.210336
0.209728
0.210496
0.209376
0.209856
0.210784
0.210592
0.210304
0.210048
0.211808
0.211168
0.212256
0.211488
0.211296
0.211584
0.212576
0.212160
0.211616
0.212384
0.326912
0.212800
0.212000
0.211648
0.212768
0.212512
0.212480
0.211488
0.211872
0.211968
0.211808
0.212352
0.211616
0.211232
0.212192
0.212320
0.211392
0.212224
0.212032
0.211296
0.212416
0.211360
0.211296
0.214240
0.212992
0.212800
0.214656
0.212896
0.212352
0.212512
0.213280
0.212128
0.211616
0.212352
0.211424
0.211392
0.211840
0.212064
0.211680
0.211744
0.211776
0.212832
0.212928
0.211648
0.212352
0.212352
0.211392
0.211744
0.211840
0.212288
0.211328
0.212480
0.212416
0.211392
0.211840
0.212832
0.211776
0.212480
0.211040
0.212640
0.212512
0.211328
0.212256
0.211264
0.212224
0.211328
0.211136
0.212000
0.211296
0.212224
0.385408
0.332096
0.435328
0.467680
0.217024
0.217152
0.217024
0.215936
0.216384
0.215200
0.216256
0.215616
0.215584
0.215776
0.216160
0.215616
0.215520
0.216320
0.215456
0.216160
0.215328
0.215680
0.216384
0.215424
0.215904
0.216384
0.215232
0.215200
0.215328
0.216544
0.215136
0.216224
0.215520
0.215936
0.216384
0.215328
0.216352
0.216224
0.215648
0.216928
0.215424
0.216576
0.215296
0.215392
0.215360
0.215424
0.215200
0.216032
0.215392
0.215360
0.215136
0.215872
0.215264
0.215232
0.216064
0.215488
0.216640
0.218336
0.217152
0.215648
0.216000
0.215488
0.215040
0.215456
0.216192
0.215808
0.215424
0.216320
0.215424
0.216352
0.215680
0.215168
0.216128
0.215264
0.215904
0.215456
0.215520
0.215584
0.215392
0.215456
0.215968
0.216352
0.215360
0.216064
0.216032
0.215520
0.216064
0.215680
0.215648
0.216544
0.215456
0.215808
0.215136
0.215392
0.216864
0.216416
0.215456
0.215712
0.217888
0.215488
0.216768
0.217824
0.217216
0.217216
0.216928
0.215648
0.216384
0.216992
0.216576
0.216928
0.215424
0.215264
0.216672
0.218720
0.217344
0.215968
0.215392
0.215168
0.216352
0.215168
0.216192
0.215776
0.215616
0.216160
0.215360
0.216672
0.215392
0.215264
0.216544
0.215296
0.216768
0.215744
0.215488
0.216000
0.215488
0.216352
0.215264
0.216416
0.216512
0.215616
0.215232
0.216384
0.215520
0.215744
0.216032
0.216800
0.216544
0.215136
0.216288
0.215456
0.215936
0.215552
0.215840
0.216288
0.215264
0.216928
0.216640
0.216224
0.215360
0.215040
0.216224
0.216352
0.215488
0.216448
0.215328
0.215616
0.216256
0.216096
0.215552
0.216512
0.216160
0.215680
0.216288
0.215584
0.215840
0.216960
0.216864
0.216352
0.216672
0.216864
0.216672
0.217024
0.215840
0.361024
0.217248
0.216320
0.216256
0.215328
0.215680
0.215392
0.215264
0.215840
0.215392
0.215872
0.215104
0.215168
0.215488
0.215328
0.215712
0.216576
0.215392
0.215936
0.217024
0.216864
0.215392
0.216320
0.215040
0.216000
0.215360
0.215712
0.215360
0.216000
0.215456
0.215360
0.215744
0.215328
0.215520
0.215840
0.216096
0.346592
0.217440
0.216608
0.215168
0.216288
0.215296
0.331776
0.217312
0.216288
0.215264
0.215808
0.216352
0.215520
0.216224
0.216960
0.216064
0.215904
0.217504
0.218720
0.217280
0.411328
0.216320
0.215200
0.514304
0.217408
0.229696
0.217792
0.217088
0.224448
0.215520
0.215488
0.216128
0.215680
0.214976
0.216416
0.215328
0.216640
0.215360
0.216384
0.215360
0.216064
0.215456
0.216160
0.215104
0.216640
0.215552
0.226464
0.215904
0.215744
0.215424
0.215232
0.215648
0.215200
0.215808
0.216576
0.215392
0.216160
0.215520
0.215648
0.216192
0.215488
0.215904
0.216288
0.215136
0.216544
0.215200
0.474784
0.217088
0.217120
0.217024
0.215904
0.215488
0.215680
0.215040
0.215648
0.216416
0.215264
0.215968
0.216672
0.215232
0.216288
0.216192
0.215680
0.390432
0.338336
0.664032
0.217152
0.215744
0.215168
0.215168
0.215552
0.216448
0.215392
0.216352
0.215360
0.215456
0.216256
0.215328
0.215552
0.215040
0.215360
0.215328
0.216576
0.215520
0.215360
0.215584
0.216192
0.215616
0.216032
0.215328
0.215776
0.216192
0.215552
0.215776
0.216288
0.215552
0.216288
0.216160
0.215520
0.216096
0.215168
0.215392
0.216192
0.215648
0.215200
0.215328
0.216576
0.215488
0.215712
0.216096
0.215072
0.216384
0.215200
0.216864
0.216928
0.476416
0.218944
0.217088
0.216576
0.217408
0.216768
0.216672
0.231680
0.216736
0.216224
0.215104
0.216256
0.216576
0.216608
0.215584
0.215776
0.215744
0.216576
0.215328
0.215328
0.215584
0.216096
0.215360
0.215392
0.215040
0.215488
0.215200
0.216160
0.215264
0.215264
0.215328
0.215840
0.216256
0.216256
0.215040
0.216800
0.239648
0.221568
0.216192
0.216672
0.215680
0.216160
0.216384
0.215328
0.216576
0.216064
0.215424
0.216000
0.215264
0.215936
0.242400
0.217440
0.215264
0.215520
0.216544
0.215392
0.215936
0.215424
0.215136
0.216096
0.215328
0.215520
0.215328
0.216512
0.215296
0.216064
0.215040
0.215808
0.215712
0.215168
0.216160
0.216704
0.216192
0.215744
0.215296
0.215872
0.215456
0.215168
0.216416
0.215264
0.215200
0.215840
0.215264
0.220960
0.354208
0.216896
0.216416
0.215040
0.215360
0.215328
0.215360
0.215392
0.216512
0.216352
0.215104
0.216064
0.214816
0.215040
0.213504
0.213792
0.214048
0.215008
0.214752
0.215072
0.214720
0.214880
0.215072
0.213952
0.214752
0.214656
0.214784
0.214816
0.391296
0.661696
0.216384
0.214720
0.215328
0.215040
0.214816
0.214848
0.214912
0.214432
0.214656
0.216224
0.215360
0.215040
0.215040
0.215200
0.213952
0.214336
0.214176
0.215104
0.214944
0.215008
0.215040
0.215072
0.475520
0.216928
0.215936
0.215040
0.215232
0.215040
0.215040
0.214976
0.215136
0.215264
0.215040
0.214912
0.215008
0.214848
0.214592
0.214880
0.214368
0.214720
0.215136
0.214688
0.214944
0.215168
0.214144
0.215136
0.214080
0.214880
0.215040
0.214816
0.214784
0.215040
0.214560
0.215072
0.214880
0.215072
0.214688
0.214368
0.215392
0.214560
0.215008
0.214976
0.214304
0.214176
0.214560
0.214880
0.215040
0.217120
0.216800
0.221280
0.215712
0.216352
0.231232
0.227328
0.234752
0.215360
0.215648
0.215456
0.214880
0.214944
0.213824
0.215392
0.217056
0.215040
0.216032
0.215392
0.214752
0.215072
0.214560
0.214752
0.215040
0.222848
0.215264
0.215104
0.215040
0.214816
0.215072
0.215104
0.215072
0.214560
0.214752
0.214880
0.214880
0.215008
0.214816
0.214144
0.214880
0.215040
0.215040
0.215040
0.215040
0.215168
0.215296
0.216800
0.215136
0.215648
0.214752
0.214656
0.214656
0.214784
0.214048
0.214688
0.214592
0.214912
0.214560
0.214944
0.215168
0.215168
0.215008
0.214976
0.215040
0.215648
0.216288
0.215616
0.215168
0.214528
0.214016
0.215040
0.214880
0.214752
0.214848
0.215168
0.214976
0.215040
0.214688
0.214752
0.215200
0.215360
0.214848
0.216640
0.218048
0.217824
0.217152
0.217888
0.217568
0.217312
0.217216
0.218304
0.218464
0.217472
0.217120
0.217440
0.217536
0.218400
0.217376
0.218752
0.216960
0.217184
0.217984
0.217312
0.217504
0.217152
0.218048
0.217568
0.217120
0.217504
0.217088
0.218528
0.217152
0.217440
0.217280
0.217856
0.217376
0.217600
0.217440
0.217376
0.217536
0.217472
0.218656
0.217344
0.217920
0.221184
0.218944
0.217344
0.218016
0.217312
0.217216
0.218272
0.217344
0.217536
0.217600
0.218528
0.217280
0.218080
0.217504
0.217600
0.218560
0.218368
0.217344
0.217696
0.217792
0.217312
0.218208
0.218464
0.217280
0.217248
0.217984
0.219424
0.221344
0.218208
0.217440
0.218624
0.218912
0.217728
0.217568
0.217248
0.218144
0.217472
0.217504
0.217408
0.217952
0.217472
0.217728
0.217280
0.218208
0.217152
0.218176
0.217760
0.217248
0.218304
0.217120
0.218400
0.217248
0.217568
0.217888
0.217088
0.218080
0.217184
0.217504
0.217248
0.218016
0.217600
0.218400
0.217120
0.217760
0.217600
0.217344
0.217280
0.217440
0.218272
0.217792
0.218240
0.217472
0.225472
0.218208
0.218304
0.217568
0.217088
0.217312
0.217472
0.217312
0.217440
0.217600
0.218080
0.217280
0.217344
0.217504
0.218432
0.217088
0.217280
0.217312
0.217376
0.217312
0.217280
0.218272
0.217728
0.218336
0.217376
0.217088
0.218400
0.217632
0.218272
0.217696
0.219232
0.217952
0.217472
0.217312
0.217760
0.217312
0.217760
0.217216
0.218272
0.217536
0.217920
0.218176
0.217472
0.218048
0.218144
0.217792
0.405504
0.219136
0.354304
0.219296
0.218336
0.217248
0.217504
0.217536
0.217696
0.217152
0.218176
0.218016
0.217504
0.218240
0.217664
0.217472
0.218784
0.217088
0.218048
0.217216
0.218112
0.218080
0.217504
0.218336
0.217280
0.217824
0.218400
0.217312
0.233344
0.218272
0.217632
0.217568
0.218624
0.217088
0.217472
0.217728
0.218048
0.217088
0.218336
0.217248
0.218176
0.217568
0.217536
0.217088
0.217248
0.217664
0.217504
0.217696
0.217440
0.217472
0.217536
0.217088
0.218816
0.220736
0.218784
0.218688
0.227456
0.221088
0.233440
0.219424
0.217856
0.218304
0.218752
0.217184
0.218112
0.217504
0.229376
0.217568
0.217760
0.477184
0.219648
0.221312
0.219072
0.217664
0.217536
0.217312
0.217248
0.217408
0.217504
0.217376
0.217504
0.218016
0.217344
0.218272
0.217344
0.217792
0.217376
0.217600
0.218336
0.217344
0.218368
0.217088
0.217760
0.218112
0.217408
0.217376
0.231776
0.218112
0.236672
0.217568
0.217952
0.217824
0.217280
0.218048
0.217312
0.217120
0.218176
0.217312
0.218176
0.217728
0.217120
0.217984
0.217632
0.217792
0.217088
0.217344
0.217440
0.218240
0.218752
0.217568
0.217632
0.218368
0.218368
0.217248
0.217344
0.217600
0.217440
0.217728
0.217568
0.217632
0.217248
0.217216
0.217440
0.217952
0.217088
0.217568
0.217376
0.218112
0.217408
0.217536
0.217568
0.217568
0.217216
0.217504
0.217440
0.217760
0.217440
0.216928
0.217984
0.217472
0.217952
0.217728
0.218624
0.218208
0.217440
0.217504
0.217440
0.217504
0.217216
0.218592
0.219488
0.218144
0.217792
0.217440
0.217632
0.217376
0.217056
0.217984
0.217248
0.217952
0.217344
0.217312
0.217472
0.218784
0.337888
0.217760
0.217728
0.217856
0.217376
0.217504
0.217824
0.217568
0.217120
0.218112
0.217408
0.217152
0.217504
0.218304
0.217440
0.217120
0.217792
0.217760
0.218400
0.217632
0.217088
0.219136
0.219232
0.219328
0.219392
0.219456
0.239648
0.222240
0.221248
0.224512
0.241760
0.219744
0.230976
0.221536
0.236064
0.220096
0.220416
0.219136
0.219648
0.219712
0.219360
0.219136
0.219456
0.219232
0.219200
0.219168
0.220192
0.219328
0.219520
0.219072
0.219328
0.219936
0.235200
0.219328
0.219456
0.220416
0.219552
0.220064
0.220000
0.533184
0.357760
0.221216
0.219200
0.220352
0.219456
0.220256
0.220320
0.220384
0.219648
0.219648
0.219200
0.220160
0.220160
0.219680
0.219392
0.219488
0.220352
0.219328
0.219168
0.220128
0.220384
0.219520
0.220256
0.219456
0.220128
0.219200
0.219136
0.220352
0.219392
0.219168
0.219680
0.219616
0.220096
0.220000
0.219456
0.219392
0.219552
0.219328
0.219776
0.219520
0.219488
0.226816
0.220032
0.220320
0.219648
0.219136
0.219360
0.219520
0.219008
0.219136
0.483296
0.221248
0.221184
0.219488
0.219424
0.219648
0.219296
0.219936
0.219552
0.219840
0.219328
0.220000
0.219488
0.219712
0.219456
0.219648
0.219680
0.219296
0.219808
0.219136
0.220512
0.220032
0.219360
0.219168
0.220096
0.219264
0.220416
0.219520
0.220704
0.219136
0.219392
0.230944
0.250048
0.225408
0.238464
0.231968
0.221088
0.220992
0.219648
0.219424
0.219520
0.219136
0.219328
0.220448
0.219744
0.220256
0.219424
0.219136
0.220256
0.219680
0.222912
0.221120
0.220256
0.219424
0.219456
0.219264
0.219360
0.221312
0.219552
0.225440
0.222432
0.221280
0.220832
0.219328
0.219488
0.219232
0.219360
0.219520
0.220480
0.219520
0.219264
0.219392
0.219296
0.219520
0.219264
0.220288
0.219552
0.219136
0.220064
0.219328
0.219488
0.220288
0.219104
0.219136
0.220096
0.220512
0.219232
0.219136
0.219424
0.219584
0.219776
0.219616
0.219136
0.219200
0.220384
0.219328
0.219232
0.219968
0.220480
0.219136
0.220160
0.219392
0.219136
0.219200
0.221216
0.221568
0.220192
0.220800
0.220224
0.220288
0.219584
0.220480
0.219136
0.219360
0.219840
0.220864
0.219232
0.219104
0.219520
0.219136
0.219584
0.219584
0.219648
0.219136
0.219712
0.219456
0.219200
0.219136
0.219648
0.219264
0.220128
0.219264
0.219744
0.219488
0.219264
0.219200
0.219616
0.220224
0.219392
0.219232
0.220064
0.219904
0.219296
0.219296
0.219520
0.219232
0.220032
0.219456
0.219552
0.219360
0.219968
0.220544
0.219392
0.219616
0.219168
0.220096
0.219552
0.219136
0.219584
0.219360
0.219584
0.219136
0.219296
0.219232
0.220160
0.219392
0.219616
0.219136
0.220448
0.219392
0.219872
0.219232
0.220672
0.219328
0.219264
0.219424
0.223904
0.219680
0.339552
0.220480
0.220640
0.219136
0.220288
0.219488
0.220320
0.219488
0.219872
0.219520
0.219680
0.219584
0.219648
0.219136
0.220032
0.219456
0.220000
0.219136
0.219648
0.220064
0.219552
0.219328
0.219712
0.220608
0.220352
0.219328
0.219360
0.228288
0.221568
0.220928
0.221184
0.220416
0.220320
0.219712
0.239904
0.221184
0.222944
0.220544
0.219296
0.220416
0.224384
0.220640
0.219456
0.220000
0.219488
0.219648
0.220256
0.219680
0.221184
0.220448
0.219648
0.220320
0.219328
0.219392
0.219232
0.219968
0.219488
0.220352
0.219424
0.220064
0.219488
0.219616
0.219520
0.219296
0.219168
0.219456
0.219136
0.219552
0.219136
0.219360
0.220256
0.219296
0.219968
0.219456
0.220704
0.219264
0.407104
0.220480
0.535040
0.220544
0.219424
0.219584
0.219936
0.219520
0.220384
0.218848
0.219136
0.219552
0.219136
0.219232
0.220704
0.220544
0.220672
0.218944
0.219136
0.219104
0.219200
0.220448
0.221408
0.234400
0.221952
0.489472
0.221216
0.222368
0.219424
0.219744
0.219584
0.219744
0.220704
0.219296
0.219392
0.219520
0.219744
0.220096
0.219648
0.219520
0.219648
0.219328
0.219424
0.220480
0.219360
0.219584
0.219584
0.219776
0.219456
0.220160
0.219776
0.219296
0.219584
0.219264
0.219840
0.219616
0.219008
0.218976
0.219360
0.220000
0.219712
0.219392
0.220352
0.219360
0.219520
0.219552
0.219488
0.219168
0.220480
0.219168
0.219552
0.220096
0.219392
0.219392
0.219200
0.219584
0.219136
0.219232
0.219520
0.219264
0.219520
0.218976
0.219136
0.219136
0.219904
0.220192
0.219584
0.220064
0.219360
0.219808
0.219136
0.219808
0.219232
0.219008
0.220064
0.222208
0.220896
0.220768
0.220736
0.219584
0.219296
0.218368
0.218880
0.217952
0.217888
0.217088
0.217280
0.217440
0.217600
0.218304
0.217248
0.218816
0.218272
0.216800
0.218048
0.217440
0.217376
0.217376
0.218336
0.217120
0.218304
0.217408
0.218176
0.217824
0.217888
0.217440
0.218080
0.217568
0.218176
0.217280
0.217088
0.217536
0.217088
0.217280
0.217600
0.217632
0.217120
0.217312
0.217408
0.217568
0.218528
0.245056
0.218560
0.219424
0.241344
0.218304
0.225952
0.234720
0.218720
0.218144
0.217760
0.218144
0.218144
0.217344
0.217088
0.218016
0.218848
0.217408
0.217920
0.218080
0.217440
0.217568
0.217216
0.217408
0.217536
0.217792
0.217504
0.217760
0.218336
0.217216
0.218240
0.217280
0.218144
0.217568
0.219744
0.218240
0.217728
0.218080
0.217408
0.217728
0.217088
0.217664
0.220832
0.221216
0.221376
0.221440
0.221600
0.222336
0.221376
0.221376
0.221600
0.221696
0.221984
0.221184
0.221248
0.221248
0.221472
0.221248
0.221184
0.221696
0.221376
0.221472
0.221600
0.222688
0.221440
0.221440
0.221504
0.222272
0.221312
0.222016
0.222688
0.221408
0.221696
0.221376
0.221472
0.221280
0.221728
0.221568
0.342144
0.222592
0.222912
0.222400
0.221664
0.221536
0.221760
0.222048
0.221504
0.222112
0.221472
0.221600
0.221280
0.222080
0.401152
0.348160
0.360064
0.223008
0.221184
0.221792
0.222816
0.233376
0.224928
0.229376
0.221344
0.222912
0.223232
0.222880
0.221568
0.222080
0.221408
0.221184
0.221504
0.221664
0.221184
0.221376
0.221248
0.222144
0.221248
0.221376
0.222208
0.221568
0.221600
0.221760
0.221440
0.221440
0.222016
0.221216
0.222400
0.224224
0.223296
0.222176
0.219776
0.220160
0.221184
0.219328
0.219520
0.219200
0.220448
0.219776
0.220128
0.219296
0.219552
0.219136
0.220192
0.219488
0.233312
0.220384
0.219680
0.220256
0.219584
0.219360
0.219200
0.219200
0.220256
0.223200
0.220128
0.219488
0.219392
0.219712
0.219360
0.219392
0.219264
0.484448
0.221632
0.221312
0.219424
0.219264
0.219296
0.220064
0.219328
0.219168
0.219936
0.219392
0.219968
0.219488
0.219456
0.219424
0.219456
0.219200
0.219072
0.219936
0.220032
0.220608
0.219680
0.219776
0.219456
0.219296
0.219520
0.219584
0.219648
0.219808
0.219488
0.219552
0.219520
0.219200
0.219936
0.218944
0.220096
0.219232
0.219360
0.219136
0.219584
0.219616
0.219296
0.219392
0.219552
0.219200
0.219232
0.220128
0.219616
0.219680
0.219456
0.219648
0.219328
0.219072
0.219360
0.219200
0.220000
0.219360
0.219552
0.219200
0.220800
0.224288
0.219648
0.220416
0.225088
0.220512
0.219328
0.220128
0.219584
0.220160
0.220256
0.219680
0.219520
0.219616
0.220288
0.219520
0.219136
0.219200
0.219648
0.219552
0.219520
0.219456
0.219360
0.220192
0.219456
0.220640
0.221504
0.221376
0.220928
0.220992
0.231424
0.241472
0.221184
0.220448
0.219264
0.219328
0.219616
0.219424
0.220512
0.219360
0.220672
0.219456
0.220576
0.219168
0.220544
0.219584
0.219680
0.219232
0.219488
0.219328
0.219616
0.220224
0.220576
0.219296
0.219648
0.219136
0.219552
0.220896
0.219328
0.220480
0.219136
0.219680
0.220480
0.219264
0.219424
0.219456
0.219744
0.219136
0.220192
0.220000
0.219488
0.339360
0.220480
0.219136
0.219552
0.219616
0.219264
0.219232
0.220384
0.219424
0.219360
0.219552
0.219360
0.220000
0.219584
0.221696
0.222400
0.221504
0.221184
0.221184
0.221632
0.221472
0.222144
0.222016
0.221472
0.221664
0.221536
0.221216
0.222368
0.222528
0.221568
0.221504
0.221696
0.398720
0.348000
0.359264
0.223488
0.222304
0.222464
0.221536
0.221536
0.221856
0.222240
0.221344
0.221536
0.221216
0.222368
0.221280
0.221696
0.221184
0.221984
0.222336
0.221408
0.229664
0.222176
0.221600
0.222112
0.221280
0.221184
0.221376
0.222368
0.221376
0.221184
0.221728
0.222912
0.223136
0.223008
0.221184
0.222592
0.221312
0.222176
0.221728
0.222080
0.221504
0.221472
0.221152
0.221696
0.221280
0.221408
0.221344
0.223712
0.238720
0.227136
0.234624
0.485216
0.224192
0.223232
0.223232
0.222880
0.221632
0.221664
0.221312
0.221408
0.221696
0.221216
0.221280
0.222144
0.221952
0.223008
0.222816
0.223968
0.222880
0.222048
0.223552
0.222656
0.221568
0.222240
0.221536
0.221248
0.222048
0.221568
0.221376
0.221600
0.222368
0.221568
0.221344
0.221280
0.222560
0.221376
0.221408
0.222848
0.221312
0.222560
0.221952
0.222688
0.221280
0.221344
0.221344
0.222080
0.221472
0.221632
0.221088
0.222304
0.221248
0.222080
0.221408
0.221664
0.221248
0.222112
0.221344
0.221408
0.222240
0.221504
0.221472
0.221312
0.221408
0.221568
0.222208
0.221472
0.221952
0.221664
0.221184
0.222144
0.221376
0.221472
0.221344
0.221248
0.221504
0.222464
0.221600
0.222432
0.221792
0.221632
0.221248
0.222016
0.221856
0.221664
0.221216
0.222368
0.221536
0.221728
0.221216
0.221472
0.221248
0.221728
0.221440
0.222656
0.221248
0.221216
0.221312
0.221408
0.221440
0.221312
0.221568
0.221184
0.221152
0.222272
0.221376
0.221376
0.221504
0.221280
0.221632
0.222592
0.221536
0.222720
0.221312
0.222720
0.221632
0.221376
0.222080
0.222304
0.221536
0.221536
0.221312
0.221728
0.221184
0.221440
0.221728
0.221792
0.221280
0.221984
0.221376
0.222112
0.221248
0.221280
0.221888
0.221792
0.222048
0.221344
0.223712
0.221216
0.221600
0.221632
0.221696
0.221344
0.221216
0.221408
0.221152
0.221280
0.221664
0.222688
0.221408
0.222400
0.221504
0.221504
0.221184
0.221184
0.222080
0.235488
0.222304
0.221728
0.222560
0.223008
0.222816
0.222688
0.238112
0.223424
0.223200
0.221216
0.222976
0.223104
0.221504
0.221696
0.221472
0.221696
0.221472
0.221600
0.221248
0.221568
0.221344
0.222112
0.221472
0.221184
0.221536
0.222272
0.221472
0.221184
0.222112
0.221696
0.221184
0.221568
0.221536
0.222144
0.221088
0.221312
0.222240
0.221152
0.222080
0.221792
0.221312
0.221920
0.228320
0.222784
0.221472
0.221632
0.222176
0.221216
0.221440
0.222016
0.221184
0.221536
0.221536
0.240608
0.223424
0.345920
0.221504
0.221984
0.221216
0.221632
0.221664
0.221216
0.221184
0.221664
0.221440
0.221696
0.221312
0.221472
0.221408
0.221600
0.221472
0.222240
0.221312
0.222336
0.221376
0.221696
0.221120
0.221888
0.221472
0.221472
0.222272
0.221376
0.221504
0.221248
0.221440
0.221856
0.221344
0.222752
0.223232
0.255360
0.245568
0.222240
0.222080
0.222752
0.221920
0.222144
0.221440
0.221664
0.221408
0.373728
0.346208
0.541568
0.221600
0.221696
0.221440
0.222496
0.222336
0.221280
0.221344
0.221888
0.221728
0.222208
0.221632
0.222592
0.221472
0.221568
0.221984
0.221760
0.222240
0.221536
0.221888
0.227424
0.221344
0.221440
0.485984
0.221952
0.233728
0.220160
0.220096
0.220288
0.219264
0.219168
0.219264
0.220384
0.219584
0.220000
0.219200
0.219680
0.219296
0.219392
0.219232
0.220096
0.219392
0.219424
0.219200
0.220320
0.219744
0.225184
0.244192
0.222016
0.219552
0.219936
0.219616
0.241120
0.222368
0.219488
0.219584
0.219616
0.220160
0.219456
0.243712
0.221184
0.219840
0.219552
0.219392
0.219872
0.221184
0.220416
0.219456
0.220352
0.219136
0.220128
0.219264
0.219584
0.227328
0.221888
0.220000
0.219968
0.220288
0.220544
0.219264
0.219808
0.219136
0.219488
0.219136
0.220480
0.219232
0.220064
0.219392
0.220416
0.219712
0.219744
0.219264
0.220192
0.219456
0.220512
0.220960
0.220576
0.219264
0.219488
0.219296
0.220640
0.219136
0.219200
0.219168
0.220512
0.220256
0.219424
0.219968
0.219552
0.219072
0.220128
0.219296
0.219360
0.219456
0.219456
0.219264
0.219296
0.220384
0.219328
0.220160
0.219456
0.219136
0.220000
0.219296
0.220032
0.220192
0.219680
0.219232
0.220544
0.219968
0.219424
0.219584
0.219840
0.219680
0.219424
0.219360
0.219456
0.220000
0.220512
0.219584
0.220352
0.219392
0.219648
0.219136
0.219936
0.219488
0.219648
0.219136
0.245472
0.219936
0.219168
0.219264
0.219712
0.219136
0.219808
0.220928
0.221056
0.219584
0.219296
0.220320
0.219200
0.219360
0.219424
0.219488
0.219744
0.219488
0.338368
0.221088
0.219552
0.220160
0.219392
0.220096
0.219584
0.219360
0.219168
0.219232
0.219680
0.220192
0.219328
0.219136
0.219488
0.219840
0.219552
0.219264
0.220384
0.219520
0.220256
0.219616
0.219968
0.219360
0.219712
0.219040
0.219264
0.221216
0.220992
0.220320
0.221376
0.220864
0.219328
0.222208
0.222400
0.221856
0.229856
0.220608
0.220448
0.219648
0.219680
0.219424
0.219488
0.219168
0.219232
0.219968
0.219328
0.220256
0.219392
0.219200
0.219296
0.219424
0.219424
0.219904
0.220288
0.219776
0.219424
0.219520
0.219072
0.219136
0.220096
0.219424
0.219904
0.441760
0.237568
0.357728
0.485376
0.221600
0.221184
0.219776
0.219456
0.219680
0.219264
0.219456
0.220352
0.219424
0.220352
0.219424
0.220512
0.219648
0.238432
0.220896
0.221376
0.238400
0.219936
0.220160
0.220832
0.219136
0.220384
0.219424
0.219936
0.219136
0.219456
0.219520
0.219584
0.219424
0.219936
0.219136
0.220448
0.219488
0.219744
0.220352
0.219680
0.220160
0.220288
0.218944
0.219424
0.219936
0.219584
0.219808
0.219552
0.219552
0.220672
0.219328
0.219072
0.219072
0.220480
0.219360
0.219488
0.220096
0.220192
0.219968
0.219456
0.219136
0.219840
0.219936
0.219136
0.219232
0.220032
0.219424
0.219296
0.219264
0.219360
0.219648
0.220352
0.219424
0.219200
0.219872
0.220704
0.219392
0.219392
0.219904
0.219936
0.219232
0.220288
0.219136
0.219328
0.220160
0.219488
0.220448
0.220256
0.219584
0.219264
0.219232
0.219200
0.219744
0.220192
0.219488
0.219520
0.219136
0.219968
0.219136
0.219360
0.219520
0.219456
0.219168
0.219520
0.220544
0.220320
0.219136
0.220448
0.220896
0.221888
0.221792
0.219168
0.220000
0.231552
0.221184
0.220288
0.219328
0.220224
0.219296
0.219296
0.219424
0.219424
0.219904
0.219040
0.219232
0.220224
0.219296
0.234496
0.220608
0.219264
0.219200
0.220128
0.219392
0.219392
0.219232
0.220576
0.219136
0.220096
0.219392
0.219584
0.219136
0.220160
0.219584
0.220736
0.221248
0.221952
0.221376
0.222144
0.221184
0.222176
0.221504
0.222112
0.222400
0.222368
0.226176
0.221728
0.222528
0.221280
0.222400
0.221312
0.221632
0.221120
0.244128
0.222304
0.223296
0.222240
0.221600
0.222400
0.221664
0.221440
0.221184
0.222208
0.221344
0.222400
0.221408
0.222624
0.221280
0.221696
0.221376
0.221760
0.221216
0.222720
0.221728
0.222816
0.221248
0.222176
0.221376
0.221920
0.221088
0.221184
0.221984
0.222624
0.221376
0.221184
0.221280
0.222368
0.221728
0.223488
0.222304
0.222048
0.222496
0.221248
0.221184
0.222304
0.221600
0.222272
0.221600
0.222176
0.221632
0.221280
0.221152
0.221504
0.222208
0.221344
0.222272
0.222688
0.221408
0.221920
0.221984
0.221632
0.222400
0.221184
0.222080
0.221920
0.221600
0.221280
0.221248
0.221408
0.222464
0.221376
0.341600
0.223328
0.234336
0.221728
0.221600
0.221248
0.222208
0.221408
0.221728
0.221408
0.222176
0.222528
0.221184
0.221536
0.236384
0.223232
0.223200
0.223616
0.222528
0.223488
0.223072
0.223296
0.222080
0.223104
0.225056
0.223136
0.222240
0.221184
0.221568
0.221408
0.221184
0.221344
0.221376
0.222304
0.221600
0.221184
0.222080
0.224832
0.221696
0.221568
0.221344
0.221760
0.222144
0.221504
0.221184
0.222496
0.221536
0.221472
0.221632
0.222464
0.221184
0.222176
0.221280
0.221376
0.221760
0.221408
0.222144
0.222592
0.222080
0.221504
0.221184
0.222496
0.222368
0.221696
0.221312
0.221664
0.221600
0.222208
0.221376
0.235776
0.222816
0.222720
0.247488
0.225024
0.221184
0.221600
0.532832
0.360448
0.223520
0.221632
0.221408
0.221280
0.222560
0.221440
0.221664
0.221472
0.221600
0.221664
0.221664
0.221920
0.222240
0.221600
0.221632
0.221344
0.221760
0.221248
0.221600
0.222752
0.222560
0.221920
0.222080
0.222560
0.221280
0.221792
0.223040
0.223680
0.221440
0.221536
0.221184
0.221600
0.221696
0.221184
0.221280
0.221600
0.222336
0.221440
0.220480
0.221952
0.221952
0.221536
0.221600
0.221504
0.485472
0.224256
0.223488
0.221760
0.221792
0.221664
0.221696
0.221632
0.221600
0.221664
0.221472
0.221280
0.221536
0.221792
0.221344
0.222208
0.223520
0.223648
0.223008
0.222496
0.225728
0.221888
0.221728
0.221184
0.221408
0.221728
0.221408
0.221184
0.222848
0.221184
0.221760
0.222240
0.221504
0.221312
0.221664
0.222240
0.221632
0.221184
0.221664
0.222464
0.221312
0.222112
0.220992
0.223136
0.223072
0.223232
0.222176
0.227456
0.222272
0.222272
0.223232
0.223584
0.223200
0.220384
0.219520
0.219424
0.219552
0.219200
0.219264
0.219872
0.219648
0.219136
0.220288
0.219584
0.219680
0.219488
0.219392
0.219200
0.219712
0.220640
0.219456
0.220320
0.219552
0.219744
0.220000
0.219552
0.219168
0.219296
0.220448
0.219456
0.220160
0.219552
0.219232
0.219232
0.219616
0.219424
0.219680
0.220480
0.219776
0.219936
0.338752
0.219712
0.219552
0.219232
0.219456
0.220224
0.219456
0.219328
0.219232
0.219680
0.219392
0.220000
0.220544
0.219520
0.234944
0.220512
0.219136
0.219520
0.219936
0.219232
0.219936
0.220416
0.219424
0.403456
0.357920
0.221184
0.220768
0.219264
0.220640
0.221184
0.220224
0.219648
0.219200
0.220256
0.220128
0.219584
0.220192
0.219456
0.219520
0.220160
0.219552
0.219328
0.236800
0.221184
0.231104
0.237568
0.222720
0.482400
0.221248
0.221184
0.220832
0.219712
0.219456
0.219840
0.219136
0.219520
0.219520
0.219840
0.220384
0.219264
0.219840
0.219232
0.222016
0.219680
0.219616
0.352064
0.220672
0.219744
0.219680
0.220352
0.219360
0.220768
0.220000
0.219392
0.219424
0.219456
0.219776
0.220800
0.219232
0.219424
0.219488
0.220064
0.219424
0.219488
0.219136
0.219680
0.219456
0.219488
0.220288
0.219552
0.220128
0.219712
0.219296
0.219264
0.220160
0.221152
0.219904
0.220544
0.221152
0.220416
0.222624
0.220384
0.220288
0.219552
0.219232
0.397920
0.344064
0.440352
0.221024
0.219520
0.219296
0.220448
0.481184
0.221184
0.222400
0.220224
0.219744
0.220192
0.219392
0.220448
0.219168
0.219552
0.219968
0.220800
0.219488
0.220192
0.219616
0.220224
0.239104
0.220864
0.219200
0.219488
0.220384
0.219392
0.220096
0.219584
0.219328
0.219360
0.220544
0.219520
0.219904
0.222528
0.219424
0.219392
0.219264
0.220224
0.219584
0.220128
0.219456
0.219520
0.219968
0.219936
0.219232
0.219904
0.220256
0.219744
0.219360
0.219328
0.219328
0.219648
0.219200
0.218976
0.219552
0.219616
0.219520
0.219968
0.219904
0.219616
0.219456
0.219616
0.219392
0.219520
0.219168
0.220064
0.219264
0.220352
0.219328
0.219456
0.219648
0.220416
0.219296
0.219584
0.219776
0.219872
0.219456
0.219456
0.219456
0.219584
0.219264
0.220192
0.219424
0.220480
0.220064
0.219712
0.219296
0.219968
0.220480
0.219392
0.220160
0.219808
0.219648
0.220160
0.219520
0.219488
0.219552
0.220448
0.219136
0.220640
0.219136
0.219392
0.219200
0.218464
0.219552
0.220128
0.220608
0.220192
0.219392
0.246048
0.220704
0.220000
0.219424
0.219968
0.220512
0.221440
0.221184
0.221536
0.221184
0.221920
0.221280
0.221216
0.221664
0.222208
0.221504
0.221184
0.221312
0.222528
0.221664
0.221856
0.222848
0.228608
0.223200
0.223072
0.221440
0.221568
0.222016
0.241600
0.247744
0.223584
0.222848
0.221600
0.221792
0.221472
0.222816
0.222752
0.221344
0.221632
0.221536
0.221568
0.221504
0.222752
0.221696
0.222496
0.221184
0.222112
0.222528
0.221696
0.221632
0.221280
0.221760
0.221312
0.222816
0.222592
0.221568
0.223104
0.222144
0.221984
0.221376
0.222240
0.221120
0.221504
0.222240
0.221728
0.221184
0.222304
0.221504
0.248448
0.233792
0.342208
0.239840
0.222912
0.221760
0.222848
0.221312
0.222624
0.222432
0.221312
0.221344
0.221664
0.222656
0.222432
0.221664
0.222528
0.221504
0.221920
0.243488
0.222912
0.221216
0.221760
0.222656
0.221568
0.222240
0.221440
0.221152
0.221600
0.221184
0.221632
0.221184
0.221760
0.221600
0.221920
0.221632
0.222400
0.221696
0.222528
0.221472
0.221504
0.221408
0.222240
0.221440
0.221952
0.221376
0.221696
0.222336
0.221536
0.221344
0.222272
0.463072
0.222912
0.444128
0.224640
0.221216
0.221760
0.221152
0.221824
0.221248
0.221376
0.221472
0.221376
0.221568
0.222080
0.221472
0.221408
0.221376
0.233472
0.222112
0.221472
0.221120
0.221632
0.221184
0.222304
0.221536
0.221568
0.221344
0.221760
0.221312
0.221440
0.221408
0.221184
0.221856
0.221792
0.221184
0.221568
0.222272
0.221600
0.222144
0.222208
0.221376
0.222432
0.221696
0.221376
0.222240
0.223808
0.223200
0.222976
0.221216
0.240576
0.224192
0.512128
0.224960
0.223328
0.221504
0.222208
0.219456
0.219296
0.220224
0.219808
0.220672
0.220288
0.219776
0.219360
0.219424
0.219968
0.221376
0.219488
0.219456
0.220864
0.220256
0.220224
0.219328
0.219232
0.220288
0.219424
0.219328
0.219360
0.219488
0.219488
0.219104
0.219552
0.219520
0.219424
0.219648
0.219392
0.219776
0.220608
0.219296
0.219424
0.220192
0.221024
0.219136
0.219488
0.219424
0.220384
0.219488
0.220256
0.219424
0.220000
0.219232
0.220256
0.219360
0.219744
0.231424
0.220704
0.219136
0.219680
0.220128
0.222016
0.220704
0.219776
0.219296
0.219872
0.219136
0.219680
0.220640
0.219456
0.219648
0.219488
0.219296
0.219840
0.219584
0.219968
0.219552
0.220352
0.219552
0.219904
0.219424
0.219712
0.220512
0.219520
0.219264
0.219488
0.219680
0.219424
0.219264
0.220704
0.219136
0.219872
0.219616
0.220672
0.219168
0.219584
0.219328
0.219168
0.219616
0.220160
0.219488
0.219296
0.219360
0.219264
0.219776
0.219136
0.219872
0.220192
0.219232
0.219520
0.219616
0.220256
0.219136
0.219392
0.220064
0.219616
0.219136
0.220736
0.219488
0.219296
0.219456
0.219296
0.219904
0.219584
0.219904
0.219456
0.219392
0.219264
0.219616
0.220864
0.219296
0.220288
0.219552
0.219808
0.219264
0.219584
0.219168
0.219360
0.219360
0.219424
0.220352
0.219488
0.220032
0.228320
0.225504
0.225280
0.220544
0.220896
0.219520
0.220544
0.219520
0.220416
0.218976
0.219360
0.220512
0.219424
0.219456
0.219520
0.219456
0.219136
0.220736
0.220160
0.219616
0.219680
0.219456
0.219776
0.219584
0.220192
0.236480
0.219904
0.220288
0.219936
0.219616
0.219136
0.219488
0.219136
0.219072
0.220032
0.219456
0.219232
0.219584
0.219584
0.219136
0.219904
0.219392
0.219680
0.219200
0.220192
0.348480
0.225760
0.219488
0.219360
0.219360
0.219136
0.224896
0.221472
0.220544
0.219872
0.219072
0.219648
0.219552
0.219392
0.219424
0.219360
0.220256
0.219616
0.219360
0.219200
0.219296
0.219328
0.220448
0.219520
0.220224
0.219520
0.219136
0.219232
0.219456
0.219968
0.219200
0.220192
0.219680
0.219552
0.219264
0.220640
0.219136
0.219360
0.219200
0.219968
0.219328
0.219488
0.219232
0.220288
0.219264
0.219072
0.219392
0.220128
0.221184
0.220096
0.219808
0.219584
0.219520
0.219456
0.219392
0.219584
0.219904
0.219776
0.219136
0.220736
0.219936
0.220256
0.219424
0.219136
0.219520
0.219968
0.219392
0.220160
0.405376
0.220768
0.356352
0.221056
0.220576
0.219328
0.220544
0.219232
0.219584
0.220256
0.219360
0.219136
0.219456
0.219520
0.219680
0.219136
0.219968
0.220480
0.219488
0.219200
0.220352
0.220736
0.219584
0.219808
0.219296
0.484864
0.223232
0.222560
0.223232
0.235520
0.220544
0.219584
0.232768
0.257952
0.220000
0.220096
0.220064
0.220448
0.219968
0.220256
0.227264
0.220896
0.219136
0.219520
0.219264
0.219360
0.219328
0.219200
0.219168
0.220128
0.219424
0.219584
0.219136
0.220128
0.219776
0.219136
0.219296
0.219296
0.220128
0.219584
0.219552
0.219424
0.219456
0.220224
0.219328
0.219680
0.219200
0.219968
0.219264
0.219648
0.219136
0.219360
0.219584
0.233696
0.219776
0.220160
0.219712
0.220768
0.219136
0.220096
0.219328
0.219904
0.219136
0.219424
0.219264
0.220320
0.219456
0.219264
0.219584
0.219328
0.220448
0.219232
0.219456
0.219808
0.219840
0.219808
0.219136
0.220096
0.219488
0.219328
0.219136
0.219392
0.221280
0.220384
0.219168
0.219136
0.220448
0.220352
0.219296
0.220256
0.219424
0.241280
0.220000
0.220288
0.219424
0.220224
0.219232
0.220288
0.219392
0.219136
0.219072
0.219168
0.219136
0.219744
0.219424
0.219232
0.220064
0.219392
0.219680
0.228896
0.220256
0.219712
0.221184
0.223776
0.249600
0.240608
0.219968
0.220256
0.219872
0.219136
0.220032
0.219552
0.219616
0.219136
0.219936
0.220000
0.219392
0.219712
0.219712
0.220704
0.337792
0.219968
0.219680
0.219360
0.222464
0.221088
0.220192
0.219456
0.219872
0.407552
0.344832
0.538624
0.220768
0.220064
0.219424
0.220512
0.219584
0.219840
0.219136
0.220960
0.224928
0.227616
0.221440
0.220576
0.219360
0.220832
0.221056
0.219392
0.234016
0.221120
0.220256
0.219328
0.219168
0.219584
0.220128
0.219680
0.219136
0.219424
0.220224
0.219776
0.219328
0.220704
0.219456
0.219232
0.218112
0.217568
0.217920
0.218592
0.217504
0.217664
0.217376
0.217152
0.217856
0.217792
0.218304
0.218400
0.217504
0.218400
0.217376
0.217504
0.217088
0.217952
0.217696
0.217472
0.218048
0.218752
0.229376
0.218912
0.218656
0.217344
0.217440
0.217632
0.217504
0.217888
0.217504
0.217664
0.218176
0.217440
0.217376
0.217952
0.217824
0.217536
0.217536
0.478784
0.219520
0.219392
0.217760
0.218560
0.217408
0.217664
0.217440
0.217600
0.217152
0.217376
0.218560
0.217312
0.217152
0.217952
0.217664
0.219456
0.217664
0.217312
0.217216
0.218368
0.217184
0.218144
0.218080
0.217344
0.217152
0.218048
0.218368
0.217440
0.217440
0.217152
0.217568
0.218112
0.217408
0.218400
0.217344
0.217536
0.217216
0.217600
0.218336
0.221184
0.221344
0.221472
0.221376
0.221760
0.221216
0.222048
0.221472
0.221184
0.221536
0.221568
0.221280
0.222464
0.222432
0.221280
0.222048
0.221536
0.221856
0.221632
0.221824
0.222560
0.222240
0.221472
0.221184
0.222272
0.221344
0.221824
0.221440
0.221664
0.221184
0.222016
0.221408
0.222464
0.221792
0.222112
0.221376
0.221504
0.221408
0.221376
0.221216
0.222368
0.221344
0.221216
0.221376
0.222784
0.241984
0.253408
0.223488
0.221376
0.222848
0.223552
0.222272
0.221792
0.221664
0.222112
0.222080
0.222880
0.221568
0.221408
0.221184
0.221472
0.221280
0.221376
0.221632
0.221568
0.221920
0.221760
0.221376
0.221376
0.221216
0.221792
0.221248
0.221600
0.221728
0.221696
0.221440
0.221312
0.221472
0.221440
0.221312
0.221408
0.221824
0.222592
0.221536
0.222400
0.222240
0.221408
0.221184
0.220576
0.225024
0.222336
0.221632
0.222400
0.222752
0.221728
0.221504
0.221536
0.221504
0.221408
0.222496
0.221760
0.221760
0.221216
0.222368
0.222112
0.223168
0.253952
0.236096
0.233024
0.223616
0.223040
0.221344
0.221440
0.221600
0.221472
0.221504
0.245760
0.223136
0.221632
0.221664
0.221728
0.221568
0.221120
0.221600
0.221696
0.221600
0.221952
0.222016
0.221344
0.221632
0.221408
0.222240
0.221312
0.221984
0.222464
0.221568
0.222144
0.221344
0.222400
0.221280
0.221472
0.221280
0.222112
0.221280
0.221536
0.221216
0.221952
0.221600
0.222208
0.221216
0.221696
0.221568
0.222048
0.222272
0.221216
0.222560
0.221184
0.221216
0.221280
0.222112
0.221440
0.221248
0.221568
0.222176
0.221664
0.244000
0.342240
0.221952
0.222496
0.223520
0.223168
0.221760
0.222528
0.221568
0.223104
0.221824
0.221440
0.222112
0.221120
0.219168
0.219488
0.219168
0.219264
0.219232
0.220192
0.219808
0.220256
0.219648
0.219968
0.219584
0.219872
0.220640
0.221056
0.387072
0.226656
0.356576
0.221184
0.220832
0.219488
0.219232
0.219616
0.220512
0.219360
0.219616
0.219520
0.219616
0.219872
0.219264
0.219712
0.220192
0.219488
0.219488
0.220672
0.220032
0.220640
0.219136
0.220032
0.219680
0.220000
0.220160
0.219712
0.220192
0.219392
0.219424
0.219136
0.220064
0.219488
0.219456
0.220544
0.222208
0.219776
0.219520
0.219360
0.219232
0.220128
0.219488
0.220000
0.220896
0.220288
0.219456
0.483360
0.221504
0.220928
0.219168
0.219744
0.219936
0.219200
0.219200
0.219456
0.219328
0.219616
0.219136
0.219488
0.220576
0.219136
0.219104
0.219200
0.219328
0.219456
0.219392
0.219840
0.219360
0.219296
0.217184
0.218336
0.217952
0.217280
0.218400
0.217184
0.217472
0.217824
0.217088
0.218336
0.218144
0.217632
0.218176
0.217824
0.217984
0.217504
0.217216
0.217280
0.218144
0.218176
0.217632
0.218304
0.217696
0.217568
0.218144
0.217504
0.217312
0.217376
0.218304
0.217408
0.218464
0.217280
0.217248
0.217504
0.217472
0.217184
0.217376
0.218272
0.217408
0.217504
0.218368
0.217344
0.218336
0.217408
0.227136
0.231360
0.217312
0.217184
0.217344
0.218112
0.217344
0.218304
0.217024
0.218624
0.217120
0.218080
0.217440
0.218400
0.217152
0.217152
0.217504
0.218432
0.218240
0.217408
0.217088
0.218368
0.218400
0.217248
0.217952
0.217600
0.217536
0.217504
0.216960
0.217824
0.217920
0.217152
0.218784
0.219744
0.219168
0.218464
0.229664
0.220000
0.231008
0.219232
0.218816
0.235200
0.219296
0.217792
0.218304
0.217472
0.217440
0.217152
0.217216
0.218304
0.217248
0.217248
0.217280
0.217888
0.217728
0.218752
0.217152
0.218336
0.217312
0.217344
0.217408
0.218048
0.218688
0.218944
0.217600
0.218304
0.218208
0.225376
0.218496
0.218912
0.218112
0.217568
0.219136
0.218368
0.217824
0.219008
0.217536
0.219232
0.233824
0.241280
0.221184
0.219520
0.218656
0.219136
0.220096
0.219328
0.219072
0.218144
0.934528
0.222880
0.219136
0.220512
0.219136
0.219040
0.219136
0.218976
0.222976
0.220928
0.219840
0.218848
0.218848
0.217376
0.217440
0.217344
0.217952
0.218656
0.218112
0.218496
0.219648
0.218816
0.217472
0.218304
0.218336
0.217792
0.217408
0.218368
0.219104
0.219072
0.218560
0.218656
0.418784
0.219136
0.670624
0.219968
0.221408
0.217248
0.217728
0.217696
0.217984
0.217440
0.218080
0.217088
0.217888
0.217440
0.250368
0.219008
0.218432
0.217600
0.218016
0.217376
0.218688
0.635712
0.221184
0.217248
0.217760
0.217952
0.217344
0.217536
0.217088
0.217952
0.225920
0.218304
0.217792
0.218176
0.217376
0.217536
0.217120
0.218240
0.218144
0.217472
0.217152
0.218464
0.217664
0.218400
0.218464
0.219168
0.218688
0.218304
0.217568
0.217824
0.218688
0.219136
0.219168
0.223328
0.218912
0.225152
0.233728
0.220544
0.218464
0.217408
0.217088
0.217376
0.217376
0.217504
0.218432
0.364704
0.342016
0.671104
0.218336
0.217120
0.217408
0.218592
0.217952
0.217184
0.217888
0.217536
0.217152
0.217344
0.217152
0.226176
0.217952
0.217440
0.219840
0.217184
0.217984
0.218336
0.217408
0.218304
0.217536
0.217792
0.476032
0.221088
0.223232
0.220800
0.219712
0.219104
0.220256
0.219424
0.219136
0.218880
0.221568
0.221408
0.219424
0.218144
0.215552
0.215744
0.215264
0.215520
0.215296
0.216160
0.215136
0.215488
0.216096
0.215712
0.216480
0.216416
0.215040
0.216160
0.215296
0.215744
0.215136
0.215648
0.215040
0.215616
0.215808
0.215520
0.216192
0.215680
0.215776
0.216480
0.215264
0.215968
0.225344
0.216640
0.216192
0.215136
0.215680
0.216736
0.215264
0.216256
0.215136
0.215616
0.215584
0.215232
0.216928
0.217568
0.216288
0.215840
0.215520
0.216160
0.215776
0.217024
0.215584
0.215520
0.216288
0.215360
0.216128
0.215552
0.216608
0.234688
0.225376
0.217344
0.215712
0.221184
0.233408
0.217152
0.217312
0.215680
0.215840
0.216736
0.215328
0.216288
0.216224
0.217632
0.219968
0.217696
0.216608
0.216192
0.215520
0.216128
0.215424
0.216160
0.215296
0.216416
0.215488
0.215872
0.217088
0.219264
0.217792
0.216192
0.215520
0.215840
0.216416
0.215552
0.216672
0.217760
0.218272
0.217056
0.216064
0.215520
0.216320
0.215872
0.216576
0.215232
0.216032
0.216544
0.215520
0.215808
0.215488
0.215744
0.215968
0.215712
0.215040
0.215360
0.216064
0.215552
0.215136
0.215392
0.215104
0.215584
0.215360
0.215968
0.227328
0.235040
0.215424
0.215904
0.215488
0.215360
0.215456
0.215200
0.215584
0.216608
0.215264
0.216480
0.216128
0.215392
0.215552
0.215200
0.216416
0.332800
0.217120
0.216928
0.215488
0.215552
0.215296
0.215648
0.215264
0.215584
0.215904
0.215616
0.216032
0.215552
0.215456
0.215232
0.216032
0.215680
0.215680
0.215520
0.215904
0.216736
0.215552
0.215040
0.216544
0.215200
0.215680
0.215424
0.215360
0.215328
0.216576
0.216192
0.215424
0.215072
0.215968
0.216096
0.215744
0.215296
0.215648
0.216160
0.215616
0.216416
0.215328
0.215648
0.215104
0.216256
0.215232
0.216416
0.216736
0.215296
0.216192
0.216288
0.215456
0.215552
0.215360
0.215328
0.216640
0.216512
0.215232
0.215456
0.215104
0.216000
0.215232
0.216640
0.215264
0.373248
0.337664
0.350912
0.217088
0.215744
0.216096
0.216896
0.220928
0.216064
0.216448
0.216128
0.215712
0.216320
0.216416
0.215168
0.215360
0.215808
0.216128
0.215328
0.216096
0.216704
0.217120
0.215552
0.215328
0.217952
0.218624
0.216288
0.215648
0.215232
0.215520
0.216224
0.215296
0.216096
0.215328
0.215808
0.216288
0.215584
0.215136
0.216576
0.217024
0.217248
0.218656
0.217632
0.218208
0.217280
0.221792
0.238464
0.215872
0.216384
0.215264
0.216192
0.216512
0.215328
0.215360
0.215712
0.215648
0.215904
0.215552
0.216544
0.216640
0.216448
0.216288
0.215552
0.215584
0.215584
0.215040
0.216384
0.215456
0.215776
0.216096
0.215712
0.216320
0.216448
0.215328
0.216096
0.475712
0.217792
0.218816
0.215584
0.215552
0.215392
0.215424
0.215872
0.216160
0.215456
0.215776
0.215296
0.216448
0.215264
0.215328
0.216064
0.215552
0.216128
0.215232
0.216192
0.215680
0.215776
0.215712
0.215904
0.216192
0.215424
0.215104
0.215360
0.215904
0.215648
0.216800
0.217248
0.216736
0.216128
0.215520
0.215392
0.215328
0.215104
0.216640
0.217312
0.215552
0.216544
0.215040
0.216000
0.217344
0.215712
0.216128
0.215648
0.215648
0.215904
0.215136
0.216256
0.215136
0.215520
0.215072
0.216096
0.215616
0.216800
0.215488
0.215936
0.215488
0.215168
0.216096
0.215392
0.216288
0.215264
0.215264
0.215360
0.215552
0.215296
0.217248
0.217376
0.217888
0.217152
0.217536
0.217696
0.217568
0.217376
0.218144
0.217280
0.218176
0.217568
0.217280
0.217376
0.217920
0.217440
0.217408
0.218912
0.217088
0.218240
0.217408
0.217440
0.217472
0.217504
0.217504
0.217536
0.217696
0.217472
0.217440
0.217248
0.218112
0.217568
0.217120
0.218176
0.217440
0.217696
0.217856
0.217504
0.218400
0.217152
0.218944
0.219136
0.217792
0.219328
0.219360
0.219104
0.219072
0.217472
0.218784
0.218816
0.218400
0.217536
0.217152
0.217248
0.217664
0.219584
0.218880
0.218272
0.217600
0.218016
0.218144
0.217376
0.217248
0.217856
0.218560
0.217120
0.217728
0.217152
0.217536
0.218240
0.217568
0.218112
0.218368
0.217632
0.217344
0.217792
0.218560
0.218848
0.217504
0.217632
0.218592
0.217728
0.218496
0.217440
0.217504
0.335744
0.218688
0.218528
0.217344
0.217664
0.368192
0.341664
0.354176
0.219072
0.217568
0.217856
0.217088
0.218432
0.217472
0.217824
0.217120
0.218080
0.217376
0.217280
0.217472
0.218208
0.217632
0.217280
0.217696
0.219040
0.217344
0.217088
0.218464
0.217152
0.218368
0.218336
0.217152
0.217440
0.217024
0.217504
0.217472
0.217216
0.218048
0.217376
0.217504
0.217152
0.218656
0.217472
0.217248
0.218432
0.217088
0.218048
0.218144
0.217280
0.217216
0.217152
0.217280
0.218112
0.477696
0.220544
0.219296
0.219008
0.217344
0.217600
0.217536
0.217472
0.217504
0.217120
0.217248
0.217088
0.217248
0.217920
0.217408
0.217856
0.217184
0.217216
0.217120
0.218912
0.218496
0.217248
0.217408
0.217952
0.217632
0.217088
0.217216
0.217760
0.217504
0.217376
0.217216
0.218592
0.218016
0.217408
0.217440
0.217248
0.217792
0.217280
0.218176
0.217344
0.217280
0.218464
0.217184
0.218272
0.217504
0.217696
0.217088
0.218208
0.217216
0.219136
0.220736
0.218976
0.241792
0.217152
0.217408
0.221376
0.219136
0.218880
0.219392
0.219136
0.218752
0.218528
0.217344
0.217440
0.217984
0.218176
0.217376
0.217344
0.217344
0.219360
0.219392
0.219104
0.218464
0.217472
0.217248
0.218272
0.217376
0.218432
0.217440
0.217376
0.218016
0.217440
0.217088
0.218144
0.217600
0.217088
0.218560
0.218336
0.218592
0.218240
0.217280
0.218368
0.219232
0.219648
0.219072
0.225280
0.218912
0.218592
0.217216
0.217408
0.217472
0.217568
0.217984
0.218944
0.218560
0.228288
0.218144
0.218144
0.217664
0.218624
0.218624
0.366592
0.220544
0.218784
0.458528
0.470144
0.219520
0.218720
0.218624
0.219008
0.217472
0.217504
0.217600
0.217408
0.218112
0.219136
0.217888
0.218656
0.217088
0.217888
0.217280
0.217952
0.219040
0.218688
0.217280
0.217344
0.218240
0.217152
0.480096
0.219328
0.220352
0.217792
0.218912
0.218368
0.217600
0.218848
0.217088
0.218400
0.218240
0.217408
0.217152
0.217824
0.218400
0.217248
0.217600
0.217440
0.217248
0.218048
0.217728
0.218016
0.221440
0.336544
0.219072
0.217728
0.217472
0.218496
0.217344
0.218368
0.217440
0.217792
0.217472
0.217376
0.217344
0.217536
0.218496
0.217088
0.220416
0.218848
0.218048
0.363808
0.340128
0.218016
0.538368
0.219136
0.218240
0.217472
0.218112
0.219680
0.219872
0.219488
0.219392
0.220544
0.219200
0.247424
0.218464
0.219712
0.218688
0.217184
0.218304
0.218240
0.218528
0.217664
0.217216
0.217184
0.217472
0.480704
0.219648
0.237984
0.217696
0.215936
0.216640
0.215200
0.215808
0.215232
0.216320
0.215200
0.215360
0.223872
0.215904
0.216416
0.215264
0.215392
0.215168
0.216064
0.215776
0.237152
0.216928
0.215296
0.216160
0.215872
0.215456
0.216384
0.215360
0.217760
0.215328
0.215200
0.215040
0.216416
0.215264
0.216512
0.215104
0.215424
0.216256
0.215680
0.216928
0.215392
0.216224
0.215680
0.215520
0.215712
0.215392
0.215328
0.216224
0.215232
0.216416
0.215232
0.215136
0.215712
0.215328
0.215104
0.216832
0.217024
0.216992
0.216704
0.215456
0.215584
0.215040
0.215264
0.216480
0.215456
0.216160
0.215424
0.215552
0.216544
0.215136
0.216352
0.215552
0.215456
0.215360
0.215328
0.215520
0.215552
0.215072
0.216448
0.216704
0.215392
0.215840
0.215552
0.215552
0.215808
0.215296
0.215648
0.215296
0.215392
0.215488
0.215296
0.215616
0.215040
0.216800
0.218176
0.217120
0.218784
0.217504
0.217536
0.217376
0.218912
0.217248
0.218592
0.217504
0.217728
0.218144
0.227104
0.218976
0.220928
0.218880
0.218624
0.219136
0.218880
0.217824
0.218304
0.217568
0.217472
0.217088
0.217632
0.217408
0.217504
0.217248
0.217536
0.218240
0.217344
0.217056
0.217408
0.218080
0.217472
0.218208
0.218656
0.231904
0.219424
0.218944
0.218912
0.218592
0.217152
0.217280
0.218048
0.217472
0.218304
0.217248
0.218240
0.218400
0.217472
0.218240
0.217536
0.217952
0.217856
0.217504
0.218464
0.217088
0.217536
0.218208
0.217440
0.218144
0.217408
0.217376
0.217408
0.217408
0.218528
0.217440
0.218240
0.217568
0.217216
0.217280
0.217856
0.217248
0.217312
0.217792
0.218528
0.217248
0.218240
0.218048
0.217440
0.225216
0.217312
0.217344
0.218624
0.217472
0.217056
0.217376
0.240416
0.220480
0.219328
0.219072
0.219424
0.219648
0.219264
0.219392
0.219424
0.219392
0.219584
0.219264
0.219616
0.219296
0.219552
0.219104
0.219392
0.220480
0.219488
0.219872
0.219136
0.219616
0.219488
0.219424
0.219232
0.219296
0.219200
0.219136
0.220160
0.219264
0.219712
0.219136
0.220448
0.219136
0.219680
0.219264
0.219680
0.219360
0.219424
0.219136
0.231296
0.220512
0.220544
0.219200
0.219968
0.219552
0.219328
0.219584
0.219776
0.219328
0.219296
0.219488
0.219360
0.220160
0.221856
0.221248
0.219456
0.219072
0.220160
0.220448
0.219360
0.219360
0.219744
0.219136
0.219584
0.220352
0.337728
0.220704
0.219552
0.219744
0.219232
0.219904
0.219744
0.219840
0.219680
0.219616
0.219584
0.219424
0.219200
0.219424
0.219520
0.219904
0.219328
0.219296
0.219136
0.219520
0.219136
0.219104
0.219616
0.220480
0.219136
0.220064
0.219552
0.219392
0.219136
0.219296
0.218848
0.220480
0.222208
0.221472
0.221120
0.375712
0.354304
0.530336
0.221472
0.220032
0.219488
0.219552
0.219200
0.220192
0.219488
0.219520
0.219552
0.219808
0.219520
0.219136
0.220320
0.219424
0.219360
0.219360
0.225760
0.220800
0.219200
0.219328
0.220352
0.219456
0.219232
0.219360
0.220288
0.221120
0.219456
0.219456
0.220416
0.219648
0.219456
0.219104
0.219584
0.220128
0.220288
0.219744
0.220000
0.219136
0.220032
0.219168
0.220448
0.219744
0.219520
0.219712
0.220192
0.219456
0.219488
0.219264
0.220000
0.219552
0.219200
0.219264
0.220448
0.220256
0.219488
0.219104
0.220352
0.219424
0.221376
0.225280
0.222720
0.219648
0.220640
0.220416
0.219616
0.220288
0.220288
0.219872
0.220896
0.221120
0.221376
0.482464
0.222912
0.221536
0.219424
0.220224
0.219616
0.220352
0.219616
0.219648
0.220064
0.219552
0.219264
0.219744
0.219488
0.219136
0.220512
0.220608
0.220384
0.219552
0.219488
0.219392
0.220128
0.219744
0.219200
0.220064
0.219616
0.219488
0.219488
0.219648
0.220608
0.219232
0.219936
0.219552
0.220416
0.220160
0.219840
0.220192
0.219744
0.219776
0.219360
0.219360
0.219136
0.219488
0.219488
0.219776
0.219552
0.219264
0.220384
0.219136
0.220320
0.219392
0.220672
0.221088
0.220896
0.220832
0.219392
0.220160
0.219584
0.219520
0.219360
0.220640
0.220352
0.219520
0.219136
0.219296
0.220320
0.220736
0.221088
0.221824
0.225632
0.220224
0.219744
0.219584
0.219424
0.219488
0.220160
0.220160
0.219712
0.219360
0.219456
0.219136
0.219808
0.219360
0.219360
0.219296
0.219968
0.225280
0.236576
0.219296
0.225280
0.219840
0.219840
0.220160
0.219904
0.219840
0.219616
0.219648
0.219136
0.220416
0.219648
0.219872
0.219744
0.220096
0.220352
0.219328
0.220192
0.338016
0.220768
0.219456
0.219968
0.220192
0.220192
0.219328
0.219328
0.220352
0.220640
0.219648
0.219776
0.219392
0.220096
0.220992
0.219520
0.219296
0.219264
0.219808
0.220640
0.219456
0.220352
0.220512
0.219328
0.219872
0.220224
0.220384
0.219136
0.220192
0.219456
0.219168
0.219552
0.219840
0.219488
0.219392
0.220800
0.220224
0.219616
0.219136
0.219520
0.220224
0.219488
0.219392
0.220256
0.219232
0.221184
0.222432
0.221216
0.222272
0.374432
0.219904
0.358368
0.221184
0.220160
0.219488
0.220352
0.219936
0.219456
0.219680
0.220416
0.220608
0.219488
0.219616
0.237472
0.220608
0.219328
0.219392
0.219360
0.220576
0.219936
0.220224
0.219840
0.351360
0.220160
0.220256
0.219680
0.219456
0.219616
0.220192
0.219616
0.219456
0.220000
0.219360
0.220800
0.219232
0.219488
0.219488
0.219616
0.219232
0.219296
0.219520
0.219968
0.220576
0.219424
0.219776
0.220960
0.219136
0.220224
0.219744
0.484960
0.223040
0.222400
0.220704
0.219904
0.219616
0.219360
0.219936
0.219712
0.220064
0.219520
0.219136
0.220256
0.220256
0.219264
0.220352
0.219712
0.219520
0.220928
0.220896
0.221216
0.219456
0.219648
0.219232
0.220160
0.219488
0.219200
0.219072
0.219488
0.219808
0.220320
0.219264
0.220704
0.219200
0.219680
0.366624
0.442368
0.221184
0.222976
0.222048
0.219616
0.220224
0.219584
0.220448
0.219264
0.220064
0.219616
0.219776
0.220032
0.220160
0.219712
0.219616
0.220256
0.219520
0.219232
0.219424
0.220320
0.219456
0.219136
0.219936
0.219328
0.219712
0.218912
0.217280
0.220736
0.219648
0.217408
0.217312
0.218272
0.217408
0.217760
0.217184
0.217408
0.217984
0.217856
0.217280
0.218080
0.217760
0.218144
0.217216
0.217472
0.217440
0.217408
0.217856
0.218432
0.217728
0.218272
0.217664
0.218336
0.219232
0.218400
0.217152
0.218304
0.217152
0.217632
0.218272
0.217632
0.217344
0.217280
0.218208
0.217408
0.218304
0.218304
0.217440
0.217472
0.217792
0.218368
0.217472
0.217696
0.218144
0.217728
0.217792
0.218144
0.247680
0.218592
0.218368
0.217408
0.218336
0.233344
0.218912
0.217856
0.217184
0.217856
0.217248
0.217408
0.217280
0.217664
0.217248
0.218336
0.217216
0.217248
0.218432
0.218272
0.217472
0.218240
0.217536
0.229888
0.219008
0.218272
0.217088
0.218112
0.217216
0.217408
0.217216
0.218976
0.219328
0.219520
0.219360
0.218848
0.218656
0.218656
0.224672
0.239232
0.218880
0.219520
0.218752
0.217280
0.217824
0.218272
0.217440
0.218144
0.217408
0.217536
0.218272
0.217760
0.217504
0.217152
0.217984
0.217504
0.218112
0.217568
0.217440
0.217664
0.218112
0.217024
0.217344
0.217696
0.217088
0.218048
0.217248
0.217824
0.217504
0.217536
0.218496
0.217280
0.217792
0.217632
0.218432
0.219328
0.217568
0.217888
0.335488
0.219008
0.218624
0.219136
0.218752
0.368672
0.436736
0.218976
0.217088
0.217760
0.218208
0.477216
0.220352
0.218048
0.217472
0.218240
0.217312
0.218144
0.218240
0.217696
0.217344
0.217824
0.217344
0.217664
0.217536
0.217184
0.217632
0.217344
0.216896
0.217088
0.220192
0.218720
0.217248
0.217632
0.217120
0.217344
0.217344
0.217504
0.217088
0.217600
0.217248
0.217600
0.217184
0.218272
0.217376
0.217696
0.217088
0.219296
0.217440
0.217632
0.217312
0.217280
0.217280
0.217504
0.217312
0.217504
0.218592
0.217312
0.218304
0.217088
0.218240
0.217440
0.217312
0.217216
0.217952
0.218400
0.233792
0.218880
0.217504
0.217248
0.217312
0.217472
0.217504
0.218464
0.217504
0.217312
0.217248
0.217312
0.217376
0.217280
0.217760
0.218112
0.217120
0.241056
0.219040
0.218048
0.218016
0.217184
0.217984
0.217504
0.217792
0.218400
0.217408
0.217952
0.217408
0.218016
0.217248
0.218624
0.219136
0.219136
0.245696
0.219744
0.231488
0.220608
0.233856
0.219296
0.218976
0.218528
0.217728
0.217856
0.217984
0.217792
0.218272
0.217696
0.217248
0.217632
0.217440
0.217184
0.218016
0.217888
0.217568
0.217856
0.217568
0.217856
0.220416
0.221216
0.221504
0.221376
0.221280
0.221472
0.221536
0.221344
0.221184
0.221920
0.221632
0.221472
0.221216
0.221664
0.222496
0.222240
0.221536
0.222272
0.222432
0.221696
0.221984
0.221408
0.222176
0.221568
0.221312
0.221408
0.221920
0.222208
0.221632
0.221568
0.230400
0.221952
0.222048
0.221248
0.221536
0.221184
0.222048
0.221568
0.221280
0.221280
0.221344
0.221248
0.221504
0.221696
0.221280
0.222368
0.221408
0.221216
0.221440
0.221632
0.221184
0.222976
0.221568
0.253920
0.223392
0.221984
0.221408
0.221568
0.221568
0.221184
0.221696
0.221536
0.221376
0.221184
0.221856
0.221696
0.221760
0.222336
0.221760
0.221920
0.221184
0.222016
0.221248
0.222208
0.221184
0.221856
0.221696
0.221920
0.221184
0.221120
0.221376
0.221248
0.221632
0.222784
0.221184
0.222336
0.222368
0.221568
0.221216
0.222176
0.222112
0.222336
0.221760
0.221216
0.221408
0.220608
0.221376
0.221184
0.222144
0.221344
0.222272
0.221696
0.221792
0.221984
0.221408
0.221600
0.221760
0.222112
0.221280
0.221568
0.221664
0.221472
0.221664
0.221184
0.222752
0.222240
0.222560
0.222912
0.225952
0.223232
0.239744
0.245920
0.224064
0.222816
0.222144
0.222688
0.221184
0.222208
0.221216
0.222272
0.221376
0.221248
0.221248
0.221568
0.221664
0.221312
0.222112
0.222464
0.221504
0.221184
0.221344
0.222368
0.221408
0.222400
0.221312
0.221280
0.221504
0.222560
0.221408
0.221184
0.222080
0.222272
0.221536
0.239616
0.223136
0.222208
0.221184
0.222464
0.221312
0.221568
0.221248
0.222016
0.221600
0.221440
0.342048
0.222336
0.221568
0.222240
0.221280
0.221536
0.221376
0.223136
0.222048
0.221504
0.221184
0.221984
0.222368
0.221536
0.221344
0.221632
0.221536
0.221376
0.221792
0.221504
0.221408
0.221536
0.221184
0.370528
0.360512
0.223232
0.221536
0.221568
0.221184
0.221376
0.222624
0.221632
0.221312
0.221376
0.221632
0.221632
0.221408
0.222784
0.222560
0.221664
0.221376
0.221408
0.221216
0.221568
0.221184
0.221344
0.221376
0.222496
0.221376
0.222208
0.221216
0.221760
0.221408
0.222784
0.221184
0.222080
0.221728
0.222720
0.221536
0.221408
0.221504
0.221504
0.222976
0.223360
0.222848
0.222528
0.221600
0.221664
0.221632
0.221472
0.221152
0.221536
0.221472
0.486208
0.223744
0.223232
0.221792
0.221696
0.221312
0.222880
0.221632
0.221504
0.222208
0.221472
0.221664
0.221600
0.221472
0.221312
0.221568
0.221664
0.221504
0.222464
0.221184
0.221760
0.222208
0.221664
0.221184
0.221536
0.223616
0.222048
0.220192
0.220800
0.220096
0.219552
0.239136
0.223392
0.220448
0.221664
0.221312
0.220064
0.220480
0.219328
0.220544
0.219744
0.219264
0.219904
0.219264
0.219168
0.219392
0.225280
0.219392
0.219904
0.220640
0.220416
0.219360
0.231104
0.220672
0.220352
0.219392
0.220000
0.219392
0.219264
0.219520
0.219296
0.219360
0.219584
0.219520
0.219200
0.220032
0.219712
0.219520
0.220320
0.219648
0.220736
0.219904
0.220320
0.219424
0.219264
0.219136
0.219936
0.219328
0.219232
0.219616
0.220416
0.219456
0.219168
0.219360
0.220384
0.219584
0.220448
0.219136
0.219840
0.220096
0.219392
0.219264
0.219328
0.220032
0.219520
0.219232
0.219584
0.219904
0.219264
0.219456
0.219424
0.219520
0.219424
0.219840
0.219488
0.219264
0.220800
0.220256
0.219648
0.219776
0.219872
0.219136
0.220544
0.220448
0.219360
0.219136
0.220256
0.219232
0.220224
0.219264
0.220384
0.219296
0.235712
0.234528
0.240416
0.222336
0.221152
0.221184
0.221312
0.220608
0.219328
0.219552
0.219392
0.219136
0.220288
0.220256
0.219424
0.219328
0.219968
0.220032
0.219552
0.220768
0.220832
0.219936
0.235424
0.338528
0.220608
0.219776
0.219616
0.219392
0.219808
0.219232
0.219808
0.219648
0.219232
0.219744
0.220032
0.219360
0.220320
0.219520
0.219328
0.220160
0.219616
0.219328
0.219840
0.219552
0.219648
0.221120
0.221152
0.219360
0.219104
0.219328
0.220736
0.221760
0.221536
0.235904
0.221952
0.221184
0.220512
0.219488
0.220224
0.369056
0.356384
0.222272
0.219712
0.220224
0.219488
0.219808
0.227776
0.220032
0.235872
0.220608
0.219456
0.219264
0.219584
0.220224
0.219456
0.219520
0.219680
0.220608
0.220160
0.219904
0.220352
0.219296
0.219552
0.219296
0.220000
0.221024
0.229280
0.485216
0.222240
0.221152
0.219616
0.219808
0.219392
0.219520
0.220832
0.221184
0.220000
0.219296
0.219136
0.219968
0.219328
0.219168
0.219488
0.220512
0.219488
0.219712
0.219392
0.219136
0.220096
0.219456
0.219968
0.219744
0.220224
0.219552
0.219520
0.220704
0.220192
0.219520
0.219232
0.219264
0.220288
0.219456
0.220032
0.219680
0.220320
0.219456
0.220224
0.219392
0.219680
0.219136
0.220224
0.219456
0.219712
0.219616
0.219680
0.219424
0.219456
0.219936
0.219648
0.220224
0.219488
0.219776
0.219232
0.218944
0.219680
0.219296
0.219392
0.219648
0.219520
0.219360
0.220480
0.219136
0.220352
0.219328
0.219808
0.219520
0.219648
0.219392
0.219872
0.219776
0.220768
0.219296
0.219456
0.219488
0.221088
0.219296
0.219456
0.220096
0.219392
0.220096
0.219584
0.220128
0.219424
0.219616
0.219936
0.219776
0.219232
0.219616
0.219456
0.219296
0.219776
0.219200
0.219584
0.220000
0.219488
0.219136
0.220096
0.219424
0.219936
0.219296
0.219232
0.219552
0.220416
0.220960
0.222240
0.221440
0.221504
0.221184
0.220512
0.220832
0.220736
0.219584
0.219616
0.219488
0.219136
0.219520
0.220224
0.219392
0.220224
0.220288
0.219488
0.219968
0.219680
0.220448
0.219392
0.219456
0.219264
0.219872
0.219520
0.220256
0.220608
0.219776
0.219584
0.220224
0.219296
0.219168
0.219712
0.237920
0.220512
0.219744
0.219712
0.219232
0.220256
0.219136
0.220768
0.219680
0.219424
0.220448
0.220320
0.219488
0.219808
0.219296
0.219520
0.219456
0.219392
0.224160
0.220864
0.221248
0.239328
0.242560
0.230176
0.221152
0.222112
0.219712
0.222176
0.221760
0.221600
0.220992
0.221408
0.222528
0.221664
0.221472
0.221600
0.221760
0.222304
0.221408
0.221888
0.221248
0.222240
0.223072
0.222528
0.221600
0.221280
0.221280
0.222496
0.221536
0.221344
0.221376
0.222176
0.221440
0.229952
0.223168
0.222944
0.222176
0.221632
0.221408
0.221600
0.222016
0.221184
0.222048
0.221600
0.221856
0.221216
0.222240
0.222368
0.221696
0.221504
0.221248
0.221440
0.221536
0.222272
0.221344
0.221248
0.221408
0.221728
0.221440
0.222048
0.221344
0.221792
0.221472
0.221600
0.234272
0.343584
0.221696
0.221536
0.222528
0.222272
0.221728
0.221632
0.221728
0.221856
0.221344
0.222528
0.221184
0.221632
0.221408
0.221888
0.221184
0.222176
0.222240
0.221792
0.221568
0.221632
0.222592
0.221664
0.221440
0.221408
0.221536
0.221664
0.222048
0.250016
0.238752
0.223296
0.222112
0.221536
0.221856
0.223264
0.222016
0.222432
0.221344
0.221984
0.221984
0.222368
0.221280
0.222656
0.221472
0.221856
0.221344
0.221472
0.222272
0.221504
0.221344
0.221344
0.221536
0.222496
0.370912
0.346560
0.360768
0.484672
0.223680
0.223424
0.221472
0.221280
0.221504
0.221312
0.221344
0.222336
0.221408
0.221568
0.221472
0.221568
0.222592
0.221600
0.223872
0.221536
0.221728
0.221344
0.221760
0.221984
0.221376
0.221568
0.222784
0.223360
0.222016
0.222080
0.221792
0.221408
0.221312
0.222784
0.222304
0.221856
0.221472
0.222400
0.221600
0.221312
0.221472
0.222432
0.221280
0.222368
0.221248
0.221440
0.221536
0.221536
0.221312
0.221856
0.221376
0.227328
0.221664
0.221568
0.222368
0.221632
0.221184
0.221568
0.222240
0.221408
0.221184
0.221920
0.222368
0.221504
0.221280
0.221600
0.221856
0.221280
0.221984
0.221600
0.223392
0.222528
0.221344
0.221472
0.221984
0.221184
0.221184
0.222400
0.221120
0.222112
0.221344
0.222208
0.221408
0.222112
0.221568
0.222592
0.221664
0.221664
0.221824
0.221632
0.221568
0.221344
0.221888
0.222144
0.221952
0.221472
0.221568
0.221856
0.221600
0.221504
0.221280
0.221376
0.221184
0.222176
0.221568
0.221760
0.222464
0.221536
0.221184
0.221632
0.221568
0.221600
0.221216
0.221696
0.222112
0.221504
0.221184
0.222272
0.221952
0.234272
0.238624
0.223232
0.237984
0.232640
0.223072
0.224960
0.256064
0.255264
0.222720
0.221280
0.221344
0.222528
0.221344
0.222112
0.221792
0.222208
0.221696
0.222240
0.222688
0.221792
0.221952
0.221824
0.221344
0.229376
0.223072
0.222592
0.221536
0.221728
0.221312
0.221856
0.221184
0.221472
0.221888
0.221760
0.221184
0.222208
0.240064
0.222112
0.221248
0.221184
0.221728
0.221600
0.225344
0.221728
0.239936
0.223040
0.221248
0.222112
0.221344
0.221504
0.221216
0.221152
0.221312
0.221568
0.222048
0.222656
0.221408
0.222336
0.221728
0.221280
0.220544
0.221472
0.221792
0.221312
0.221888
0.221312
0.222144
0.221504
0.222048
0.221696
0.221280
0.221696
0.221376
0.221728
0.222688
0.221376
0.221472
0.221536
0.221664
0.221664
0.221248
0.222336
0.221440
0.222144
0.222880
0.222112
0.221632
0.221984
0.221184
0.222944
0.222432
0.222272
0.221536
0.222048
0.221280
0.222176
0.221440
0.222432
0.221536
0.222208
0.221312
0.221760
0.221184
0.222144
0.221184
0.221792
0.221184
0.221504
0.222592
0.221472
0.221184
0.221408
0.221632
0.221984
0.223040
0.222720
0.221344
0.221184
0.221440
0.221984
0.221184
0.221632
0.221440
0.221632
0.221440
0.221664
0.221632
0.221312
0.222048
0.222400
0.221472
0.221472
0.221472
0.221408
0.221440
0.221984
0.221248
0.221408
0.221184
0.221984
0.221472
0.221184
0.223104
0.223616
0.229344
0.223520
0.223136
0.222048
0.222112
0.221984
0.221568
0.222464
0.221184
0.222144
0.221344
0.221376
0.221312
0.221184
0.221888
0.224320
0.237440
0.221600
0.222688
0.221312
0.221536
0.221920
0.221312
0.221888
0.221440
0.221248
0.221440
0.221184
0.221344
0.221216
0.221568
0.221728
0.221920
0.221536
0.221920
0.221248
0.221376
0.222464
0.221312
0.221440
0.221728
0.222624
0.376832
0.221856
0.359232
0.223232
0.222560
0.221760
0.222144
0.222112
0.221600
0.221696
0.221184
0.222240
0.222880
0.221248
0.221376
0.221568
0.221536
0.222208
0.221248
0.221280
0.222368
0.221376
0.221248
0.222816
0.221696
0.219520
0.219520
0.219136
0.220064
0.220320
0.219456
0.219424
0.219008
0.220160
0.219296
0.219072
0.220224
0.220096
0.219680
0.219328
0.219680
0.220384
0.219456
0.219392
0.219136
0.220224
0.220032
0.481632
0.222592
0.221120
0.219328
0.219072
0.219360
0.219360
0.219232
0.220128
0.219392
0.220128
0.219328
0.219648
0.219392
0.224864
0.235744
0.221184
0.220224
0.235616
0.221792
0.225696
0.221024
0.233568
0.221280
0.221696
0.226592
0.219392
0.220000
0.219584
0.229568
0.220128
0.228064
0.220896
0.220000
0.219488
0.219168
0.219296
0.220768
0.219616
0.219552
0.219168
0.219392
0.220320
0.219136
0.219968
0.219488
0.235232
0.219360
0.220608
0.219520
0.219712
0.219200
0.229440
0.220448
0.220576
0.219488
0.235360
0.244832
0.221344
0.221216
0.220000
0.220288
0.219392
0.220192
0.219648
0.219904
0.219424
0.219648
0.220000
0.219712
0.220608
0.220416
0.219328
0.220032
0.231296
0.219232
0.219392
0.220288
0.219552
0.219872
0.239136
0.220608
0.219360
0.220192
0.220224
0.219552
0.219232
0.220512
0.220384
0.219232
0.220160
0.219072
0.219232
0.219552
0.220288
0.219296
0.220704
0.219872
0.343168
0.219584
0.219616
0.220384
0.219136
0.220352
0.219488
0.219648
0.220032
0.219328
0.219552
0.219424
0.219552
0.370816
0.345664
0.358304
0.221184
0.220096
0.219680
0.220224
0.219168
0.219360
0.219616
0.219424
0.219264
0.219424
0.219936
0.220032
0.219584
0.219648
0.219424
0.219328
0.219296
0.219648
0.219136
0.218432
0.219648
0.219712
0.219136
0.220224
0.219616
0.219328
0.219648
0.486272
0.222432
0.220064
0.219712
0.219520
0.219136
0.219040
0.219584
0.219136
0.219552
0.219136
0.219264
0.219424
0.219488
0.219200
0.219136
0.220160
0.219552
0.219424
0.219904
0.219232
0.219360
0.227360
0.225216
0.220000
0.219200
0.219200
0.220320
0.220736
0.219136
0.219232
0.219616
0.220320
0.219520
0.219456
0.219648
0.219136
0.220288
0.219456
0.219648
0.219328
0.220512
0.219616
0.219744
0.219136
0.220480
0.220032
0.219648
0.219520
0.219584
0.220128
0.219392
0.219968
0.219552
0.220032
0.221696
0.227104
0.236864
0.226272
0.221408
0.221184
0.237664
0.220288
0.242944
0.220640
0.220768
0.220352
0.220224
0.219264
0.220032
0.219456
0.219328
0.219296
0.220096
0.219680
0.219808
0.221792
0.220288
0.219328
0.219936
0.220192
0.219712
0.219168
0.220608
0.219744
0.219328
0.219264
0.219456
0.219424
0.220160
0.219648
0.220224
0.219456
0.219488
0.220224
0.773088
0.221216
0.220224
0.219520
0.220128
0.219712
0.219712
0.219136
0.220224
0.219360
0.219552
0.219296
0.220224
0.219072
0.219232
0.220608
0.219712
0.219360
0.219328
0.220192
0.220000
0.221472
0.219904
0.219616
0.219584
0.219232
0.220128
0.220480
0.219392
0.219840
0.220288
0.219488
0.219680
0.220416
0.219008
0.219488
0.220352
0.219616
0.219520
0.219488
0.219840
0.219200
0.219936
0.219712
0.219616
0.219168
0.219680
0.219168
0.219872
0.219584
0.219680
0.219136
0.220224
0.220256
0.219776
0.219488
0.219552
0.219520
0.220256
0.219488
0.219360
0.219488
0.219680
0.219136
0.220288
0.219392
0.220288
0.219200
0.220480
0.219264
0.219712
0.219584
0.219264
0.220032
0.219808
0.220416
0.219584
0.220448
0.219360
0.219424
0.219648
0.219232
0.220160
0.220160
0.219872
0.220320
0.219648
0.219424
0.219328
0.220032
0.219456
0.219456
0.219328
0.220320
0.219136
0.219168
0.219456
0.219552
0.219712
0.219392
0.219552
0.220128
0.219136
0.220256
0.221440
0.221120
0.220960
0.220256
0.244000
0.219872
0.220864
0.220736
0.219520
0.219264
0.219520
0.219360
0.220192
0.219136
0.220384
0.219136
0.219264
0.221056
0.220416
0.219296
0.219552
0.219168
0.220224
0.219360
0.219936
0.219680
0.220288
0.219200
0.220384
0.219424
0.219392
0.219296
0.235968
0.221344
0.219744
0.220032
0.220160
0.219552
0.219328
0.219328
0.219520
0.219264
0.219296
0.219552
0.225408
0.230880
0.338400
0.220896
0.220096
0.219488
0.219264
0.219392
0.220768
0.220224
0.219776
0.220160
0.219328
0.221344
0.219488
0.220352
0.219296
0.219840
0.219136
0.219136
0.220224
0.221888
0.224096
0.223904
0.223552
0.223232
0.224544
0.223456
0.223456
0.223488
0.223648
0.223296
0.224576
0.376704
0.351488
0.364160
0.225280
0.223712
0.223936
0.223584
0.223808
0.224128
0.224416
0.223296
0.223680
0.223584
0.224064
0.223776
0.223232
0.223392
0.223552
0.223520
0.223232
0.223712
0.223456
0.223680
0.223616
0.224544
0.223456
0.223232
0.223968
0.223616
0.223232
0.223904
0.224352
0.223584
0.223232
0.223296
0.223584
0.224224
0.223616
0.239680
0.225056
0.224160
0.223424
0.223520
0.223360
0.224128
0.223360
0.223392
0.223840
0.224320
0.223552
0.223392
0.223488
0.223328
0.223904
0.223296
0.223808
0.223328
0.223680
0.223232
0.224288
0.224384
0.223392
0.223232
0.223936
0.223680
0.223392
0.223520
0.223392
0.223872
0.223648
0.223840
0.225120
0.225504
0.244320
0.487424
0.226528
0.223392
0.223232
0.223360
0.223168
0.236224
0.223072
0.223104
0.223232
0.223008
0.221760
0.222688
0.222624
0.221504
0.221504
0.221536
0.221728
0.222432
0.222496
0.222912
0.221184
0.222272
0.221472
0.221536
0.221408
0.222240
0.221664
0.221696
0.222272
0.221664
0.221312
0.221344
0.222240
0.223040
0.222560
0.221536
0.222656
0.221440
0.223232
0.223136
0.221856
0.221184
0.222624
0.221376
0.221952
0.222336
0.221568
0.221344
0.227104
0.222816
0.223232
0.227680
0.222784
0.221760
0.222688
0.221184
0.221504
0.221344
0.222432
0.221248
0.222400
0.221312
0.221504
0.221312
0.221472
0.221568
0.221408
0.221984
0.221632
0.221984
0.221600
0.221472
0.221568
0.221280
0.221504
0.221280
0.222272
0.221184
0.221408
0.221344
0.221920
0.221472
0.221504
0.221568
0.222272
0.220608
0.219456
0.220192
0.220768
0.219392
0.219840
0.219136
0.220224
0.219360
0.219680
0.219104
0.219840
0.220256
0.219808
0.219584
0.219456
0.219520
0.219296
0.220064
0.243232
0.221184
0.229568
0.338624
0.219936
0.219264
0.219904
0.219264
0.219968
0.219840
0.220544
0.219264
0.220256
0.219616
0.219616
0.219424
0.219872
0.221184
0.220544
0.219552
0.220512
0.219360
0.219648
0.219168
0.219328
0.219040
0.220320
0.219360
0.219840
0.219296
0.219424
0.220320
0.219200
0.219168
0.226528
0.229152
0.245024
0.221376
0.220896
0.220320
0.238112
0.220992
0.220896
0.220128
0.219648
0.219136
0.220352
0.219232
0.371296
0.373504
0.359136
0.222208
0.221152
0.219552
0.219296
0.219168
0.219456
0.219776
0.219136
0.219488
0.220704
0.219424
0.219520
0.219232
0.219616
0.220320
0.236416
0.220096
0.220576
0.220672
0.220608
0.219136
0.219552
0.220192
0.219456
0.219136
0.220576
0.220288
0.219584
0.219328
0.219040
0.219296
0.219168
0.219264
0.219520
0.219328
0.219392
0.219584
0.219328
0.220416
0.220352
0.219552
0.220256
0.219424
0.219968
0.219392
0.219904
0.219296
0.219552
0.220256
0.219584
0.219456
0.219200
0.219808
0.484800
0.221824
0.221184
0.221088
0.220288
0.219552
0.219200
0.219680
0.220096
0.219776
0.219488
0.219616
0.219872
0.219136
0.219968
0.221920
0.221184
0.219808
0.220192
0.219616
0.220384
0.219424
0.219488
0.219840
0.219200
0.219520
0.220416
0.219488
0.220544
0.220672
0.219264
0.219808
0.219712
0.219680
0.220192
0.219488
0.219424
0.220992
0.219552
0.219296
0.225504
0.220256
0.230272
0.242592
0.226688
0.221184
0.220832
0.219584
0.219808
0.219456
0.219712
0.219776
0.220576
0.219424
0.219744
0.219136
0.219808
0.219616
0.219488
0.220672
0.219200
0.219392
0.219552
0.233920
0.219840
0.220288
0.219200
0.219584
0.221056
0.219488
0.219808
0.219264
0.219264
0.225184
0.222368
0.220800
0.221824
0.221152
0.219776
0.219488
0.219584
0.219296
0.219520
0.219808
0.220704
0.220352
0.219648
0.219648
0.219744
0.220160
0.219392
0.220512
0.219360
0.219488
0.219680
0.219136
0.219968
0.219296
0.219680
0.219168
0.220032
0.220320
0.219392
0.219392
0.219840
0.219328
0.220160
0.219360
0.220224
0.219328
0.220032
0.219296
0.219520
0.219488
0.219936
0.219584
0.220960
0.219552
0.220224
0.219648
0.219648
0.219712
0.225056
0.220352
0.219776
0.219968
0.219392
0.219840
0.219200
0.219744
0.219232
0.219392
0.220352
0.219168
0.219296
0.219360
0.220096
0.219808
0.219296
0.221184
0.221696
0.221728
0.221440
0.221376
0.221632
0.221664
0.221280
0.222368
0.222208
0.221376
0.221280
0.221536
0.221472
0.221888
0.221600
0.221664
0.222304
0.222816
0.222208
0.221472
0.221440
0.221376
0.222368
0.221568
0.221568
0.222592
0.221312
0.221376
0.221472
0.221568
0.222272
0.221792
0.222624
0.221408
0.221664
0.221888
0.221312
0.222560
0.222080
0.221312
0.222208
0.221344
0.221984
0.221536
0.221376
0.221376
0.221408
0.222048
0.342016
0.221664
0.222144
0.237568
0.224032
0.222816
0.221408
0.221312
0.221696
0.221248
0.221536
0.221216
0.221344
0.221792
0.221472
0.221952
0.221664
0.222464
0.221728
0.221184
0.221440
0.222272
0.221664
0.222144
0.222400
0.221632
0.221184
0.221920
0.221440
0.222304
0.221408
0.233728
0.241728
0.223872
0.223200
0.223072
0.237568
0.234624
0.233600
0.229248
0.223072
0.221632
0.221568
0.221280
0.221984
0.221536
0.222240
0.221856
0.221248
0.222112
0.222240
0.221184
0.222240
0.221280
0.222080
0.221472
0.222240
0.221696
0.221600
0.221472
0.221408
0.370752
0.348160
0.360704
0.223168
0.221632
0.221248
0.221408
0.221952
0.242048
0.223232
0.221792
0.221376
0.221312
0.222240
0.221792
0.221440
0.222624
0.222656
0.221472
0.222752
0.221184
0.221312
0.222016
0.221728
0.221440
0.487840
0.223648
0.223168
0.221984
0.221184
0.221856
0.221472
0.222080
0.221408
0.243584
0.246208
0.224096
0.224256
0.223232
0.222720
0.221984
0.222432
0.221344
0.222912
0.221696
0.222496
0.221184
0.221280
0.221344
0.221792
0.221664
0.221728
0.221312
0.221536
0.222144
0.221536
0.221664
0.221408
0.221792
0.222208
0.221408
0.222560
0.222528
0.221344
0.220256
0.219680
0.219520
0.220192
0.219232
0.220192
0.220192
0.219808
0.220352
0.220288
0.220832
0.220160
0.219872
0.220992
0.231488
0.237440
0.220992
0.221280
0.240384
0.222880
0.220576
0.221344
0.222272
0.222912
0.221664
0.220704
0.220448
0.219904
0.219424
0.219872
0.219520
0.219648
0.220736
0.221024
0.219136
0.220576
0.219488
0.219136
0.219520
0.219136
0.219456
0.220000
0.219648
0.220160
0.219232
0.219520
0.219232
0.219488
0.220000
0.235040
0.230048
0.244768
0.229600
0.221920
0.225984
0.220800
0.219776
0.220320
0.219296
0.219264
0.220512
0.220544
0.219136
0.220416
0.221664
0.220256
0.220288
0.220000
0.220032
0.220000
0.219264
0.219744
0.219264
0.219968
0.220352
0.219648
0.219616
0.219616
0.219136
0.219424
0.219264
0.220128
0.219616
0.220064
0.220192
0.219872
0.220032
0.220416
0.219552
0.229760
0.220000
0.221120
0.220768
0.220192
0.219648
0.219392
0.219200
0.219328
0.219520
0.219488
0.219200
0.219968
0.233760
0.220096
0.219328
0.220384
0.219520
0.219488
0.219264
0.220320
0.219168
0.220096
0.219520
0.219392
0.220352
0.219552
0.219456
0.219584
0.220160
0.219360
0.220800
0.220256
0.219456
0.220704
0.219136
0.219872
0.219520
0.219360
0.219392
0.219520
0.219264
0.220576
0.219168
0.219232
0.219136
0.219904
0.219648
0.219424
0.219392
0.219936
0.219264
0.219616
0.219008
0.219712
0.219296
0.219264
0.219200
0.220224
0.219872
0.219456
0.219424
0.220320
0.219360
0.220384
0.219776
0.219808
0.220416
0.219616
0.219200
0.219968
0.219392
0.219616
0.337920
0.220864
0.220192
0.219424
0.219168
0.379808
0.353664
0.362496
0.221376
0.220640
0.220096
0.219552
0.219424
0.219456
0.219360
0.219584
0.219424
0.219424
0.219776
0.219968
0.219872
0.219648
0.219136
0.219456
0.220256
0.219936
0.221056
0.219424
0.219392
0.219424
0.226208
0.220896
0.220960
0.221184
0.230944
0.235392
0.234720
0.221184
0.219424
0.220320
0.220032
0.220672
0.219456
0.220576
0.219360
0.219584
0.219808
0.219232
0.220096
0.220640
0.219200
0.219520
0.219424
0.220896
0.241920
0.233728
0.226944
0.221280
0.221184
0.220032
0.224352
0.219776
0.220224
0.231520
0.221952
0.219808
0.219424
0.235392
0.220512
0.219552
0.220096
0.220448
0.219552
0.220416
0.219584
0.219648
0.219136
0.556896
0.452384
0.224160
0.220192
0.219552
0.220192
0.220576
0.219328
0.220160
0.219360
0.219648
0.219168
0.219872
0.219648
0.220576
0.220224
0.218944
0.219520
0.220192
0.218624
0.217280
0.218112
0.217600
0.216992
0.217504
0.218528
0.217312
0.217920
0.218496
0.217248
0.218080
0.217376
0.217504
0.218368
0.217792
0.218496
0.217216
0.218304
0.217280
0.217120
0.217344
0.217536
0.217152
0.217312
0.217536
0.217760
0.217152
0.217664
0.217568
0.217184
0.218080
0.218464
0.217600
0.217568
0.218144
0.217216
0.217280
0.217088
0.218336
0.217536
0.217536
0.217376
0.218080
0.217280
0.217248
0.218624
0.217632
0.217824
0.219136
0.483232
0.219840
0.219136
0.218496
0.217184
0.217440
0.217792
0.217632
0.217248
0.217344
0.217888
0.217568
0.218112
0.217728
0.217792
0.217472
0.217792
0.218688
0.217632
0.218080
0.217440
0.218304
0.218112
0.217280
0.217120
0.217312
0.217856
0.220640
0.219136
0.222528
0.227392
0.237984
0.219008
0.220736
0.218656
0.217184
0.217856
0.217568
0.218176
0.217536
0.217696
0.217280
0.217248
0.217440
0.217792
0.218208
0.217664
0.217312
0.217376
0.218080
0.217504
0.218016
0.217728
0.218656
0.217344
0.218176
0.218208
0.217472
0.217216
0.217984
0.217536
0.217568
0.217888
0.218656
0.217088
0.217408
0.217120
0.217856
0.335552
0.219200
0.217568
0.217888
0.217088
0.217504
0.217664
0.217408
0.218176
0.217600
0.217824
0.218336
0.217504
0.217344
0.217120
0.217376
0.217216
0.217504
0.217760
0.218400
0.217600
0.218464
0.217184
0.424704
0.436672
0.219232
0.218976
0.217600
0.219264
0.217824
0.218240
0.218272
0.217088
0.218656
0.218144
0.218272
0.217632
0.217216
0.217216
0.217472
0.217856
0.217440
0.217120
0.217376
0.217664
0.217504
0.217408
0.217184
0.217216
0.217056
0.217824
0.218336
0.218656
0.217152
0.217504
0.217152
0.218144
0.217920
0.218112
0.217728
0.217568
0.217408
0.217152
0.217248
0.218208
0.217440
0.217792
0.217440
0.217600
0.218656
0.476864
0.225152
0.219424
0.217408
0.218272
0.217696
0.218048
0.217472
0.218272
0.218432
0.219200
0.229120
0.217984
0.228352
0.225760
0.220512
0.219136
0.219136
0.217504
0.217280
0.218368
0.218432
0.217120
0.218464
0.217088
0.217696
0.217344
0.217632
0.217216
0.217344
0.217312
0.217248
0.242656
0.235552
0.219136
0.218048
0.217184
0.217280
0.217504
0.218080
0.217216
0.218208
0.217408
0.217440
0.217120
0.217760
0.218176
0.217440
0.217856
0.217632
0.217088
0.229376
0.218912
0.217216
0.217536
0.218208
0.217088
0.218496
0.218368
0.218912
0.218336
0.227584
0.218816
0.218688
0.217056
0.218208
0.217216
0.217088
0.217536
0.222560
0.219360
0.218048
0.224960
0.218816
0.218944
0.219232
0.218336
0.217824
0.369536
0.218016
0.217856
0.217696
0.217408
0.229824
0.218528
0.218560
0.217504
0.232256
0.217408
0.217184
0.217856
0.217312
0.218144
0.218816
0.217728
0.218432
0.217440
0.218112
0.217504
0.218048
0.217248
0.217152
0.217280
0.218528
0.223264
0.218048
0.217408
0.218560
0.217440
0.218336
0.218624
0.218144
0.217504
0.218528
0.464448
0.528160
0.218816
0.217280
0.227296
0.218368
0.217504
0.217312
0.217344
0.218528
0.219488
0.220512
0.218464
0.218656
0.218176
0.217728
0.217440
0.217632
0.218688
0.217536
0.217440
0.217312
0.217376
0.217920
0.217568
0.217088
0.217312
0.218560
0.217216
0.220000
0.219232
0.217760
0.219040
0.217344
0.217408
0.217856
0.217344
0.217728
0.217216
0.217376
0.217760
0.218528
0.217408
0.218560
0.217760
0.218080
0.217120
0.217088
0.217376
0.218240
0.217568
0.217568
0.217568
0.217504
0.217120
0.217760
0.218112
0.217760
0.218144
0.217472
0.217472
0.219424
0.219392
0.230400
0.220928
0.219680
0.217792
0.219232
0.217984
0.217920
0.217600
0.218176
0.217536
0.217248
0.217600
0.241248
0.218176
0.218464
0.217376
0.217504
0.217568
0.217088
0.217696
0.218304
0.217632
0.217312
0.217184
0.217088
0.217760
0.217568
0.218528
0.217408
0.222304
0.217952
0.217536
0.218112
0.217376
0.217280
0.218368
0.217952
0.245760
0.219136
0.335872
0.217760
0.217824
0.220576
0.223328
0.222912
0.221664
0.220960
0.225024
0.221184
0.221056
0.221184
0.223008
0.223008
0.218688
0.217312
0.217920
0.217440
0.217376
0.217920
0.217088
0.217344
0.218464
0.217472
0.217280
0.230624
0.219008
0.217440
0.218368
0.217184
0.218112
0.218848
0.217088
0.217440
0.217216
0.217568
0.218240
0.217600
0.218848
0.232128
0.219584
0.233376
0.216896
0.217248
0.216320
0.215584
0.215936
0.215296
0.215328
0.216192
0.215680
0.215520
0.216224
0.215520
0.392800
0.220480
0.495680
0.225120
0.216608
0.215360
0.216544
0.216192
0.215424
0.215392
0.215424
0.215936
0.474976
0.217088
0.217088
0.223936
0.216992
0.216224
0.215072
0.216000
0.219136
0.215200
0.216768
0.215520
0.215296
0.215488
0.215104
0.216736
0.218912
0.217088
0.216352
0.215392
0.215616
0.215776
0.216384
0.215360
0.216128
0.215872
0.223328
0.230208
0.215584
0.215808
0.215264
0.215904
0.216256
0.216096
0.215616
0.216224
0.215712
0.217088
0.217408
0.217120
0.225760
0.231648
0.231424
0.217984
0.217056
0.216608
0.215744
0.215456
0.215968
0.215104
0.215072
0.216544
0.215200
0.216224
0.215040
0.215296
0.215808
0.215328
0.232128
0.216832
0.216032
0.215488
0.216480
0.216544
0.215328
0.216128
0.215200
0.215552
0.216032
0.215264
0.215168
0.215424
0.216128
0.215136
0.215904
0.215392
0.215648
0.216192
0.215104
0.216544
0.226208
0.215680
0.215552
0.216160
0.216448
0.215392
0.216032
0.215104
0.215328
0.216352
0.215232
0.216032
0.215552
0.215584
0.215072
0.215840
0.215104
0.216096
0.215776
0.216416
0.215488
0.215584
0.216224
0.215424
0.216064
0.215680
0.215392
0.216224
0.215424
0.216416
0.216032
0.215456
0.215072
0.215424
0.216224
0.215584
0.237344
0.216288
0.215648
0.216448
0.215296
0.216000
0.216128
0.216256
0.215456
0.215456
0.215168
0.216448
0.215456
0.215456
0.215520
0.215840
0.216256
0.215264
0.215488
0.215776
0.215808
0.216448
0.215360
0.215488
0.215360
0.215744
0.217088
0.219168
0.219232
0.219392
0.219680
0.219264
0.219520
0.219264
0.219328
0.219360
0.229344
0.225184
0.338720
0.220768
0.220736
0.220064
0.219232
0.219136
0.219328
0.219296
0.219584
0.219392
0.219424
0.219200
0.218528
0.219520
0.219136
0.232384
0.226272
0.219616
0.219296
0.219136
0.219264
0.219264
0.219552
0.219232
0.219392
0.220064
0.219488
0.220128
0.219168
0.219616
0.219520
0.219840
0.226592
0.242944
0.221024
0.219584
0.225600
0.251424
0.243776
0.224320
0.222816
0.221184
0.220256
0.219872
0.219136
0.220000
0.220192
0.219488
0.219136
0.220672
0.241280
0.234720
0.219456
0.219296
0.219904
0.219328
0.219136
0.219840
0.219648
0.219616
0.219488
0.219136
0.220128
0.219776
0.221056
0.225120
0.221248
0.221088
0.219648
0.220672
0.392544
0.348384
0.233472
0.357952
0.221408
0.219616
0.219232
0.219840
0.219200
0.219936
0.219200
0.220224
0.225120
0.220832
0.219904
0.219104
0.219264
0.220064
0.219328
0.219488
0.219136
0.219424
0.219264
0.219840
0.220192
0.219936
0.219488
0.219392
0.219200
0.219616
0.220448
0.220768
0.220448
0.219584
0.220064
0.220512
0.219424
0.220096
0.219072
0.219392
0.219264
0.220224
0.219552
0.220544
0.220608
0.219392
0.219872
0.219616
0.220352
0.220224
0.219616
0.219552
0.219456
0.219648
0.219328
0.220064
0.219328
0.220160
0.219488
0.219296
0.219648
0.220160
0.480480
0.221984
0.221120
0.221056
0.220768
0.219264
0.220000
0.219488
0.219456
0.219296
0.219200
0.219328
0.219296
0.220480
0.219584
0.219296
0.219232
0.219520
0.219360
0.219136
0.219328
0.220448
0.219296
0.219520
0.219328
0.219936
0.220608
0.219264
0.219232
0.220544
0.219232
0.217536
0.217728
0.217920
0.217088
0.218496
0.217152
0.217760
0.217760
0.217088
0.218048
0.217536
0.218624
0.219392
0.219392
0.219424
0.219072
0.218784
0.218752
0.219008
0.217632
0.218656
0.217184
0.217728
0.218272
0.217216
0.218976
0.218144
0.218336
0.217792
0.217280
0.217344
0.217440
0.217792
0.217120
0.217984
0.217376
0.217664
0.217088
0.218240
0.219168
0.218112
0.217280
0.217856
0.218464
0.217504
0.217504
0.218208
0.217376
0.217088
0.217440
0.217344
0.217760
0.218240
0.227008
0.239584
0.217376
0.218272
0.217152
0.220000
0.217248
0.217248
0.218176
0.218496
0.217344
0.217152
0.217248
0.217408
0.217472
0.217344
0.217120
0.217568
0.218048
0.217280
0.217792
0.217728
0.217504
0.217216
0.218144
0.217472
0.217312
0.218016
0.217248
0.217344
0.218432
0.217568
0.217376
0.218016
0.217696
0.218272
0.217600
0.218304
0.217408
0.217440
0.217664
0.217056
0.217216
0.217472
0.217952
0.218656
0.217216
0.217632
0.218240
0.217728
0.217184
0.217440
0.217920
0.217472
0.217504
0.217248
0.218304
0.217536
0.218272
0.217376
0.217472
0.217088
0.218240
0.217568
0.217536
0.217504
0.217376
0.217152
0.217696
0.218784
0.217152
0.217792
0.217344
0.218496
0.333824
0.217504
0.217536
0.217440
0.217216
0.233216
0.218720
0.218400
0.217504
0.217216
0.217120
0.217184
0.217472
0.217440
0.393760
0.341632
0.354496
0.219424
0.218080
0.241504
0.237600
0.219968
0.219552
0.231296
0.235296
0.219136
0.218208
0.217280
0.217728
0.224800
0.233504
0.218624
0.218112
0.217600
0.217152
0.218048
0.217344
0.221664
0.235520
0.218368
0.217344
0.217824
0.217216
0.218304
0.217216
0.217472
0.217472
0.217760
0.217088
0.217312
0.217088
0.218464
0.217376
0.218176
0.217184
0.226848
0.477184
0.220800
0.219040
0.231424
0.218912
0.218112
0.217536
0.218240
0.217152
0.217344
0.217024
0.218368
0.217408
0.217408
0.226752
0.218592
0.217472
0.217632
0.217184
0.218592
0.217344
0.217536
0.217088
0.217312
0.217120
0.218144
0.217280
0.217408
0.217440
0.217408
0.217248
0.217120
0.217600
0.217568
0.217472
0.218720
0.217088
0.218272
0.217536
0.218176
0.217344
0.218112
0.217184
0.217216
0.217792
0.219136
0.218784
0.218176
0.217216
0.218048
0.217280
0.217664
0.217408
0.217888
0.217792
0.217472
0.217536
0.218176
0.218272
0.217472
0.217088
0.218048
0.217120
0.217728
0.217088
0.218304
0.217568
0.217408
0.218112
0.217696
0.217568
0.217472
0.217440
0.217344
0.217408
0.218048
0.217152
0.218144
0.217536
0.218400
0.217088
0.218016
0.218688
0.219456
0.219968
0.219456
0.219456
0.219328
0.219840
0.219616
0.237952
0.229088
0.219680
0.219872
0.219552
0.220000
0.219232
0.219360
0.219424
0.219744
0.219136
0.220672
0.219232
0.219488
0.219392
0.241664
0.220576
0.219360
0.219392
0.219232
0.220160
0.219616
0.219168
0.219392
0.220416
0.219264
0.219136
0.219296
0.219296
0.219712
0.220416
0.220896
0.221376
0.222304
0.219584
0.227936
0.240992
0.226848
0.220608
0.221184
0.219424
0.220576
0.219424
0.219360
0.220448
0.220256
0.219392
0.219328
0.219136
0.219776
0.219136
0.220576
0.220640
0.220160
0.219488
0.219136
0.219584
0.219264
0.219584
0.219136
0.219168
0.219808
0.219456
0.219136
0.219936
0.219552
0.219616
0.219264
0.220320
0.219648
0.219328
0.220192
0.238816
0.338656
0.220480
0.219520
0.219136
0.220864
0.219488
0.219616
0.219200
0.219168
0.220160
0.220224
0.219616
0.220224
0.219328
0.219712
0.219648
0.219264
0.220576
0.219168
0.219648
0.219520
0.219456
0.219264
0.219552
0.220704
0.219392
0.219520
0.370464
0.356864
0.221632
0.219904
0.220288
0.219584
0.221024
0.219712
0.220256
0.220448
0.219200
0.219904
0.219424
0.219200
0.219648
0.219200
0.220832
0.221312
0.235264
0.507776
0.223008
0.221632
0.221376
0.219232
0.219104
0.219648
0.219520
0.219264
0.220256
0.222336
0.220736
0.220480
0.219392
0.219456
0.220896
0.220800
0.219136
0.219488
0.219232
0.219456
0.219392
0.219808
0.235872
0.219776
0.219200
0.219168
0.219872
0.219168
0.219872
0.219776
0.220032
0.220544
0.229568
0.220864
0.220256
0.219584
0.220384
0.220352
0.219168
0.219424
0.219360
0.219136
0.220480
0.219360
0.219488
0.220224
0.219456
0.218240
0.217344
0.218336
0.217504
0.218080
0.218144
0.217504
0.217536
0.217088
0.217856
0.218560
0.218976
0.220192
0.218976
0.218144
0.217664
0.218240
0.217504
0.218144
0.218112
0.217536
0.217600
0.217664
0.217344
0.217376
0.218368
0.217312
0.217472
0.217120
0.218400
0.217408
0.217440
0.218336
0.217504
0.217376
0.217632
0.217440
0.217888
0.217728
0.218272
0.218912
0.217280
0.217888
0.217312
0.218336
0.217312
0.218272
0.217568
0.217824
0.218368
0.217664
0.217088
0.218144
0.217504
0.218016
0.218112
0.217472
0.217696
0.218464
0.217472
0.217472
0.217440
0.217824
0.217088
0.217952
0.217440
0.217088
0.218112
0.217664
0.217216
0.218272
0.217504
0.217088
0.217344
0.218784
0.217504
0.217760
0.218240
0.218144
0.217504
0.217088
0.217408
0.218144
0.217344
0.217888
0.217472
0.217536
0.218176
0.217472
0.217472
0.224896
0.338912
0.221152
0.219136
0.220672
0.219552
0.219456
0.219712
0.219360
0.219712
0.219424
0.220288
0.219136
0.220672
0.220128
0.219296
0.219296
0.219328
0.219456
0.219648
0.219296
0.219936
0.219264
0.220256
0.219520
0.219424
0.219680
0.220128
0.219552
0.219744
0.219616
0.219360
0.220192
0.219616
0.234464
0.220704
0.220032
0.220768
0.219264
0.219616
0.220320
0.219328
0.219264
0.220128
0.220320
0.219520
0.220256
0.219264
0.220672
0.221728
0.221184
0.220384
0.219648
0.219392
0.220160
0.219520
0.219840
0.219744
0.219200
0.220256
0.219488
0.219520
0.219584
0.219424
0.220672
0.220288
0.220288
0.221824
0.247040
0.228352
0.229152
0.220832
0.234752
0.221344
0.220544
0.220448
0.222304
0.219680
0.220224
0.218976
0.219136
0.219904
0.219840
0.219904
0.219520
0.219296
0.219136
0.219264
0.220416
0.219424
0.219840
0.220352
0.219136
0.220096
0.219648
0.219200
0.219200
0.220064
0.219712
0.219904
0.220480
0.219136
0.219104
0.339488
0.220736
0.219744
0.221024
0.221408
0.221472
0.220352
0.220896
0.220640
0.219424
0.219328
0.219712
0.219296
0.220128
0.220480
0.219520
0.220000
0.219520
0.219808
0.219232
0.220032
0.219808
0.219616
0.219744
0.219424
0.219744
0.219168
0.219808
0.219392
0.219520
0.219328
0.219584
0.219136
0.219488
0.219520
0.219680
0.220192
0.219488
0.245024
0.221152
0.219424
0.219296
0.219040
0.219712
0.219680
0.219232
0.372288
0.343840
0.356608
0.221184
0.219360
0.219776
0.220224
0.219584
0.219968
0.219456
0.219392
0.220192
0.219392
0.219552
0.219648
0.219840
0.219072
0.220192
0.219136
0.219520
0.220448
0.219904
0.219360
0.220416
0.219424
0.219392
0.219328
0.219136
0.219392
0.219680
0.219136
0.223232
0.219520
0.219552
0.219424
0.219808
0.219488
0.219520
0.220416
0.219392
0.221536
0.219584
0.219232
0.219584
0.219360
0.219200
0.220032
0.219552
0.219264
0.219296
0.219680
0.219168
0.219200
0.220096
0.219104
0.219488
0.220352
0.220032
0.219296
0.219584
0.234304
0.221280
0.226624
0.223232
0.240928
0.485376
0.221600
0.221920
0.219424
0.235872
0.220640
0.220448
0.219424
0.228704
0.221184
0.219776
0.219936
0.220832
0.219552
0.220736
0.219488
0.219488
0.219232
0.219680
0.219136
0.219648
0.219424
0.219552
0.219392
0.220448
0.219136
0.219488
0.219200
0.220576
0.219328
0.220160
0.219488
0.219296
0.219456
0.219360
0.229056
0.219360
0.220096
0.219488
0.219616
0.219168
0.219424
0.219392
0.220608
0.220192
0.219584
0.220064
0.219584
0.219744
0.219712
0.219136
0.219392
0.220000
0.219392
0.219264
0.219520
0.220288
0.219136
0.220032
0.219296
0.219328
0.219552
0.220256
0.219744
0.219136
0.219168
0.219488
0.219168
0.219360
0.219328
0.219136
0.220064
0.219456
0.219264
0.219328
0.219552
0.219264
0.219168
0.219456
0.220032
0.219616
0.219136
0.219744
0.219552
0.219520
0.220672
0.220160
0.220224
0.219648
0.220352
0.219552
0.219680
0.219136
0.220544
2238.662043
