0.113344
0.112096
0.113792
0.110176
0.112512
0.109952
0.113184
0.111808
0.110144
0.113888
0.111744
0.112160
0.106880
0.110400
0.111680
0.110240
0.111904
0.107232
0.108352
0.113312
0.110400
0.111968
0.107104
0.109984
0.110400
0.109376
0.113824
0.108064
0.106912
0.111104
0.108864
0.112032
0.106944
0.107360
0.128544
0.109280
0.112608
0.106976
0.112544
0.106560
0.109888
0.112064
0.110144
0.113664
0.107840
0.112544
0.106656
0.106624
0.110368
0.112832
0.112096
0.112064
0.109824
0.109216
0.107392
0.106144
0.112224
0.107648
0.112256
0.112256
0.109152
0.113216
0.106912
0.109632
0.111744
0.109696
0.113120
0.107232
0.113920
0.109184
0.107776
0.111840
0.107232
0.107296
0.110976
0.110048
0.108928
0.108544
0.111584
0.112064
0.107360
0.111904
0.111808
0.111008
0.111744
0.106752
0.108096
0.106368
0.111136
0.112192
0.107392
0.110400
0.109856
0.107680
0.112064
0.111936
0.111520
0.112800
0.109984
0.112576
0.108224
0.107328
0.113664
0.110240
0.112384
0.108128
0.113376
0.107680
0.111552
0.113024
0.110432
0.112864
0.107968
0.109824
0.113216
0.106912
0.116640
0.107392
0.110464
0.112992
0.114816
0.112768
0.107680
0.110656
0.107328
0.112640
0.111712
0.109696
0.109056
0.108928
0.112384
0.112032
0.110400
0.109088
0.107648
0.111040
0.112416
0.108128
0.108000
0.111008
0.106528
0.108256
0.111584
0.107264
0.112064
0.108256
0.111872
0.107040
0.112512
0.111360
0.110208
0.106464
0.110752
0.112896
0.113984
0.107264
0.106592
0.113216
0.106848
0.112096
0.107232
0.109664
0.107648
0.114176
0.112256
0.111296
0.111936
0.106752
0.109312
0.112096
0.112384
0.110528
0.106944
0.111520
0.110176
0.109920
0.109952
0.107488
0.110080
0.113728
0.110176
0.108224
0.107584
0.110624
0.112064
0.107680
0.107680
0.113152
0.112800
0.112352
0.109728
0.111488
0.107040
0.109696
0.112640
0.112448
0.110784
0.107264
0.110336
0.111040
0.110528
0.107296
0.112384
0.111744
0.110976
0.112768
0.106688
0.106624
0.112160
0.113120
0.107616
0.109856
0.112992
0.111776
0.112704
0.109664
0.107584
0.112672
0.112192
0.111936
0.149472
0.113408
0.113312
0.112576
0.112928
0.112224
0.119104
0.112096
0.112960
0.112832
0.111392
0.106688
0.107712
0.112512
0.113312
0.107392
0.106624
0.107552
0.109888
0.107744
0.109920
0.112640
0.110976
0.110400
0.107840
0.107232
0.113088
0.111712
0.112064
0.112704
0.110080
0.107168
0.107040
0.110496
0.107520
0.110624
0.112864
0.113184
0.112800
0.112096
0.111296
0.107776
0.108032
0.112448
0.110528
0.111424
0.113312
0.110752
0.106848
0.107488
0.108800
0.112992
0.108416
0.107456
0.108128
0.111520
0.107968
0.106880
0.107968
0.112128
0.111776
0.111904
0.107904
0.107456
0.111456
0.110432
0.112032
0.108256
0.113152
0.107872
0.110944
0.111488
0.107328
0.112128
0.112576
0.111392
0.112960
0.107968
0.108192
0.111968
0.111040
0.112992
0.113376
0.107360
0.112192
0.114080
0.107296
0.111360
0.108032
0.111072
0.113056
0.107168
0.119744
0.107424
0.107808
0.111392
0.111232
0.108960
0.110432
0.111264
0.109920
0.111488
0.113504
0.107936
0.107808
0.111520
0.112608
0.111904
0.110592
0.107488
0.108288
0.111904
0.111424
0.107136
0.111488
0.111808
0.111904
0.111680
0.112960
0.107584
0.110752
0.109952
0.108608
0.106624
0.123872
0.109984
0.109568
0.110080
0.111904
0.112224
0.109280
0.107328
0.107808
0.111264
0.107520
0.108064
0.110848
0.110560
0.112448
0.111648
0.109856
0.107296
0.111168
0.111712
0.109824
0.109312
0.110496
0.110880
0.110368
0.107264
0.109888
0.110624
0.107520
0.106880
0.112736
0.106496
0.112992
0.107232
0.110784
0.110112
0.111232
0.112544
0.106816
0.107072
0.111968
0.107360
0.107616
0.111200
0.110048
0.115360
0.113408
0.107200
0.107520
0.107200
0.112672
0.107648
0.111616
0.111040
0.109408
0.109632
0.109856
0.112320
0.111328
0.111232
0.111616
0.111840
0.107840
0.106336
0.107136
0.107360
0.107840
0.106976
0.106528
0.107776
0.108800
0.110144
0.110656
0.111520
0.107488
0.111072
0.112352
0.109824
0.108640
0.107296
0.108064
0.108032
0.111008
0.108032
0.112576
0.112384
0.106752
0.108160
0.108480
0.113312
0.112672
0.107712
0.108192
0.110784
0.113728
0.111840
0.109056
0.112160
0.112704
0.109632
0.106816
0.107392
0.106880
0.110944
0.112928
0.112832
0.107680
0.107008
0.109888
0.109248
0.112480
0.111296
0.107424
0.111744
0.112640
0.111936
0.109280
0.107904
0.109312
0.109632
0.112512
0.107808
0.108736
0.107360
0.112672
0.110176
0.107744
0.111264
0.107744
0.107232
0.107712
0.109632
0.107456
0.109792
0.106880
0.112416
0.112448
0.107648
0.116224
0.112352
0.107328
0.111296
0.107872
0.106048
0.107520
0.107072
0.107552
0.111232
0.111904
0.112480
0.106624
0.107392
0.106944
0.109856
0.109312
0.118560
0.108320
0.108992
0.112480
0.106400
0.107616
0.112224
0.107488
0.107424
0.112480
0.107264
0.112320
0.109824
0.109920
0.107712
0.107840
0.108064
0.111872
0.111008
0.107680
0.106400
0.107168
0.107424
0.107424
0.109600
0.106880
0.110656
0.112320
0.109760
0.107776
0.110560
0.107040
0.107648
0.107264
0.109440
0.113184
0.110144
0.107328
0.112576
0.107680
0.112416
0.106656
0.111072
0.107264
0.112576
0.107616
0.107360
0.110944
0.112032
0.112768
0.106880
0.108416
0.111744
0.107584
0.112512
0.110016
0.108192
0.106464
0.112544
0.109056
0.108992
0.111168
0.108544
0.112768
0.111680
0.110464
0.108640
0.110720
0.110208
0.113792
0.116096
0.115200
0.116384
0.112704
0.114112
0.111040
0.108128
0.107904
0.107808
0.107872
0.110720
0.107456
0.112128
0.110592
0.106816
0.113088
0.111136
0.112800
0.110144
0.106592
0.109408
0.108768
0.114976
0.110144
0.113536
0.108224
0.112224
0.107808
0.110080
0.112672
0.107328
0.108096
0.112480
0.111072
0.112480
0.106368
0.113280
0.106496
0.112448
0.112704
0.108160
0.107520
0.111712
0.112544
0.111904
0.112800
0.128256
0.107968
0.107840
0.109056
0.112704
0.108608
0.110496
0.110592
0.111904
0.107296
0.107744
0.112896
0.109696
0.110400
0.106368
0.107488
0.111648
0.107104
0.111392
0.110432
0.107008
0.106528
0.107424
0.111808
0.112608
0.109664
0.107328
0.114272
0.113120
0.108000
0.106400
0.107424
0.111232
0.107744
0.107296
0.112736
0.112288
0.111648
0.112320
0.107168
0.106880
0.107296
0.108064
0.109600
0.107392
0.112672
0.107008
0.107456
0.111616
0.113920
0.113312
0.111296
0.118464
0.110048
0.123328
0.110592
0.110400
0.107328
0.110880
0.107648
0.110560
0.112576
0.111808
0.112672
0.111104
0.112096
0.107392
0.111200
0.112064
0.110112
0.112992
0.107008
0.110848
0.111904
0.111296
0.112800
0.107360
0.109536
0.121856
0.110528
0.110240
0.112352
0.110144
0.107584
0.107264
0.111744
0.111680
0.106624
0.111072
0.114336
0.115232
0.115456
0.114912
0.115776
0.114880
0.311520
0.285856
0.118912
0.111648
0.114688
0.110784
0.110400
0.111424
0.116032
0.112864
0.110912
0.110944
0.117088
0.111040
0.115904
0.110176
0.115488
0.108832
0.110080
0.115488
0.116480
0.111808
0.114624
0.110816
0.114912
0.110656
0.115232
0.110496
0.116960
0.111360
0.115936
0.110144
0.115840
0.110752
0.111776
0.112448
0.117344
0.111360
0.111648
0.111936
0.113952
0.114272
0.117440
0.112192
0.117440
0.111680
0.112416
0.110304
0.112000
0.109888
0.110688
0.110176
0.116480
0.110912
0.115776
0.110656
0.115584
0.111552
0.114656
0.111168
0.111104
0.112064
0.113440
0.110048
0.115936
0.109568
0.115872
0.123584
0.120000
0.116736
0.110784
0.116928
0.109856
0.115040
0.111456
0.116960
0.112576
0.115776
0.110784
0.115008
0.108512
0.106624
0.112800
0.107232
0.112768
0.108608
0.108832
0.113344
0.106688
0.112288
0.112416
0.107680
0.107712
0.109088
0.111168
0.111936
0.109184
0.111040
0.107264
0.112032
0.111840
0.109632
0.114784
0.112704
0.111648
0.108928
0.107712
0.107328
0.107328
0.107840
0.107872
0.108000
0.113152
0.106304
0.112832
0.109344
0.109856
0.106720
0.118816
0.115616
0.106976
0.107392
0.112224
0.107648
0.107136
0.110560
0.109152
0.113696
0.112576
0.107072
0.107264
0.109408
0.113152
0.106912
0.112160
0.113568
0.107808
0.112384
0.110848
0.110592
0.107616
0.107008
0.112864
0.106304
0.113632
0.107520
0.107392
0.110656
0.107328
0.109696
0.111488
0.106912
0.113216
0.108320
0.107200
0.110016
0.107392
0.106848
0.112448
0.106784
0.109760
0.112736
0.108672
0.112448
0.107200
0.112544
0.111808
0.109888
0.112192
0.108320
0.112000
0.107488
0.107584
0.106944
0.107104
0.108512
0.112640
0.106752
0.112672
0.112992
0.107616
0.112480
0.106848
0.110080
0.111552
0.110464
0.114016
0.108640
0.111392
0.109536
0.107552
0.111328
0.107360
0.106176
0.112128
0.107776
0.112064
0.112672
0.106528
0.112864
0.106816
0.106784
0.112448
0.107936
0.110144
0.107072
0.107296
0.110944
0.107552
0.110240
0.112800
0.107648
0.110496
0.107808
0.110368
0.112768
0.109664
0.114784
0.108064
0.110208
0.113056
0.107904
0.113312
0.107008
0.111456
0.109312
0.107648
0.112608
0.115328
0.115616
0.117088
0.112672
0.106464
0.110464
0.111904
0.110944
0.112672
0.107648
0.108032
0.111456
0.107360
0.110048
0.123104
0.107136
0.112416
0.108448
0.112192
0.107648
0.107104
0.112128
0.107392
0.109952
0.107488
0.106880
0.111904
0.107392
0.112288
0.110912
0.110176
0.112160
0.107136
0.112448
0.109216
0.111296
0.111872
0.107584
0.107040
0.112288
0.107456
0.106944
0.109792
0.106464
0.110720
0.106336
0.109888
0.112096
0.107584
0.110304
0.111840
0.107552
0.110112
0.107264
0.110272
0.112576
0.107424
0.108000
0.112928
0.109216
0.112576
0.107296
110.858976
