0.142272
0.125216
0.120544
0.122528
0.118752
0.122048
0.127296
0.120736
0.120416
0.122912
0.120256
0.118944
0.122848
0.119968
0.127552
0.121152
0.119520
0.123616
0.124032
0.120032
0.123808
0.119648
0.120448
0.125728
0.119904
0.121216
0.125504
0.118624
0.123040
0.120128
0.120640
0.125408
0.124480
0.121120
0.124160
0.119808
0.119104
0.123520
0.125824
0.122496
0.122944
0.119136
0.124832
0.120352
0.122560
0.126336
0.120960
0.120544
0.125184
0.119712
0.124224
0.123968
0.122944
0.122304
0.120192
0.125760
0.124960
0.119456
0.120512
0.129152
0.126368
0.129024
0.120928
0.124832
0.119392
0.120224
0.124768
0.120160
0.125632
0.123104
0.119424
0.126560
0.120864
0.151584
0.129536
0.124800
0.121440
0.125248
0.122656
0.120448
0.124448
0.120096
0.120416
0.123520
0.118880
0.120416
0.123328
0.119808
0.120032
0.123648
0.121024
0.124640
0.119648
0.119680
0.123616
0.123200
0.120192
0.122976
0.128736
0.123104
0.124448
0.119968
0.123328
0.120704
0.119808
0.120512
0.126848
0.125056
0.124288
0.120352
0.124768
0.125312
0.120032
0.121600
0.127328
0.120000
0.123744
0.125408
0.122816
0.125824
0.120320
0.119712
0.120896
0.124640
0.123584
0.119648
0.124448
0.124384
0.120320
0.123264
0.125472
0.123264
0.119424
0.120512
0.122848
0.127296
0.120320
0.124512
0.123136
0.124608
0.119040
0.123808
0.125408
0.120832
0.125824
0.122464
0.126112
0.123584
0.120608
0.122912
0.130144
0.124928
0.128128
0.124128
0.120832
0.123456
0.124224
0.120032
0.126208
0.120768
0.119520
0.125248
0.120064
0.119840
0.125184
0.122144
0.122016
0.126880
0.119456
0.122880
0.120288
0.119360
0.123200
0.119552
0.120672
0.123712
0.120128
0.119936
0.124640
0.119808
0.118528
0.126176
0.120672
0.122208
0.125024
0.122528
0.120832
0.121888
0.119808
0.120224
0.126336
0.120736
0.125088
0.120608
0.119552
0.122624
0.122464
0.120000
0.120352
0.120032
0.120768
0.123808
0.120416
0.119328
0.122464
0.120352
0.120640
0.120192
0.122592
0.125376
0.119712
0.119648
0.119392
0.125568
0.120096
0.125856
0.120096
0.119328
0.125568
0.119648
0.125088
0.122560
0.119936
0.124384
0.120352
0.120192
0.122496
0.121440
0.121376
0.125376
0.120672
0.120256
0.125088
0.119712
0.120544
0.124832
0.120192
0.125312
0.125248
0.123008
0.124352
0.129216
0.125280
0.124064
0.119808
0.124448
0.119392
0.122688
0.119136
0.118560
0.120288
0.123936
0.122944
0.119648
0.122816
0.120608
0.120416
0.121920
0.119168
0.120480
0.124096
0.120032
0.123456
0.120352
0.119968
0.123488
0.121024
0.118496
0.126272
0.122336
0.120256
0.125920
0.119808
0.125376
0.120512
0.119744
0.121184
0.124032
0.120288
0.122080
0.119936
0.119776
0.136288
0.128736
0.119456
0.124896
0.119776
0.124672
0.120256
0.120192
0.125184
0.125696
0.121024
0.124800
0.120256
0.124288
0.123456
0.119744
0.125120
0.123520
0.120448
0.123392
0.124832
0.123200
0.122720
0.120928
0.124480
0.120704
0.118720
0.122944
0.119776
0.120448
0.119936
0.121504
0.120960
0.123936
0.124416
0.123584
0.120352
0.120000
0.123488
0.120544
0.122560
0.122432
0.119264
0.123808
0.122464
0.124128
0.120608
0.119648
0.124384
0.124928
0.130112
0.124448
0.122240
0.124768
0.122464
0.119904
0.122880
0.125120
0.119488
0.121088
0.120416
0.121760
0.124256
0.120096
0.120704
0.125088
0.119360
0.124512
0.126656
0.120576
0.124928
0.123040
0.124960
0.125088
0.122016
0.124480
0.120480
0.119584
0.124224
0.119328
0.120128
0.124000
0.121472
0.120064
0.125824
0.123104
0.123360
0.122208
0.124256
0.125216
0.122880
0.125696
0.125408
0.122048
0.122976
0.121056
0.124832
0.119296
0.119904
0.125856
0.120448
0.119840
0.119936
0.125056
0.123424
0.120096
0.124000
0.126272
0.122912
0.121952
0.124672
0.119488
0.120288
0.123936
0.123904
0.120640
0.123008
0.123072
0.125824
0.120160
0.124032
0.124320
0.119552
0.125600
0.125280
0.119776
0.125248
0.119776
0.120800
0.125408
0.120704
0.119712
0.125344
0.120160
0.132128
0.120288
0.119232
0.125280
0.117024
0.123488
0.124736
0.120864
0.124256
0.117344
0.118880
0.122592
0.117920
0.117504
0.123744
0.117888
0.117216
0.123936
0.117792
0.118464
0.123072
0.117856
0.118656
0.123104
0.121472
0.129472
0.118560
0.117152
0.122880
0.117568
0.118240
0.123968
0.117184
0.118144
0.123872
0.117728
0.117120
0.123424
0.121888
0.123776
0.117216
0.121856
0.124256
0.117728
0.118080
0.123072
0.118240
0.117440
0.123040
0.117856
0.120672
0.122624
0.120160
0.121920
0.117888
0.118400
0.123424
0.117056
0.137952
0.117024
0.119744
0.122944
0.117728
0.120288
0.124736
0.118944
0.120704
0.123200
0.119680
0.117568
0.118496
0.118720
0.122688
0.117952
0.118912
0.121856
0.117152
0.118240
0.124832
0.118624
0.121376
0.123456
0.117792
0.121920
0.120896
0.118080
0.123808
0.118144
0.128704
0.117792
0.118848
0.121920
0.121152
0.122432
0.124096
0.118336
0.118240
0.123520
0.117920
0.117728
0.122080
0.117664
0.118336
0.124224
0.117888
0.118624
0.118048
0.116672
0.117920
0.123456
0.118144
0.118272
0.124640
0.118080
0.121856
0.117568
0.116896
0.123712
0.122432
0.122176
0.123648
0.117152
0.121536
0.123872
0.120832
0.123648
0.119360
0.121568
0.122752
0.117952
0.123232
0.117856
0.116992
0.120928
0.117920
0.118784
0.120672
0.121600
0.121280
0.122368
0.117344
0.123200
0.126336
0.121984
0.125280
0.120224
0.126272
0.120992
0.122016
0.125056
0.125888
0.132928
0.120288
0.119232
0.125280
0.124896
0.119616
0.122880
0.119264
0.122528
0.120000
0.123296
0.110432
0.111552
0.111872
0.159552
0.114784
0.117440
0.109696
0.113376
0.115136
0.108064
0.113888
0.109152
0.109792
0.118080
0.108704
0.122592
0.110688
0.117664
0.109120
0.120736
0.109120
0.109536
0.109088
0.108192
0.113792
0.114272
0.111808
0.109312
0.109632
0.108992
0.110496
0.109600
0.113088
0.113280
0.111744
0.114272
0.110016
0.114048
0.112992
0.113184
0.114304
0.110432
0.111968
0.114016
0.112608
0.114272
0.109280
0.113792
0.108544
0.108928
0.113056
0.111328
0.109440
0.114624
0.108256
0.113504
0.109280
0.107968
0.109024
0.108992
0.109632
0.112224
0.119584
0.112896
0.113920
0.112736
0.110048
0.108640
0.112704
0.114912
0.111808
0.113376
0.108672
0.112160
0.114240
0.112576
0.108992
0.109472
0.113056
0.115328
0.108512
0.112224
0.113536
0.114720
0.110624
0.114240
0.110688
0.109088
0.115168
0.108480
0.113504
0.113568
0.122048
0.114880
0.110816
0.114304
0.108608
0.113632
0.108384
0.109248
0.114048
0.109280
0.114144
0.109440
0.109952
0.113216
0.108608
0.112064
0.114368
0.108736
0.114208
0.109888
0.109760
0.108704
0.108032
0.111168
0.111456
0.109248
0.116672
0.108672
0.109760
0.113280
0.109120
0.113504
0.109632
0.108256
0.113568
0.109792
0.108640
0.114016
0.107680
0.113472
0.108960
0.108672
0.113920
0.108608
0.109600
0.113088
0.108800
0.124320
0.115296
0.114624
0.108768
0.108864
0.113344
0.109344
0.113536
0.109344
0.109088
0.114368
0.108832
0.110368
0.114112
0.108352
0.113632
0.109184
0.109440
0.114496
0.108576
0.113536
0.109280
0.109120
0.113216
0.109184
0.108800
0.113728
0.108608
0.108128
0.109920
0.107936
0.109344
0.108672
0.109216
0.108480
0.109312
0.108960
0.108256
0.109408
0.108832
0.114656
0.109408
0.108544
0.113408
0.108032
0.110080
0.113280
0.110912
0.113792
0.109408
0.112672
0.114816
0.110368
0.113792
0.109600
0.108512
0.114688
0.109024
0.114016
0.109152
0.108512
0.114432
0.107808
0.110176
0.109952
0.114016
0.112192
0.109600
0.114176
0.109184
0.109280
0.110336
0.110112
0.115008
0.114048
0.108768
0.113216
0.109376
0.112320
0.112224
0.109984
0.115136
0.109440
0.113824
0.108352
0.108000
0.113184
0.107296
0.114368
0.116416
0.108832
0.113120
0.107936
0.112640
0.108096
0.111680
0.112384
0.117056
0.109632
0.111904
0.109248
0.107968
0.114400
0.109216
0.111200
0.115488
0.109728
0.114752
0.111200
0.112832
0.111712
0.112288
0.114560
0.110656
0.115552
0.108992
0.114976
0.113632
0.109280
0.113376
0.112416
0.114784
0.110208
0.109312
0.114144
0.109472
0.111328
0.108608
0.111968
0.112288
0.120256
0.114560
0.109120
0.108640
0.114336
0.108512
0.108672
0.114368
0.109184
0.114144
0.109824
0.109856
0.113248
0.108928
0.108992
0.109984
0.126592
0.109760
0.109184
0.111872
0.111776
0.111680
0.113632
0.109312
0.108928
0.118880
0.108416
0.113952
0.110624
0.109024
0.117696
0.110336
0.114016
0.108736
0.117408
0.108608
0.123936
0.107840
0.110592
0.109408
0.108640
0.108512
0.108736
0.109664
0.107936
0.111296
0.111744
0.113824
0.109184
0.108896
0.109024
0.108800
0.117696
0.111424
0.113472
0.113152
0.108736
0.108000
0.114048
0.114624
0.126560
0.109888
0.114016
0.112128
0.108480
0.111040
0.113728
0.115008
0.113632
0.111264
0.108576
0.112800
0.114400
0.108928
0.108832
0.109664
0.113248
0.114368
0.108512
0.109152
0.113216
0.114176
0.109248
0.108064
0.112608
0.108224
0.109184
0.109632
0.113632
0.108992
0.107904
0.114304
0.112576
0.108864
0.109280
0.109280
0.114656
0.108704
0.108704
0.110880
0.113024
0.108576
0.108992
0.114432
0.109024
0.109568
0.108320
0.113824
0.113088
0.108864
0.109472
0.113728
0.113984
0.108832
0.108544
0.113216
0.113632
0.108384
0.112224
0.113760
0.112256
0.112704
0.111744
0.109344
0.111104
0.113568
0.115168
0.109600
0.111872
0.112704
0.110848
0.113952
0.113152
0.111680
0.109504
0.111328
0.114176
0.109120
0.108704
0.111968
0.111232
0.112672
0.109312
0.110304
0.112704
0.111680
0.112256
0.108448
0.112064
0.113856
0.111936
0.111584
0.109824
117.695712
