0.119936
0.114240
0.113440
0.109216
0.108352
0.109632
0.113568
0.113568
0.108896
0.108896
0.113664
0.111904
0.111712
0.109152
0.114240
0.113184
0.113248
0.113536
0.108032
0.109824
0.113408
0.109120
0.112288
0.108224
0.114240
0.111968
0.109408
0.110944
0.109152
0.112800
0.115008
0.110272
0.112512
0.109312
0.113792
0.113152
0.109088
0.109536
0.112288
0.108480
0.114720
0.108640
0.113536
0.108768
0.112768
0.113984
0.113952
0.114464
0.109248
0.109664
0.111232
0.110656
0.114688
0.110240
0.114016
0.113632
0.111776
0.113632
0.109728
0.108448
0.113792
0.110144
0.114912
0.111520
0.120000
0.109632
0.114624
0.110432
0.110304
0.112256
0.108576
0.112416
0.114720
0.108256
0.114816
0.108800
0.113952
0.113600
0.108768
0.113728
0.108192
0.113952
0.111264
0.109184
0.113088
0.109696
0.111232
0.112640
0.108832
0.113216
0.109344
0.108512
0.113568
0.108736
0.112960
0.113152
0.108192
0.113792
0.108800
0.113152
0.111712
0.108512
0.109024
0.108032
0.108992
0.112704
0.109792
0.109248
0.113568
0.112544
0.113568
0.109152
0.110816
0.113760
0.109024
0.114560
0.109600
0.108736
0.113504
0.108320
0.109184
0.112320
0.109088
0.113440
0.112640
0.110208
0.113760
0.109216
0.112064
0.114336
0.111552
0.113664
0.114336
0.111520
0.112704
0.108192
0.113632
0.111936
0.112736
0.129024
0.112640
0.114304
0.113824
0.108704
0.108352
0.110400
0.109152
0.112448
0.109184
0.109120
0.108800
0.107680
0.109184
0.108224
0.108800
0.108864
0.109248
0.109216
0.112384
0.109280
0.107968
0.112640
0.110688
0.111552
0.113472
0.113856
0.114848
0.110336
0.113728
0.107904
0.113120
0.113600
0.109984
0.109728
0.110080
0.112896
0.112320
0.108416
0.112896
0.115232
0.112992
0.114720
0.114016
0.113248
0.113856
0.108032
0.109056
0.112768
0.113344
0.113760
0.112736
0.108960
0.108192
0.113152
0.110048
0.112800
0.112512
0.113568
0.113696
0.109664
0.111392
0.107744
0.113504
0.112768
0.112736
0.112416
0.121856
0.109088
0.108032
0.113696
0.109248
0.113280
0.110208
0.111968
0.113344
0.111936
0.113984
0.108736
0.113376
0.109088
0.110720
0.109216
0.113056
0.112736
0.111104
0.111136
0.111168
0.113408
0.113312
0.123648
0.111680
0.114528
0.123456
0.113888
0.111360
0.112576
0.108672
0.109248
0.114176
0.115456
0.113376
0.112000
0.107520
0.114144
0.109600
0.111328
0.108608
0.108864
0.113632
0.111584
0.111136
0.113984
0.109312
0.113088
0.108800
0.109408
0.113216
0.109600
0.108320
0.112512
0.108800
0.112512
0.109376
0.112224
0.114176
0.108512
0.113856
0.108704
0.113728
0.113472
0.108864
0.114272
0.108448
0.111968
0.113152
0.109024
0.113408
0.109216
0.112096
0.108064
0.119264
0.108960
0.108928
0.108416
0.108608
0.111136
0.113728
0.108992
0.113056
0.109152
0.108544
0.113216
0.108096
0.109120
0.113440
0.108704
0.111392
0.112576
0.110144
0.113632
0.109120
0.113280
0.109120
0.109024
0.112672
0.109536
0.112704
0.113952
0.109184
0.113632
0.109440
0.108032
0.113408
0.107584
0.115136
0.108416
0.113376
0.114432
0.108992
0.110752
0.111840
0.108512
0.112928
0.113536
0.113728
0.113920
0.109632
0.112992
0.113184
0.113088
0.112992
0.113888
0.113920
0.109536
0.113408
0.108448
0.111232
0.113472
0.111968
0.114176
0.108928
0.113984
0.108544
0.113184
0.115616
0.116672
0.114400
0.118464
0.114816
0.112512
0.114272
0.113280
0.112928
0.109952
0.114528
0.109760
0.113568
0.114272
0.111232
0.112416
0.108960
0.112576
0.110400
0.114208
0.113216
0.108800
0.113344
0.108800
0.107648
0.124256
0.107904
0.114720
0.108768
0.121472
0.109408
0.108352
0.109600
0.107872
0.108352
0.111520
0.111712
0.114784
0.109824
0.109184
0.109024
0.108640
0.113824
0.113280
0.112896
0.113632
0.111040
0.113440
0.108832
0.110880
0.112096
0.109312
0.121504
0.108672
0.114080
0.109024
0.114208
0.113760
0.108000
0.113408
0.111296
0.112416
0.109216
0.107904
0.113184
0.110560
0.110688
0.112256
0.108992
0.113248
0.110336
0.109536
0.113888
0.110592
0.112736
0.113952
0.108448
0.113920
0.109440
0.112448
0.112352
0.108160
0.108704
0.110880
0.112128
0.109312
0.109056
0.113824
0.111744
0.109568
0.112768
0.108576
0.108896
0.113152
0.109504
0.116480
0.109536
0.109664
0.109280
0.109248
0.108736
0.112672
0.110688
0.109440
0.110080
0.110112
0.113504
0.111200
0.117280
0.113888
0.117312
0.112704
0.115456
0.113472
0.116672
0.112320
0.116064
0.114112
0.116576
0.114624
0.113952
0.109408
0.108352
0.112800
0.113600
0.109184
0.125248
0.114720
0.114848
0.110816
0.109408
0.114176
0.114656
0.109248
0.108768
0.110208
0.110144
0.115104
0.107712
0.113696
0.113440
0.112480
0.114400
0.108480
0.109536
0.112896
0.109568
0.111360
0.116576
0.111232
0.110496
0.111392
0.113632
0.109504
0.112064
0.108352
0.109536
0.110208
0.108256
0.108288
0.132832
0.114368
0.108992
0.110240
0.114336
0.109376
0.113856
0.109184
0.108032
0.114656
0.110080
0.112768
0.109184
0.114048
0.113632
0.108640
0.113792
0.108128
0.109888
0.113248
0.109728
0.113536
0.109152
0.116736
0.114080
0.109184
0.118528
0.109216
0.111584
0.109664
0.109056
0.112032
0.109120
0.110400
0.111040
0.109920
0.113920
0.108672
0.109344
0.113120
0.108288
0.111232
0.114144
0.110176
0.114240
0.108928
0.110592
0.112960
0.110272
0.108224
0.120576
0.114496
0.109440
0.109984
0.115232
0.111584
0.113984
0.109248
0.113440
0.117888
0.113600
0.114304
0.110688
0.110112
0.109120
0.111520
0.114080
0.112448
0.114752
0.109312
0.109216
0.113696
0.113184
0.109088
0.111136
0.113760
0.113920
0.114016
0.108992
0.111392
0.109440
0.112544
0.113952
0.110176
0.115968
0.108960
0.109184
0.114048
0.113120
0.108864
0.109920
0.109216
0.111616
0.114560
0.109440
0.113600
0.109952
0.113312
0.110464
0.109088
0.109696
0.111680
0.108864
0.112416
0.108800
0.114144
0.112128
0.114016
0.108608
0.109472
0.113792
0.108640
0.109280
0.108160
0.108256
0.111712
0.109248
0.109632
0.111936
0.111456
0.113248
0.109312
0.108064
0.111680
0.109632
0.108512
0.109024
0.108640
0.112768
0.112288
0.109440
0.111584
0.111968
0.113216
0.109472
0.110176
0.108448
0.112800
0.112192
0.109312
0.109152
0.110816
0.109056
0.114400
0.111936
0.110368
0.111808
0.112544
0.121952
0.114336
0.118464
0.109184
0.112960
0.112256
0.112928
0.111008
0.108544
0.113216
0.109184
0.113344
0.109664
0.110944
0.112992
0.108800
0.112960
0.109056
0.109056
0.109440
0.109696
0.111968
0.109728
0.114240
0.113728
0.113216
0.113216
0.109600
0.120032
0.113376
0.114048
0.112928
0.109664
0.112000
0.108704
0.113280
0.112608
0.109312
0.110752
0.108160
0.113824
0.110560
0.129728
0.108960
0.113280
0.110176
0.108608
0.108480
0.113504
0.108512
0.114176
0.108640
0.112256
0.112224
0.108576
0.113728
0.108768
0.108032
0.110496
0.106816
0.110112
0.112288
0.108640
0.111872
0.107296
0.107968
0.111552
0.108160
0.107328
0.109920
0.106976
0.112576
0.113184
0.107936
0.114528
0.110048
0.109600
0.108384
0.112864
0.108288
0.108032
0.113056
0.107616
0.107872
0.106496
0.108096
0.113248
0.108000
0.110528
0.111008
0.107392
0.112448
0.112608
0.109952
0.113152
0.107712
0.113152
0.107840
0.110016
0.112480
0.107456
0.110560
0.109344
0.107616
0.112832
0.107936
0.107680
0.111808
0.107584
0.106880
0.112704
0.106976
0.112896
0.107936
0.111328
0.112928
0.106432
0.112256
0.106880
0.109888
0.112768
0.107744
0.110464
0.106592
0.107936
0.111424
0.108192
0.107264
0.112064
0.107936
0.109248
0.112608
0.106720
0.112256
0.123488
0.111488
0.107520
0.107872
0.113344
0.107840
0.110976
0.106816
0.107168
0.111104
0.107680
0.109664
0.118272
0.108064
0.112000
0.107264
0.108160
0.112384
0.107072
0.108000
0.112736
0.107424
0.112480
0.107008
0.107328
0.112160
0.108032
0.110528
0.108416
0.108448
0.116768
0.108160
0.108480
0.107616
0.107328
0.107456
0.107264
0.106848
0.111584
0.110304
0.107360
0.111776
0.107648
0.107072
0.112896
0.107456
0.123488
0.111520
0.110912
0.107744
0.108032
0.112480
0.108032
0.106400
0.113184
0.109024
0.112736
0.107808
0.107776
0.112544
0.107360
0.107360
0.112800
0.108640
0.111776
0.107584
0.107680
0.113184
0.110112
0.111456
0.107168
0.107616
0.113376
0.111488
0.112448
0.107520
0.107776
0.113120
0.106816
0.107616
0.112192
0.109504
0.112576
0.107680
0.108416
0.112608
0.107264
0.111488
0.107616
0.107680
0.113376
0.112448
0.112352
0.107040
0.108256
0.112672
0.106752
0.107872
0.107904
0.107488
0.111872
0.112352
0.108544
0.111456
0.108160
0.112768
0.108416
0.107712
0.112800
0.110752
0.112384
0.107296
0.107104
0.112864
0.108608
0.112768
0.107424
0.106816
0.112736
0.111776
0.112224
0.110720
0.108192
0.113760
0.110016
0.112096
0.107104
0.107424
0.111808
0.106976
0.107264
0.113248
0.111008
0.107168
0.110176
0.108896
0.112032
0.107264
0.127936
0.107968
0.113024
0.110272
0.111840
0.107200
0.109760
0.112640
0.107424
0.110880
0.108192
0.106688
0.112032
0.106720
0.107840
0.112928
0.110176
0.112704
0.111200
0.107616
0.112096
0.109088
0.111552
0.107040
0.107840
0.112768
0.110656
0.112832
0.107776
0.109440
0.112416
0.107360
0.107296
0.113120
0.110624
0.112352
0.106944
0.110944
0.112448
0.107008
0.110656
0.106976
0.107392
0.111264
0.108096
0.107104
0.112672
0.107520
0.107680
0.112832
0.107552
0.112576
0.118272
0.126048
0.111040
0.116672
0.110816
0.114368
0.108448
0.113792
0.110208
0.109216
0.107904
0.107072
0.112416
0.111296
0.108512
0.112640
0.107584
0.112960
0.109120
0.107360
0.112288
0.107872
0.107936
0.111840
111.206112
