0.112768
0.114144
0.108832
0.112992
0.107648
0.107712
0.113120
0.106560
0.112000
0.109824
0.120416
0.112480
0.107712
0.112864
0.107264
0.113024
0.110240
0.107648
0.111776
0.107680
0.113248
0.111936
0.109120
0.109152
0.111200
0.111552
0.115904
0.111040
0.114464
0.112768
0.112320
0.112512
0.106432
0.112960
0.107968
0.112640
0.107488
0.119680
0.124224
0.111648
0.112544
0.110624
0.112256
0.112384
0.113216
0.107456
0.111840
0.108608
0.110880
0.110848
0.106976
0.112992
0.115296
0.112352
0.110272
0.106880
0.109696
0.106720
0.108256
0.110944
0.110880
0.108416
0.107744
0.112224
0.111808
0.107200
0.107936
0.107328
0.113184
0.111008
0.113664
0.110112
0.107776
0.112000
0.112096
0.111968
0.113056
0.108000
0.111776
0.107872
0.111584
0.112640
0.109440
0.107552
0.107008
0.112896
0.112960
0.107072
0.113408
0.106336
0.112576
0.107392
0.107072
0.111808
0.106880
0.112192
0.106304
0.107040
0.112416
0.112736
0.107584
0.107424
0.113312
0.113120
0.109728
0.106592
0.107424
0.112352
0.112640
0.111904
0.110336
0.107872
0.109856
0.112576
0.111456
0.107712
0.107232
0.111744
0.112736
0.113184
0.113856
0.111968
0.107424
0.107200
0.113152
0.112800
0.107200
0.107520
0.112928
0.112096
0.112448
0.109248
0.107456
0.112960
0.112160
0.112512
0.114464
0.116192
0.115200
0.117248
0.114560
0.111552
0.113632
0.112672
0.112384
1.379328
0.116224
0.114432
0.113472
0.697824
0.113280
0.107424
0.113216
0.107200
0.113120
0.107392
0.107264
0.112672
0.112544
0.113728
0.107680
0.107424
0.108736
0.112736
0.112576
0.111264
0.108768
0.106880
0.107360
0.107136
0.109312
0.123296
0.107680
0.107104
0.112256
0.110592
0.106880
0.112320
0.109824
0.108320
0.107200
0.112544
0.107264
0.106560
0.112352
0.106592
0.107424
0.112576
0.107744
0.107072
0.107648
0.107968
0.107072
0.107776
0.107520
0.113600
0.109376
0.106976
0.107776
0.106816
0.108480
0.107008
0.107840
0.109856
0.107328
0.107520
0.111968
0.107616
0.106176
0.113568
0.107616
0.112640
0.116928
0.115552
0.108512
0.106624
0.112064
0.106912
0.107648
0.107648
0.108224
0.108128
0.106976
0.107264
0.106752
0.107520
0.107712
0.107456
0.107904
0.107616
0.119648
0.106944
0.107392
0.112160
0.107456
0.112864
0.107872
0.107008
0.112160
0.107712
0.109344
0.107136
0.107040
0.113216
0.109920
0.107104
0.114240
0.109312
0.113088
0.109792
0.107392
0.112544
0.109664
0.113984
0.109632
0.108256
0.112192
0.108000
0.112704
0.110176
0.107808
0.112288
0.108416
0.106848
0.107680
0.106784
0.112608
0.107072
0.106848
0.112288
0.107712
0.108288
0.112096
0.107264
0.112448
0.109152
0.107744
0.112480
0.107872
0.111296
0.108864
0.108896
0.112768
0.107040
0.111968
0.107360
0.106752
0.112512
0.109728
0.110048
0.108096
0.107520
0.112000
0.107392
0.107552
0.112576
0.107488
0.107456
0.109664
0.107552
0.112320
0.107328
0.106400
0.112160
0.106368
0.107328
0.113312
0.111232
0.112320
0.107776
0.107840
0.111648
0.107648
0.106688
0.114048
0.110912
0.107840
0.107424
0.111328
0.107104
0.106720
0.112608
0.107232
0.107520
0.113536
0.107072
0.109728
0.107008
0.108896
0.111488
0.110880
0.108448
0.108320
0.107968
0.111744
0.107424
0.106464
0.112736
0.107968
0.108224
0.113312
0.107328
0.112768
0.109920
0.107264
0.111936
0.107744
0.111264
0.107776
0.110656
0.112288
0.109984
0.111552
0.110560
0.107744
0.112512
0.107392
0.107744
0.107584
0.106592
0.107264
0.106784
0.108064
0.107360
0.107072
0.107712
0.112096
0.109376
0.106208
0.112448
0.108160
0.107936
0.107552
0.108736
0.107968
0.107360
0.107488
0.106784
0.107712
0.107776
0.112064
0.109984
0.112576
0.107808
0.106880
0.107296
0.109792
0.107168
0.108704
0.107040
0.108160
0.112032
0.107776
0.106624
0.112512
0.108032
0.116960
0.107040
0.106848
0.112320
0.107360
0.107552
0.107392
0.107360
0.107232
0.111936
0.107584
0.112000
0.107584
0.107072
0.126656
0.107328
0.112832
0.107456
0.113248
0.107328
0.110688
0.112960
0.107232
0.115904
0.107264
0.107040
0.112768
0.111232
0.110528
0.106720
0.110912
0.112032
0.110592
0.107008
0.108512
0.107680
0.106624
0.108704
0.107392
0.112736
0.110016
0.107520
0.113024
0.106656
0.107392
0.111808
0.107776
0.113312
0.106880
0.107488
0.111840
0.108160
0.106784
0.111648
0.112032
0.112832
0.110048
0.107520
0.107488
0.106688
0.107840
0.107200
0.107168
0.107040
0.109920
0.111328
0.110304
0.110816
0.114880
0.108320
0.107584
0.109792
0.107392
0.112544
0.110560
0.106688
0.112448
0.106432
0.112960
0.108928
0.107648
0.111296
0.108800
0.107392
0.111456
0.107584
0.111872
0.108864
0.107840
0.112256
0.110912
0.106784
0.108672
0.106560
0.108000
0.253344
0.111936
0.112320
0.106848
0.107904
0.111104
0.107776
0.112448
0.111072
0.107872
0.111008
0.108256
0.111488
0.113440
0.107136
0.108256
0.107424
0.112160
0.108288
0.107328
0.108032
0.106560
0.106912
0.108000
0.107552
0.110784
0.112704
0.107520
0.111936
0.108288
0.106240
0.111552
0.106880
0.112128
0.110976
0.118688
0.107584
0.106752
0.111200
0.111168
0.107392
0.111200
0.110592
0.112864
0.106560
0.107040
0.106624
0.107616
0.110464
0.107328
0.107072
0.106880
0.107584
0.106496
0.112544
0.109920
0.110208
0.111520
0.110272
0.110144
0.106976
0.108064
0.111264
0.107904
0.106752
0.107424
0.113600
0.110976
0.112576
0.106912
0.112416
0.107488
0.107424
0.107360
0.108352
0.112544
0.111872
0.107520
0.111744
0.107456
0.107648
0.107584
0.107136
0.107072
0.111968
0.107008
0.111808
0.112096
0.108576
0.107264
0.107520
0.113216
0.110944
0.107040
0.111328
0.111552
0.112160
0.108288
0.107040
0.112032
0.110400
0.119008
0.106816
0.109984
0.108640
0.111040
0.111136
0.107552
0.111488
0.107808
0.106112
0.112064
0.107744
0.107424
0.110624
0.107264
0.112320
0.111488
0.107648
0.113760
0.108192
0.112640
0.106976
0.107616
0.111488
0.112512
0.109664
0.112736
0.107744
0.107200
0.111296
0.106912
0.107360
0.108608
0.111936
0.107104
0.116096
0.107744
0.110432
0.112576
0.112736
0.109888
0.109024
0.107552
0.112384
0.112352
0.107072
0.107232
0.107520
0.108864
0.107872
0.107168
0.107936
0.109984
0.108160
0.112000
0.109664
0.107328
0.111456
0.107712
0.107200
0.107744
0.107200
0.106656
0.107264
0.106368
0.107744
0.106944
0.110496
0.111776
0.112064
0.113120
0.111616
0.111808
0.111840
0.108032
0.107456
0.111648
0.112512
0.112224
0.108128
0.109856
0.108192
0.107488
0.108192
0.111552
0.112224
0.123424
0.111616
0.108064
0.106624
0.109152
0.107296
0.107744
0.109824
0.112608
0.111008
0.106464
0.107232
0.112448
0.112000
0.111936
0.111520
0.110176
0.107488
0.107648
0.106176
0.112064
0.112128
0.111808
0.112064
0.106464
0.112256
0.110080
0.111776
0.112192
0.107424
0.107232
0.111616
0.112000
0.111584
0.107840
0.111520
0.108544
0.112352
0.112352
0.107488
0.110464
0.107488
0.107168
0.107872
0.107264
0.111424
0.108320
0.107008
0.112448
0.111712
0.110720
0.106560
0.107488
0.110272
0.110496
0.107360
0.111904
0.111968
0.106496
0.108320
0.120672
0.112960
0.128704
0.112032
0.112096
0.112352
0.107456
0.116928
0.108032
0.112192
0.110624
0.107040
0.107104
0.112160
0.110400
0.107232
0.112544
0.113024
0.111936
0.112384
0.107200
0.110528
0.107744
0.106432
0.108192
0.108352
0.112032
0.112096
0.106944
0.112800
0.111520
0.112160
0.112768
0.111232
0.107872
0.107264
0.112512
0.111200
0.108064
0.108800
0.111904
0.112768
0.110176
0.107712
0.111296
0.107808
0.109184
0.106752
0.107616
0.111808
0.111904
0.110720
0.110400
0.106368
0.112128
0.111072
0.107296
0.111904
0.109952
0.112608
0.111328
0.107744
0.106592
0.111264
0.127776
0.107392
0.112672
0.112544
0.110560
0.106656
0.107200
0.111712
0.112064
0.106752
0.106976
0.112416
0.111872
0.112832
0.106592
0.112096
0.110112
0.110336
0.112192
0.107456
0.113504
0.109984
0.111488
0.106368
0.107648
0.111872
0.111840
0.111936
0.111872
0.108448
0.110944
0.107744
0.111840
0.112288
0.108096
0.111584
0.111840
0.112800
0.112160
0.109792
0.113600
0.108032
0.111648
0.106912
0.109440
0.112512
0.108800
0.107232
0.110848
0.112128
0.110400
0.107264
0.110144
0.107104
0.109728
0.106816
0.107552
0.112448
0.112704
0.109824
0.107328
0.113344
0.111648
0.115648
0.111776
0.112512
0.106880
0.110880
0.109056
0.112064
0.110624
0.106592
0.109792
0.112576
0.110400
0.112192
0.106656
0.112640
0.111808
0.129472
0.107424
0.112800
0.112032
0.110080
0.112736
0.110656
0.116800
0.106976
0.108640
0.107008
0.107072
0.107168
0.106624
0.107232
0.111552
0.112128
0.112672
0.107392
0.108416
0.109344
0.112352
0.111456
0.110016
0.114240
0.112608
0.107296
0.112352
0.112416
0.109984
0.112288
0.106176
0.112096
0.113184
0.112416
0.110368
0.106912
0.109536
0.114016
0.115712
0.110560
0.113248
0.107904
0.108352
0.106944
0.106336
0.107648
0.111552
0.110560
0.111712
0.114592
0.110240
0.108000
0.109920
0.111648
0.107488
0.111968
0.110976
0.112224
0.111744
0.107104
0.111712
0.111424
0.111136
0.123456
0.107232
0.108032
0.108160
0.112320
0.107360
0.109312
0.113312
0.106688
0.112512
0.111104
0.109952
0.111488
0.107424
0.112640
0.106144
0.107392
0.107776
0.107072
0.107520
0.109504
0.110912
0.109792
0.108224
0.110784
0.111904
0.114304
0.107488
0.110272
0.106848
0.111424
0.109952
0.112800
0.109664
0.107008
0.108064
0.114592
0.109024
0.107168
0.112256
0.109920
0.112416
0.111264
0.110560
0.117184
0.107520
0.116960
0.106336
0.111904
0.107488
0.107872
0.110016
0.107360
0.107392
0.112640
111.974688
