120961.000000
115731.000000
119407.000000
115229.000000
115788.000000
115766.000000
122789.000000
115357.000000
120914.000000
117835.000000
116264.000000
116287.000000
115278.000000
115501.000000
115945.000000
115000.000000
116166.000000
121045.000000
116047.000000
117446.000000
115907.000000
115252.000000
115340.000000
115532.000000
115284.000000
116693.000000
120558.000000
116725.000000
115317.000000
115461.000000
119178.000000
119660.000000
116342.000000
115576.000000
120862.000000
115697.000000
117611.000000
115440.000000
115773.000000
115009.000000
117687.000000
115809.000000
116084.000000
120571.000000
115557.000000
115879.000000
115960.000000
114889.000000
117608.000000
115567.000000
116117.000000
124004.000000
115982.000000
122130.000000
115732.000000
115902.000000
115100.000000
115739.000000
115166.000000
115911.000000
121085.000000
115976.000000
117312.000000
116569.000000
115255.000000
115382.000000
115911.000000
115313.000000
117205.000000
120622.000000
115921.000000
115094.000000
115798.000000
115084.000000
115707.000000
115115.000000
115641.000000
118548.000000
117787.000000
116135.000000
115736.000000
117304.000000
117781.000000
116144.000000
121174.000000
116189.000000
121076.000000
117155.000000
115819.000000
115483.000000
115252.000000
116170.000000
115012.000000
115298.000000
115327.000000
120697.000000
116327.000000
115109.000000
115188.000000
115227.000000
116045.000000
114944.000000
116066.000000
117529.000000
118712.000000
116329.000000
115336.000000
114992.000000
115048.000000
116093.000000
115416.000000
116332.000000
120877.000000
115947.000000
116568.000000
116236.000000
117020.000000
116435.000000
117221.000000
121319.000000
115857.000000
121505.000000
115774.000000
116562.000000
116186.000000
115048.000000
116264.000000
115829.000000
116688.000000
121146.000000
116800.000000
116457.000000
115798.000000
115102.000000
115782.000000
114900.000000
116457.000000
117466.000000
123034.000000
115721.000000
116232.000000
115173.000000
115023.000000
115901.000000
115424.000000
116622.000000
115519.000000
120799.000000
116626.000000
115356.000000
115789.000000
117431.000000
115375.000000
116701.000000
117862.000000
120681.000000
116565.000000
116042.000000
116799.000000
115445.000000
116239.000000
115610.000000
117870.000000
115566.000000
120818.000000
117759.000000
115774.000000
115735.000000
115434.000000
116436.000000
115969.000000
117502.000000
115974.000000
123083.000000
118052.000000
116281.000000
115610.000000
115673.000000
116138.000000
120350.000000
117272.000000
121485.000000
116085.000000
116688.000000
116069.000000
115473.000000
116034.000000
115174.000000
116638.000000
115337.000000
120858.000000
116666.000000
116949.000000
115485.000000
116053.000000
115683.000000
115879.000000
117491.000000
115640.000000
123896.000000
117568.000000
115671.000000
127099.000000
116361.000000
115470.000000
120273.000000
116785.000000
123741.000000
116429.000000
115460.000000
115533.000000
115800.000000
118520.000000
116316.000000
115710.000000
116596.000000
122469.000000
116170.000000
117079.000000
116220.000000
116537.000000
115591.000000
117930.000000
116387.000000
122845.000000
116657.000000
116703.000000
117305.000000
116146.000000
116264.000000
116546.000000
120160.000000
117190.000000
123930.000000
116547.000000
115882.000000
115777.000000
116301.000000
115547.000000
117541.000000
116586.000000
117368.000000
130989.000000
117589.000000
117944.000000
120863.000000
116963.000000
117782.000000
117331.000000
119206.000000
124026.000000
118564.000000
117360.000000
116963.000000
120586.000000
118112.000000
118738.000000
117593.000000
121810.000000
125389.000000
122756.000000
124076.000000
120297.000000
118561.000000
118446.000000
120046.000000
119346.000000
124651.000000
118861.000000
117357.000000
118235.000000
117165.000000
118834.000000
117508.000000
121948.000000
125760.000000
120680.000000
117701.000000
117282.000000
117774.000000
117782.000000
121483.000000
118765.000000
118762.000000
125281.000000
118551.000000
120160.000000
118260.000000
117584.000000
118613.000000
121226.000000
119739.000000
125494.000000
121045.000000
116935.000000
117432.000000
119250.000000
123417.000000
130600.000000
121523.000000
121502.000000
124492.000000
118337.000000
116890.000000
120750.000000
120525.000000
119193.000000
117769.000000
119450.000000
123826.000000
121119.000000
121953.000000
120516.000000
118205.000000
119233.000000
118098.000000
119764.000000
118860.000000
124975.000000
117826.000000
117414.000000
117832.000000
118621.000000
122175.000000
119632.000000
119049.000000
124564.000000
116396.000000
115417.000000
117522.000000
117909.000000
117870.000000
117771.000000
116162.000000
116355.000000
121676.000000
115726.000000
116751.000000
116706.000000
118045.000000
116955.000000
117081.000000
116895.000000
122424.000000
116345.000000
115152.000000
126506.000000
134233.000000
116621.000000
119007.000000
116536.000000
115658.000000
121125.000000
115984.000000
116430.000000
114963.000000
116480.000000
116759.000000
117480.000000
116130.000000
122317.000000
115366.000000
116522.000000
116286.000000
116652.000000
116375.000000
116105.000000
119462.000000
119798.000000
121970.000000
115895.000000
117356.000000
116710.000000
119189.000000
117356.000000
116368.000000
116482.000000
122681.000000
116028.000000
115050.000000
116901.000000
116856.000000
115940.000000
116067.000000
117392.000000
118383.000000
121827.000000
116055.000000
116125.000000
116066.000000
116681.000000
117838.000000
119495.000000
117017.000000
116866.000000
124766.000000
115564.000000
116350.000000
116453.000000
116897.000000
116877.000000
117613.000000
116565.000000
121194.000000
114921.000000
115929.000000
115082.000000
116664.000000
117550.000000
116965.000000
117051.000000
116731.000000
121107.000000
115294.000000
116314.000000
115919.000000
118775.000000
115834.000000
116385.000000
115819.000000
115889.000000
121282.000000
117067.000000
117986.000000
116475.000000
116047.000000
116864.000000
118142.000000
116238.000000
120820.000000
116875.000000
116154.000000
117783.000000
116587.000000
116194.000000
117301.000000
116065.000000
117693.000000
121920.000000
116283.000000
115480.000000
117945.000000
116132.000000
117109.000000
116539.000000
115365.000000
121260.000000
116707.000000
115795.000000
115807.000000
117929.000000
117871.000000
119502.000000
119547.000000
118351.000000
121489.000000
116369.000000
115676.000000
117758.000000
115711.000000
119023.000000
115341.000000
117025.000000
115401.000000
121526.000000
115673.000000
115960.000000
115887.000000
117564.000000
120156.000000
116338.000000
115607.000000
120705.000000
116973.000000
115287.000000
118254.000000
119106.000000
116281.000000
119086.000000
116456.000000
115603.000000
123070.000000
117381.000000
118115.000000
116437.000000
115873.000000
118298.000000
116735.000000
116141.000000
120713.000000
116518.000000
115448.000000
116221.000000
116224.000000
118698.000000
118192.000000
116386.000000
116040.000000
129944.000000
117788.000000
116579.000000
116323.000000
115759.000000
116727.000000
117503.000000
116504.000000
115049.000000
121311.000000
116463.000000
116704.000000
116073.000000
115798.000000
124035.000000
116720.000000
116040.000000
121537.000000
116710.000000
116693.000000
115718.000000
117025.000000
115908.000000
117854.000000
116350.000000
116061.000000
120878.000000
117711.000000
117074.000000
116401.000000
116397.000000
118976.000000
116660.000000
115602.000000
116956.000000
120209.000000
116405.000000
116415.000000
117828.000000
116572.000000
118917.000000
116678.000000
117080.000000
124439.000000
117344.000000
116554.000000
115712.000000
116609.000000
116573.000000
115558.000000
116176.000000
115680.000000
123464.000000
116203.000000
116245.000000
115759.000000
116938.000000
116801.000000
115811.000000
116040.000000
131686.000000
119649.000000
119936.000000
116969.000000
117420.000000
116740.000000
119195.000000
118460.000000
121499.000000
123547.000000
127133.000000
117555.000000
117517.000000
117694.000000
116683.000000
118336.000000
116604.000000
121119.000000
116348.000000
117007.000000
119599.000000
117774.000000
118203.000000
116151.000000
115445.000000
115344.000000
121517.000000
122411.000000
116472.000000
116559.000000
117377.000000
116665.000000
116443.000000
115109.000000
121384.000000
117153.000000
119309.000000
117462.000000
118037.000000
116416.000000
115877.000000
116530.000000
115036.000000
121372.000000
121164.000000
119433.000000
116279.000000
116986.000000
116400.000000
116200.000000
115526.000000
116207.000000
122289.000000
119701.000000
116387.000000
117999.000000
117640.000000
116169.000000
115294.000000
116927.000000
140153.000000
132815.000000
124007.000000
122928.000000
116684.000000
118279.000000
115505.000000
121862.000000
128168.000000
122892.000000
118176.000000
116959.000000
117435.000000
116206.000000
118310.000000
116174.000000
117084.000000
123816.000000
123117.000000
116102.000000
118114.000000
118339.000000
117664.000000
121501.000000
115403.000000
122119.000000
122947.000000
117204.000000
129485.000000
116816.000000
118156.000000
116504.000000
115736.000000
116698.000000
123281.000000
121394.000000
118120.000000
117198.000000
117597.000000
116329.000000
115754.000000
115555.000000
122230.000000
121938.000000
117496.000000
118192.000000
116981.000000
117085.000000
132347.000000
136941.000000
129513.000000
127740.000000
119172.000000
119377.000000
118629.000000
119580.000000
118787.000000
118560.000000
120304.000000
130467.000000
118545.000000
118788.000000
120536.000000
118208.000000
118033.000000
118366.000000
120702.000000
124261.000000
122546.000000
118195.000000
120966.000000
120358.000000
118874.000000
118956.000000
118987.000000
119379.000000
127844.000000
119629.000000
119978.000000
119557.000000
119923.000000
118694.000000
120159.000000
119907.000000
131893.000000
118939.000000
121384.000000
120088.000000
120869.000000
118781.000000
119474.000000
121129.000000
127153.000000
121393.000000
121557.000000
121785.000000
120543.000000
119586.000000
121356.000000
122881.000000
121246.000000
128652.000000
120105.000000
121551.000000
121611.000000
119535.000000
131913.000000
121062.000000
120515.000000
135090.000000
121956.000000
121922.000000
125767.000000
119337.000000
120572.000000
118538.000000
121933.000000
130086.000000
120430.000000
120613.000000
121235.000000
120729.000000
118870.000000
118250.000000
119402.000000
125316.000000
126730.000000
121775.000000
120049.000000
119704.000000
119705.000000
121705.000000
135957.000000
129395.000000
130366.000000
117292.000000
117420.000000
117661.000000
116255.000000
115532.000000
117578.000000
117461.000000
126798.000000
117858.000000
120043.000000
120923.000000
117782.000000
125333.000000
123486.000000
119195.000000
128231.000000
120471.000000
119420.000000
119896.000000
121361.000000
117480.000000
118558.000000
122156.000000
123034.000000
125515.000000
121589.000000
126251.000000
120239.000000
119810.000000
119065.000000
119264.000000
122174.000000
123620.000000
118348.000000
120251.000000
119914.000000
116985.000000
121038.000000
119561.000000
121993.000000
122973.000000
125320.000000
120566.000000
120316.000000
118899.000000
117773.000000
117238.000000
118116.000000
126656.000000
122973.000000
119756.000000
120647.000000
118432.000000
117599.000000
115734.000000
118981.000000
121856.000000
124350.000000
120768.000000
120903.000000
119625.000000
116828.000000
116456.000000
116562.000000
117921.000000
124381.000000
125329.000000
120260.000000
118666.000000
117950.000000
119947.000000
115812.000000
118076.000000
123866.000000
126187.000000
125467.000000
121070.000000
118587.000000
118336.000000
118736.000000
119744.000000
123981.000000
117619.000000
123951.000000
119327.000000
118593.000000
117901.000000
118523.000000
120082.000000
117259.000000
123015.000000
124097.000000
121374.000000
121315.000000
117332.000000
117434.000000
121409.000000
117761.000000
123045.000000
117624.000000
123261.000000
119789.000000
121163.000000
117037.000000
117348.000000
118458.000000
124334.000000
118541.000000
125656.000000
122389.000000
118575.000000
118429.000000
117377.000000
118607.000000
118929.000000
124235.000000
124158.000000
124457.000000
120290.000000
117367.000000
117232.000000
122083.000000
117316.000000
120951.000000
129564.000000
137599.000000
117953.000000
118501.000000
119679.000000
118711.000000
117766.000000
121122.000000
117603.000000
125752.000000
118601.000000
118725.000000
118365.000000
118272.000000
116990.000000
118786.000000
119560.000000
125098.000000
121566.000000
122494.000000
119534.000000
116858.000000
119009.000000
118271.000000
120679.000000
117444.000000
127404.000000
120997.000000
117217.000000
116711.000000
117570.000000
118967.000000
127608.000000
118280.000000
128107.000000
124507.000000
118321.000000
118910.000000
118384.000000
120186.000000
120593.000000
117219.000000
126758.000000
129666.000000
121466.000000
119895.000000
120112.000000
124907.000000
122723.000000
124048.000000
123644.000000
128180.000000
121027.000000
120074.000000
118493.000000
119314.000000
121585.000000
129154.000000
122287.000000
128176.000000
120595.000000
119734.000000
119123.000000
118610.000000
121869.000000
124548.000000
120819.000000
132039.000000
122034.000000
120463.000000
120257.000000
119617.000000
119621.000000
129357.000000
119082.000000
126615.000000
129524.000000
121491.000000
120059.000000
124862.000000
121514.000000
124222.000000
123572.000000
124339.000000
127231.000000
122278.000000
118469.000000
118655.000000
125679.000000
121233.000000
120062.000000
122484.000000
127041.000000
118198.000000
117694.000000
118686.000000
118063.000000
119644.000000
128473.000000
121278.000000
129459.000000
120350.000000
119752.000000
119168.000000
121149.000000
119065.000000
122838.000000
120892.000000
123798.000000
125660.000000
120667.000000
118836.000000
119083.000000
120823.000000
123328.000000
121832.000000
125300.000000
129745.000000
119470.000000
121635.000000
124275.000000
122664.000000
129459.000000
119047152.000000
