116329.000000
115224.000000
118573.000000
115135.000000
117970.000000
123872.000000
122936.000000
115508.000000
119672.000000
116856.000000
115618.000000
116785.000000
115449.000000
116460.000000
115545.000000
120767.000000
115266.000000
115749.000000
122481.000000
115726.000000
116640.000000
115904.000000
115984.000000
120513.000000
115338.000000
116069.000000
116329.000000
115414.000000
115719.000000
115422.000000
115706.000000
115113.000000
120470.000000
115061.000000
115692.000000
115587.000000
115487.000000
115547.000000
115667.000000
116119.000000
114900.000000
120168.000000
115330.000000
116437.000000
115142.000000
115464.000000
115158.000000
116890.000000
115790.000000
120472.000000
115074.000000
115795.000000
115605.000000
115030.000000
115508.000000
114965.000000
116050.000000
127393.000000
124221.000000
117247.000000
117447.000000
117091.000000
116076.000000
116764.000000
116536.000000
117254.000000
117136.000000
121388.000000
117395.000000
116781.000000
117512.000000
116574.000000
118630.000000
118458.000000
116000.000000
122681.000000
117334.000000
118575.000000
116699.000000
116673.000000
116171.000000
115796.000000
117485.000000
117767.000000
123887.000000
118451.000000
119805.000000
119520.000000
116619.000000
115609.000000
116534.000000
125207.000000
123011.000000
116386.000000
115549.000000
115340.000000
116919.000000
114886.000000
116206.000000
116247.000000
115679.000000
121098.000000
115550.000000
115716.000000
115613.000000
115972.000000
115424.000000
116059.000000
115543.000000
116264.000000
120658.000000
116741.000000
115494.000000
115476.000000
115734.000000
115428.000000
116503.000000
115306.000000
120248.000000
115766.000000
115799.000000
115576.000000
116183.000000
116337.000000
114939.000000
116071.000000
115940.000000
120586.000000
122203.000000
117843.000000
115516.000000
115879.000000
115843.000000
116423.000000
115789.000000
116138.000000
121632.000000
115225.000000
115320.000000
115892.000000
115448.000000
115106.000000
116131.000000
115036.000000
120719.000000
115958.000000
115288.000000
116876.000000
115430.000000
118615.000000
116488.000000
116671.000000
116468.000000
121338.000000
116493.000000
115383.000000
115934.000000
118631.000000
115980.000000
116177.000000
116541.000000
115299.000000
122595.000000
115562.000000
115698.000000
116604.000000
115075.000000
116958.000000
115018.000000
117697.000000
120618.000000
115562.000000
115303.000000
118362.000000
116725.000000
115588.000000
123588.000000
116059.000000
115538.000000
121089.000000
115646.000000
116171.000000
115381.000000
115376.000000
115675.000000
115891.000000
115438.000000
115182.000000
121212.000000
115236.000000
115321.000000
118284.000000
116786.000000
116097.000000
114945.000000
117696.000000
120365.000000
116711.000000
115055.000000
115723.000000
116896.000000
115005.000000
115929.000000
115074.000000
127069.000000
122218.000000
115375.000000
115764.000000
118963.000000
115640.000000
115906.000000
115197.000000
115230.000000
121420.000000
115345.000000
115914.000000
115319.000000
114960.000000
116280.000000
116056.000000
120780.000000
114919.000000
123488.000000
116563.000000
118005.000000
115609.000000
115295.000000
117453.000000
114850.000000
116261.000000
118622.000000
122439.000000
115607.000000
115959.000000
126591.000000
118971.000000
116249.000000
115712.000000
117073.000000
121278.000000
116129.000000
117002.000000
119107.000000
116363.000000
116003.000000
115849.000000
114963.000000
116688.000000
122607.000000
115417.000000
128317.000000
116171.000000
116062.000000
116000.000000
115599.000000
116691.000000
123867.000000
115927.000000
116302.000000
116210.000000
116239.000000
117651.000000
115664.000000
115513.000000
115196.000000
121773.000000
115723.000000
115492.000000
116019.000000
115500.000000
116514.000000
115031.000000
115806.000000
126693.000000
126962.000000
115324.000000
120085.000000
119054.000000
116845.000000
115448.000000
115131.000000
114889.000000
121684.000000
115638.000000
115573.000000
115473.000000
115264.000000
116762.000000
115755.000000
115208.000000
116027.000000
120821.000000
115539.000000
115755.000000
115939.000000
116398.000000
115317.000000
115190.000000
116105.000000
116005.000000
120998.000000
115534.000000
115838.000000
115569.000000
117715.000000
115669.000000
116221.000000
116270.000000
120237.000000
115610.000000
116411.000000
115961.000000
115404.000000
115771.000000
115429.000000
115747.000000
116247.000000
120370.000000
117821.000000
115849.000000
115498.000000
115679.000000
115189.000000
116453.000000
115918.000000
115338.000000
120796.000000
116230.000000
117778.000000
116080.000000
116594.000000
115219.000000
115628.000000
117139.000000
120692.000000
115160.000000
115625.000000
116005.000000
116550.000000
115132.000000
115584.000000
115843.000000
116224.000000
120852.000000
115594.000000
118867.000000
117774.000000
123652.000000
115354.000000
118836.000000
117124.000000
120047.000000
120878.000000
115662.000000
115131.000000
116402.000000
115322.000000
115211.000000
115158.000000
115649.000000
120411.000000
115027.000000
115141.000000
114840.000000
115985.000000
115192.000000
115494.000000
115926.000000
117414.000000
121158.000000
116393.000000
117133.000000
117296.000000
116148.000000
114985.000000
115136.000000
117625.000000
115143.000000
121318.000000
116328.000000
116037.000000
115652.000000
115324.000000
115265.000000
118575.000000
116082.000000
122077.000000
117442.000000
119396.000000
119128.000000
116402.000000
115236.000000
115485.000000
116554.000000
116031.000000
120997.000000
115595.000000
117183.000000
117198.000000
116573.000000
116490.000000
117145.000000
115602.000000
115688.000000
120482.000000
116595.000000
115987.000000
115732.000000
115493.000000
115435.000000
116066.000000
115618.000000
120857.000000
115118.000000
115210.000000
115092.000000
115754.000000
115485.000000
114911.000000
116829.000000
115931.000000
120626.000000
116060.000000
115554.000000
115968.000000
117934.000000
121512.000000
119082.000000
115540.000000
117149.000000
121143.000000
116244.000000
116502.000000
125217.000000
116084.000000
115239.000000
116547.000000
115187.000000
120973.000000
114961.000000
115891.000000
115865.000000
115128.000000
114969.000000
116001.000000
115341.000000
115188.000000
121373.000000
115349.000000
115637.000000
116062.000000
114977.000000
115547.000000
116440.000000
114995.000000
116576.000000
120353.000000
115509.000000
116388.000000
115502.000000
114973.000000
116324.000000
115245.000000
115140.000000
121505.000000
115820.000000
116464.000000
115524.000000
115318.000000
116146.000000
116832.000000
115338.000000
116594.000000
122151.000000
115323.000000
115747.000000
119785.000000
115902.000000
115177.000000
115761.000000
115361.000000
117318.000000
121547.000000
115687.000000
116762.000000
115638.000000
116709.000000
116488.000000
115569.000000
115967.000000
121204.000000
114942.000000
118535.000000
117860.000000
117600.000000
115981.000000
116273.000000
117313.000000
117091.000000
121371.000000
115504.000000
116426.000000
117438.000000
114922.000000
117595.000000
118208.000000
120201.000000
127531.000000
123256.000000
119072.000000
116925.000000
115720.000000
116698.000000
116832.000000
116154.000000
117714.000000
121893.000000
115833.000000
116950.000000
114820.000000
115266.000000
116146.000000
116165.000000
117034.000000
115488.000000
120795.000000
115242.000000
115767.000000
116009.000000
115344.000000
117034.000000
115342.000000
115779.000000
123428.000000
115320.000000
116183.000000
116674.000000
123804.000000
119974.000000
116123.000000
115675.000000
116153.000000
120957.000000
131748.000000
121522.000000
116279.000000
116093.000000
115777.000000
115590.000000
115984.000000
121267.000000
116146.000000
122545.000000
116891.000000
117054.000000
117625.000000
116694.000000
117007.000000
117467.000000
122970.000000
117425.000000
119865.000000
117733.000000
117829.000000
116865.000000
116753.000000
117085.000000
122295.000000
116830.000000
117231.000000
119074.000000
116770.000000
117809.000000
117166.000000
117154.000000
117176.000000
123676.000000
117158.000000
118293.000000
117481.000000
117785.000000
117091.000000
117322.000000
118022.000000
117417.000000
123293.000000
117755.000000
118827.000000
117175.000000
118601.000000
117217.000000
117297.000000
117437.000000
122925.000000
117263.000000
118956.000000
118793.000000
126904.000000
124745.000000
119386.000000
119656.000000
123085.000000
118377.000000
117664.000000
121339.000000
117390.000000
118888.000000
116759.000000
117846.000000
117437.000000
122364.000000
118463.000000
117755.000000
116971.000000
118220.000000
117184.000000
117898.000000
120430.000000
131717.000000
121088.000000
118943.000000
118487.000000
118164.000000
117374.000000
117384.000000
117991.000000
118137.000000
123211.000000
117924.000000
117904.000000
116974.000000
117362.000000
116344.000000
118721.000000
118475.000000
119155.000000
120699.000000
118888.000000
115036.000000
116123.000000
116293.000000
115215.000000
115173.000000
115461.000000
121185.000000
115852.000000
122204.000000
119062.000000
118530.000000
116327.000000
115588.000000
116975.000000
115953.000000
120526.000000
116055.000000
115355.000000
115746.000000
115910.000000
114948.000000
116141.000000
115631.000000
121245.000000
116342.000000
115867.000000
115531.000000
115881.000000
115263.000000
115888.000000
115370.000000
115053.000000
120307.000000
115758.000000
115365.000000
114981.000000
115989.000000
115668.000000
115331.000000
115480.000000
116857.000000
121015.000000
115072.000000
115249.000000
116049.000000
115240.000000
115018.000000
117224.000000
115582.000000
114951.000000
121093.000000
115177.000000
116076.000000
116788.000000
115423.000000
116354.000000
115259.000000
115980.000000
120456.000000
115752.000000
115084.000000
115525.000000
115474.000000
115343.000000
115677.000000
116073.000000
115348.000000
121871.000000
115266.000000
115778.000000
116690.000000
115368.000000
115622.000000
115073.000000
115548.000000
115208.000000
121302.000000
115143.000000
116260.000000
116163.000000
115647.000000
115765.000000
115353.000000
115372.000000
120842.000000
115741.000000
115380.000000
117548.000000
116103.000000
115646.000000
116239.000000
115844.000000
115756.000000
125169.000000
116965.000000
115316.000000
115850.000000
115921.000000
115305.000000
115800.000000
115700.000000
115304.000000
121487.000000
115507.000000
116106.000000
115922.000000
116017.000000
117076.000000
116678.000000
131870.000000
122350.000000
116342.000000
118460.000000
116241.000000
118469.000000
118512.000000
116940.000000
116069.000000
115185.000000
123322.000000
115640.000000
117135.000000
119025.000000
118039.000000
120168.000000
116209.000000
116355.000000
120874.000000
115891.000000
115574.000000
116062.000000
115392.000000
115751.000000
115959.000000
115631.000000
116040.000000
124619.000000
115536.000000
116397.000000
116259.000000
116169.000000
115435.000000
115916.000000
116414.000000
115807.000000
120661.000000
115157.000000
116226.000000
115966.000000
115927.000000
115206.000000
115352.000000
115951.000000
121407.000000
115834.000000
116165.000000
119954.000000
117670.000000
117345.000000
116230.000000
115693.000000
115751.000000
120044.000000
115352.000000
115898.000000
118322.000000
116413.000000
115851.000000
117358.000000
115415.000000
125608.000000
120536.000000
129291.000000
119885.000000
117278.000000
117144.000000
115193.000000
116049.000000
115810.000000
120272.000000
115654.000000
116242.000000
114925.000000
115289.000000
115360.000000
115727.000000
115439.000000
115933.000000
120304.000000
116216.000000
116151.000000
115254.000000
117009.000000
115514.000000
115520.000000
115244.000000
122572.000000
115681.000000
116886.000000
115151.000000
116058.000000
115115.000000
115343.000000
115681.000000
115900.000000
120427.000000
115393.000000
116612.000000
115391.000000
115596.000000
115434.000000
115884.000000
115392.000000
115858.000000
120213.000000
115815.000000
115349.000000
116120.000000
116369.000000
115691.000000
115704.000000
116755.000000
116533.000000
120992.000000
116402.000000
119002.000000
117446.000000
115591.000000
115776.000000
114830.000000
116821.000000
120268.000000
116640.000000
116067.000000
115101.000000
115232.000000
115383.000000
115578.000000
114953.000000
115625.000000
120272.000000
116534.000000
115281.000000
115312.000000
115474.000000
115461.000000
115672.000000
115922.000000
115504.000000
120675.000000
116309.000000
115580.000000
116472.000000
115652.000000
115388.000000
115341.000000
115628.000000
122585.000000
116578.000000
115187.000000
115823.000000
115922.000000
115135.000000
115087.000000
116343.000000
115930.000000
120391.000000
115827.000000
115149.000000
116078.000000
115229.000000
115193.000000
114823.000000
115915.000000
116374.000000
120572.000000
115047.000000
115711.000000
115775.000000
115591.000000
117797.000000
115147.000000
115881.000000
121280.000000
116017.000000
115158.000000
115590.000000
115564.000000
115994.000000
115422.000000
116114.000000
115652.000000
121256.000000
115515.000000
115224.000000
116047.000000
115602.000000
115757.000000
115017.000000
115860.000000
115115.000000
121579.000000
115304.000000
115956.000000
116695.000000
115608.000000
115743.000000
120471.000000
114886.000000
120726.000000
115953.000000
115337.000000
115493.000000
115284.000000
115865.000000
114929.000000
115446.000000
115648.000000
121244.000000
115102.000000
115187.000000
115576.000000
115733.000000
115482.000000
115196.000000
115864.000000
115032.000000
120811.000000
114998.000000
115270.000000
115016.000000
115073.000000
114875.000000
115849.000000
115217.000000
115053.000000
121185.000000
115192.000000
116043.000000
115911.000000
115872.000000
115181.000000
115779.000000
115434.000000
121794.000000
116161.000000
115595.000000
116437.000000
115490.000000
115840.000000
119419.000000
116439.000000
115010.000000
121040.000000
115220.000000
116060.000000
115361.000000
115329.000000
115047.000000
115486.000000
115006.000000
115696.000000
117056789.000000
