119293.000000
115613.000000
117727.000000
120441.000000
120908.000000
115529.000000
116358.000000
116514.000000
115294.000000
115225.000000
115162.000000
115166.000000
120491.000000
115028.000000
115694.000000
115763.000000
115149.000000
114956.000000
115064.000000
114862.000000
114916.000000
120112.000000
114868.000000
115887.000000
115901.000000
115104.000000
115190.000000
115416.000000
116411.000000
114919.000000
120678.000000
116604.000000
115593.000000
115742.000000
115375.000000
115095.000000
114790.000000
115162.000000
120128.000000
114711.000000
116442.000000
115776.000000
115120.000000
115272.000000
115877.000000
115088.000000
114765.000000
120420.000000
115085.000000
115703.000000
116120.000000
115087.000000
114921.000000
115252.000000
114910.000000
114763.000000
120184.000000
114890.000000
119621.000000
134496.000000
115532.000000
115799.000000
125058.000000
114748.000000
119987.000000
114910.000000
115725.000000
115705.000000
115218.000000
115153.000000
115189.000000
115415.000000
115066.000000
120213.000000
114885.000000
115947.000000
115341.000000
115101.000000
115174.000000
116024.000000
115599.000000
114845.000000
120015.000000
115250.000000
116203.000000
115113.000000
115336.000000
115697.000000
115519.000000
115082.000000
120029.000000
115025.000000
115377.000000
115723.000000
114822.000000
114848.000000
114909.000000
115806.000000
114935.000000
120203.000000
115428.000000
115817.000000
114798.000000
114832.000000
115173.000000
115015.000000
115200.000000
114876.000000
120295.000000
115540.000000
115582.000000
115134.000000
116036.000000
115470.000000
115075.000000
114908.000000
115993.000000
118991.000000
125978.000000
121875.000000
133115.000000
116821.000000
116786.000000
116635.000000
116745.000000
121554.000000
117121.000000
117749.000000
118119.000000
116091.000000
116738.000000
116788.000000
116594.000000
120588.000000
117521.000000
117552.000000
116291.000000
118809.000000
116469.000000
116651.000000
116825.000000
116098.000000
121795.000000
117816.000000
117084.000000
117655.000000
116569.000000
116843.000000
116891.000000
116637.000000
116141.000000
129357.000000
119355.000000
116495.000000
117324.000000
116977.000000
117240.000000
117480.000000
118366.000000
121313.000000
117539.000000
120216.000000
118339.000000
116758.000000
116764.000000
117254.000000
116740.000000
117036.000000
130994.000000
124018.000000
122791.000000
116999.000000
116888.000000
119046.000000
116868.000000
116274.000000
122288.000000
117690.000000
117146.000000
117888.000000
116403.000000
117423.000000
116742.000000
116713.000000
116445.000000
123377.000000
117937.000000
119912.000000
116986.000000
117012.000000
116654.000000
116768.000000
119084.000000
126901.000000
119223.000000
117630.000000
118616.000000
117561.000000
120405.000000
117132.000000
116867.000000
116957.000000
123085.000000
117767.000000
118621.000000
116844.000000
116649.000000
116980.000000
116947.000000
116416.000000
122547.000000
117095.000000
121518.000000
117325.000000
114806.000000
115082.000000
116410.000000
115341.000000
114694.000000
120684.000000
115767.000000
115162.000000
114863.000000
115313.000000
115338.000000
115553.000000
115123.000000
114938.000000
120908.000000
115889.000000
115780.000000
115100.000000
114897.000000
115029.000000
115446.000000
115928.000000
120491.000000
116061.000000
116729.000000
118067.000000
116134.000000
115928.000000
115217.000000
115162.000000
114715.000000
121017.000000
116475.000000
115423.000000
115384.000000
115059.000000
115274.000000
115084.000000
115175.000000
115472.000000
120808.000000
115827.000000
115000.000000
115679.000000
115841.000000
115680.000000
116203.000000
115071.000000
119793.000000
117066.000000
115221.000000
115416.000000
114979.000000
115254.000000
115392.000000
115136.000000
114906.000000
120959.000000
116076.000000
117564.000000
115667.000000
115017.000000
115319.000000
115196.000000
115253.000000
116263.000000
121200.000000
115131.000000
116263.000000
115899.000000
115643.000000
115386.000000
115579.000000
117300.000000
115750.000000
121756.000000
115345.000000
115155.000000
115327.000000
115182.000000
115191.000000
115118.000000
115738.000000
120542.000000
115863.000000
115397.000000
115266.000000
115126.000000
115238.000000
114942.000000
115192.000000
115889.000000
121181.000000
115528.000000
115103.000000
115534.000000
115750.000000
115228.000000
115280.000000
114928.000000
116668.000000
120905.000000
115991.000000
115404.000000
115067.000000
115213.000000
115224.000000
115103.000000
123392.000000
122770.000000
115210.000000
115547.000000
115872.000000
115495.000000
114963.000000
115243.000000
115376.000000
115933.000000
121133.000000
115344.000000
114988.000000
118037.000000
117793.000000
115169.000000
115222.000000
115715.000000
115169.000000
121091.000000
115142.000000
115090.000000
115895.000000
115508.000000
115174.000000
114958.000000
115932.000000
121049.000000
115201.000000
115276.000000
115544.000000
115399.000000
115103.000000
115578.000000
114911.000000
116041.000000
121034.000000
114881.000000
115069.000000
115140.000000
115393.000000
115216.000000
115097.000000
115713.000000
114915.000000
121133.000000
115009.000000
114943.000000
118012.000000
115077.000000
115369.000000
114781.000000
119682.000000
118076.000000
123057.000000
115870.000000
115434.000000
115222.000000
115305.000000
115047.000000
115478.000000
115494.000000
121023.000000
115312.000000
115044.000000
116007.000000
115177.000000
114982.000000
114986.000000
115801.000000
116331.000000
120822.000000
115437.000000
115071.000000
115429.000000
115433.000000
115178.000000
115279.000000
116108.000000
115732.000000
120717.000000
115131.000000
115047.000000
114859.000000
115603.000000
115230.000000
115273.000000
115155.000000
121254.000000
115351.000000
115273.000000
115266.000000
115110.000000
118770.000000
115452.000000
115849.000000
116067.000000
120336.000000
115174.000000
114757.000000
115290.000000
114984.000000
115184.000000
114860.000000
115339.000000
115972.000000
120244.000000
115322.000000
115086.000000
115111.000000
114967.000000
115004.000000
115407.000000
114895.000000
118858.000000
117153.000000
115368.000000
115437.000000
114871.000000
114904.000000
115226.000000
115795.000000
115840.000000
121872.000000
115397.000000
115030.000000
115121.000000
115406.000000
115413.000000
115351.000000
123478.000000
116379.000000
121000.000000
115686.000000
115743.000000
115386.000000
115048.000000
114974.000000
115855.000000
116122.000000
115549.000000
120658.000000
115073.000000
115564.000000
115203.000000
118335.000000
115298.000000
115088.000000
115850.000000
120443.000000
114701.000000
115041.000000
114805.000000
114891.000000
115139.000000
115442.000000
114646.000000
115666.000000
120568.000000
115938.000000
115436.000000
115212.000000
115058.000000
115000.000000
115659.000000
115772.000000
115801.000000
119962.000000
115046.000000
115204.000000
115272.000000
115127.000000
115456.000000
115051.000000
115997.000000
120218.000000
115632.000000
115811.000000
115014.000000
115311.000000
115312.000000
115305.000000
115835.000000
115341.000000
120460.000000
115344.000000
115185.000000
115326.000000
115184.000000
115350.000000
115787.000000
116970.000000
115395.000000
120408.000000
115661.000000
115111.000000
115349.000000
114866.000000
115277.000000
114949.000000
115806.000000
115103.000000
120144.000000
115106.000000
115211.000000
115035.000000
115194.000000
115552.000000
115918.000000
115039.000000
120309.000000
115146.000000
115511.000000
118420.000000
117307.000000
115749.000000
115300.000000
115899.000000
115365.000000
125271.000000
116372.000000
115447.000000
118931.000000
119141.000000
115613.000000
115688.000000
115117.000000
134195.000000
115428.000000
115957.000000
115109.000000
115026.000000
115553.000000
115149.000000
123054.000000
118716.000000
120262.000000
117875.000000
114858.000000
114911.000000
115087.000000
115932.000000
116328.000000
116146.000000
115016.000000
129021.000000
115420.000000
115256.000000
114715.000000
118060.000000
115241.000000
115895.000000
115515.000000
120313.000000
114791.000000
115136.000000
127216.000000
115222.000000
115480.000000
115056.000000
115781.000000
115094.000000
121260.000000
115527.000000
114873.000000
115482.000000
115014.000000
115971.000000
116424.000000
115140.000000
114940.000000
120335.000000
116458.000000
136714.000000
124621.000000
118808.000000
119294.000000
115569.000000
116328.000000
121112.000000
115476.000000
115188.000000
115004.000000
115486.000000
115027.000000
115909.000000
115316.000000
115245.000000
122455.000000
116498.000000
115868.000000
115129.000000
115613.000000
115384.000000
116015.000000
115768.000000
120688.000000
116284.000000
115291.000000
115839.000000
115060.000000
116247.000000
115704.000000
115565.000000
115437.000000
121336.000000
115597.000000
114934.000000
114785.000000
115731.000000
115861.000000
115613.000000
115033.000000
115432.000000
120460.000000
115199.000000
114930.000000
114750.000000
115622.000000
115233.000000
115816.000000
114993.000000
116212.000000
120994.000000
115019.000000
114999.000000
115492.000000
118072.000000
119909.000000
115514.000000
115023.000000
121279.000000
115078.000000
115065.000000
115292.000000
115580.000000
114982.000000
116088.000000
116267.000000
115392.000000
120894.000000
115121.000000
115395.000000
114846.000000
115880.000000
115691.000000
115030.000000
115531.000000
115443.000000
120532.000000
118863.000000
115161.000000
116173.000000
115409.000000
116664.000000
115118.000000
115501.000000
120970.000000
115300.000000
115101.000000
115004.000000
125011.000000
114967.000000
116158.000000
115023.000000
115891.000000
120440.000000
115258.000000
114869.000000
115543.000000
115570.000000
115736.000000
115805.000000
115643.000000
114974.000000
120336.000000
115097.000000
115462.000000
115630.000000
115176.000000
117550.000000
116322.000000
115447.000000
120682.000000
115698.000000
115140.000000
115181.000000
116186.000000
115747.000000
121955.000000
115223.000000
116078.000000
121149.000000
115124.000000
115207.000000
116694.000000
115276.000000
115768.000000
115398.000000
115742.000000
116400.000000
120412.000000
115298.000000
115176.000000
115757.000000
120324.000000
121736.000000
115210.000000
115670.000000
120639.000000
119653.000000
119990.000000
116300.000000
117244.000000
116371.000000
115394.000000
115388.000000
115255.000000
120106.000000
115422.000000
115071.000000
115381.000000
119355.000000
119163.000000
115862.000000
115311.000000
115168.000000
121611.000000
116313.000000
115618.000000
115103.000000
117663.000000
134380.000000
136573.000000
136969.000000
143174.000000
138197.000000
124021.000000
115477.000000
121063.000000
118731.000000
116254.000000
116750.000000
120642.000000
115065.000000
115727.000000
115614.000000
116816.000000
122167.000000
122743.000000
116949.000000
116293.000000
129064.000000
118795.000000
118861.000000
121040.000000
122440.000000
116248.000000
117891.000000
120042.000000
126346.000000
116024.000000
121334.000000
119746.000000
121427.000000
119206.000000
119186.000000
115416.000000
121790.000000
115550.000000
117963.000000
118838.000000
115912.000000
115137.000000
115910.000000
115943.000000
115313.000000
120368.000000
115751.000000
122284.000000
117203.000000
119831.000000
117843.000000
116331.000000
115802.000000
117261.000000
130566.000000
119828.000000
136481.000000
137703.000000
130230.000000
123198.000000
139439.000000
138131.000000
126593.000000
133129.000000
136786.000000
137251.000000
122925.000000
127562.000000
131731.000000
130897.000000
120158.000000
133876.000000
132394.000000
120427.000000
124773.000000
118686.000000
117047.000000
122344.000000
126067.000000
127948.000000
126221.000000
123677.000000
124031.000000
123662.000000
119584.000000
122378.000000
119353.000000
123173.000000
120551.000000
120904.000000
122548.000000
124254.000000
124908.000000
121793.000000
129532.000000
124382.000000
117832.000000
121145.000000
122278.000000
121534.000000
118802.000000
125872.000000
130298.000000
126500.000000
123398.000000
123645.000000
124746.000000
126426.000000
123679.000000
125205.000000
131275.000000
128988.000000
129969.000000
127416.000000
124881.000000
123553.000000
129026.000000
131355.000000
125676.000000
128442.000000
123499.000000
125087.000000
119236.000000
117663.000000
116560.000000
116326.000000
123863.000000
120762.000000
117244.000000
118338.000000
116854.000000
116858.000000
116809.000000
116730.000000
119050.000000
120838.000000
128263.000000
114981.000000
116259.000000
115040.000000
116180.000000
114939.000000
115229.000000
120714.000000
119985.000000
116499.000000
115742.000000
115220.000000
116610.000000
115528.000000
115203.000000
114812.000000
120689.000000
121329.000000
115177.000000
116682.000000
114841.000000
115268.000000
115127.000000
115377.000000
114847.000000
122878.000000
115365.000000
115746.000000
114933.000000
115172.000000
118074.000000
115627.000000
119092.000000
120284.000000
122840.000000
115336.000000
116359.000000
115894.000000
115715.000000
116121.000000
118657.000000
120166.000000
128804.000000
118730.000000
117636.000000
119935.000000
120658.000000
116391.000000
117278.000000
117479.000000
122666.000000
117477.000000
115360.000000
115985.000000
115406.000000
115170.000000
119489.000000
119473.000000
117963.000000
131710.000000
122558.000000
124638.000000
123836.000000
122092.000000
120936.000000
123248.000000
115930.000000
123307.000000
116998.000000
116502.000000
116654.000000
127570.000000
117555.000000
115130.000000
115043.000000
119600.000000
125307.000000
116422.000000
116460.000000
115450.000000
119775.000000
116267.000000
115607.000000
117957.000000
131879.000000
122071.000000
117642.000000
116379.000000
115088.000000
115703.000000
119859.000000
120991.000000
120358.000000
126863.000000
118569.000000
118273.000000
117854.000000
118207.000000
116549.000000
121462.000000
118216.000000
128007.000000
119818.000000
122950.000000
121535.000000
122223.000000
120391.000000
119160.000000
119234.000000
128926.000000
117782086.000000
