122552.000000
123234.000000
129346.000000
117432.000000
117189.000000
126110.000000
119381.000000
123900.000000
117375.000000
120927.000000
122905.000000
121970.000000
116261.000000
116158.000000
116148.000000
121844.000000
119024.000000
118477.000000
118098.000000
124109.000000
117959.000000
116414.000000
117079.000000
118726.000000
119702.000000
116996.000000
117432.000000
123106.000000
123538.000000
116841.000000
115369.000000
118421.000000
121632.000000
116349.000000
119046.000000
119014.000000
123216.000000
116859.000000
118807.000000
115218.000000
117040.000000
122299.000000
118779.000000
118877.000000
120194.000000
124179.000000
117052.000000
117480.000000
118443.000000
120673.000000
116763.000000
117158.000000
118560.000000
123095.000000
117002.000000
117887.000000
118471.000000
123605.000000
129000.000000
118773.000000
123151.000000
127531.000000
117576.000000
117477.000000
117613.000000
119159.000000
128422.000000
117482.000000
127222.000000
119558.000000
126588.000000
116491.000000
117289.000000
118241.000000
123755.000000
116963.000000
119435.000000
121443.000000
125684.000000
116871.000000
117746.000000
118138.000000
119550.000000
118844.000000
118153.000000
118270.000000
117433.000000
122411.000000
128128.000000
119271.000000
122302.000000
119527.000000
118495.000000
124196.000000
120564.000000
123961.000000
119308.000000
118040.000000
118862.000000
125335.000000
117539.000000
118226.000000
121362.000000
122902.000000
116804.000000
115920.000000
116191.000000
120498.000000
115895.000000
118640.000000
118962.000000
118424.000000
122297.000000
117964.000000
117920.000000
119805.000000
120598.000000
119868.000000
123428.000000
120675.000000
122129.000000
117304.000000
129331.000000
121053.000000
131592.000000
120326.000000
119358.000000
120388.000000
120365.000000
124852.000000
118586.000000
121409.000000
120176.000000
116721.000000
118075.000000
118597.000000
118005.000000
125046.000000
117237.000000
116300.000000
119867.000000
119411.000000
118603.000000
139908.000000
122008.000000
122377.000000
118384.000000
115844.000000
117301.000000
126273.000000
117236.000000
119052.000000
118339.000000
116934.000000
121779.000000
115250.000000
119610.000000
121715.000000
116634.000000
118713.000000
122242.000000
121473.000000
124717.000000
116774.000000
117050.000000
123641.000000
121982.000000
118718.000000
121366.000000
119051.000000
117243.000000
122111.000000
117260.000000
119247.000000
121002.000000
119125.000000
121001.000000
121067.000000
118186.000000
123502.000000
117227.000000
118237.000000
122632.000000
118012.000000
118821.000000
119007.000000
119080.000000
116389.000000
123714.000000
116774.000000
119755.000000
117721.000000
117060.000000
118232.000000
117578.000000
117445.000000
121343.000000
116654.000000
117029.000000
123247.000000
117167.000000
121335.000000
122944.000000
120538.000000
116025.000000
125068.000000
116632.000000
121363.000000
116542.000000
117965.000000
118542.000000
120043.000000
116839.000000
122957.000000
117637.000000
118710.000000
126895.000000
125857.000000
130276.000000
127285.000000
116254.000000
122802.000000
117122.000000
121359.000000
123171.000000
116745.000000
118012.000000
119909.000000
119607.000000
117336.000000
121031.000000
116951.000000
121418.000000
115895.000000
116005.000000
118331.000000
119581.000000
117190.000000
120659.000000
115589.000000
118851.000000
118695.000000
116603.000000
118988.000000
118022.000000
116764.000000
118382.000000
123868.000000
116751.000000
122438.000000
118549.000000
120084.000000
119807.000000
118107.000000
116423.000000
121120.000000
116915.000000
121706.000000
117974.000000
117393.000000
119774.000000
118532.000000
117397.000000
117258.000000
137532.000000
116531.000000
131531.000000
118506.000000
117478.000000
120073.000000
116506.000000
117434.000000
121393.000000
117242.000000
120349.000000
119224.000000
119953.000000
126569.000000
119986.000000
115707.000000
116102.000000
122406.000000
123004.000000
118884.000000
116348.000000
118955.000000
118900.000000
116893.000000
117403.000000
131359.000000
115715.000000
123010.000000
117041.000000
117633.000000
116935.000000
116332.000000
115735.000000
117244.000000
121434.000000
124614.000000
117595.000000
118509.000000
118693.000000
117076.000000
115160.000000
118217.000000
123407.000000
119507.000000
118126.000000
116599.000000
117673.000000
116294.000000
116412.000000
116098.000000
118109.000000
121473.000000
121168.000000
117161.000000
116912.000000
121337.000000
119624.000000
115865.000000
123194.000000
121846.000000
121103.000000
117285.000000
117969.000000
121124.000000
118323.000000
116628.000000
115904.000000
116586.000000
125049.000000
123747.000000
117602.000000
117636.000000
119783.000000
117204.000000
116519.000000
116707.000000
126588.000000
124304.000000
117458.000000
118703.000000
120545.000000
118186.000000
122338.000000
134004.000000
129760.000000
124717.000000
118717.000000
125650.000000
121909.000000
121182.000000
117996.000000
129442.000000
119005.000000
129194.000000
118197.000000
117676.000000
119745.000000
118850.000000
117670.000000
116653.000000
117171.000000
125624.000000
121369.000000
118113.000000
119057.000000
123127.000000
118999.000000
118377.000000
124304.000000
126475.000000
128450.000000
121232.000000
118672.000000
122573.000000
120377.000000
117364.000000
118704.000000
117488.000000
130251.000000
118772.000000
118409.000000
118954.000000
118146.000000
116747.000000
117349.000000
124436.000000
120879.000000
121355.000000
117694.000000
118151.000000
117839.000000
117548.000000
115858.000000
116334.000000
116136.000000
134188.000000
136747.000000
118301.000000
118972.000000
117623.000000
115140.000000
115055.000000
115379.000000
126487.000000
116415.000000
115424.000000
121535.000000
121197.000000
115387.000000
115188.000000
115088.000000
116056.000000
124076.000000
116484.000000
115694.000000
117429.000000
116399.000000
115682.000000
115190.000000
116657.000000
128022.000000
119292.000000
116181.000000
117528.000000
116011.000000
115985.000000
115542.000000
115208.000000
114995.000000
129760.000000
116388.000000
115353.000000
117592.000000
115273.000000
115042.000000
115783.000000
115059.000000
120538.000000
122042.000000
116661.000000
118939.000000
116949.000000
115758.000000
115177.000000
116841.000000
115219.000000
131816.000000
115533.000000
117564.000000
120680.000000
115480.000000
115801.000000
117456.000000
115841.000000
120729.000000
123443.000000
116735.000000
116401.000000
117712.000000
115103.000000
115296.000000
115292.000000
115448.000000
131433.000000
115453.000000
117643.000000
116081.000000
116510.000000
115366.000000
115021.000000
115269.000000
119282.000000
124951.000000
115660.000000
117682.000000
116637.000000
115435.000000
115360.000000
115029.000000
115525.000000
124786.000000
117779.000000
115286.000000
117252.000000
115617.000000
115266.000000
114961.000000
115644.000000
119718.000000
121208.000000
116509.000000
119963.000000
119554.000000
118277.000000
120739.000000
115339.000000
115087.000000
121317.000000
120399.000000
116085.000000
117516.000000
116607.000000
115463.000000
114930.000000
115102.000000
119364.000000
125596.000000
115471.000000
116898.000000
115769.000000
115646.000000
115270.000000
115548.000000
115756.000000
118824.000000
120974.000000
116467.000000
118025.000000
116465.000000
115272.000000
115329.000000
116293.000000
121370.000000
117731.000000
122325.000000
119397.000000
116551.000000
115605.000000
115681.000000
115198.000000
115377.000000
120224.000000
120915.000000
117129.000000
123875.000000
117186.000000
116062.000000
120592.000000
115980.000000
122762.000000
116510.000000
121161.000000
116875.000000
116787.000000
115668.000000
115643.000000
115479.000000
115066.000000
120877.000000
120677.000000
116021.000000
117313.000000
115942.000000
115392.000000
114946.000000
116192.000000
121928.000000
119884.000000
120673.000000
115598.000000
115854.000000
115290.000000
115002.000000
114886.000000
114763.000000
126257.000000
120937.000000
117231.000000
119247.000000
118564.000000
116049.000000
115690.000000
116101.000000
131668.000000
116568.000000
122223.000000
117401.000000
116206.000000
116130.000000
114804.000000
114666.000000
115087.000000
117407.000000
114971.000000
120559.000000
116891.000000
115178.000000
115059.000000
118957.000000
120963.000000
119183.000000
117023.000000
122475.000000
118071.000000
119066.000000
116925.000000
117094.000000
119282.000000
116664.000000
119967.000000
117953.000000
123719.000000
118311.000000
117701.000000
117159.000000
116921.000000
118340.000000
119386.000000
119629.000000
123310.000000
118899.000000
118319.000000
117956.000000
119858.000000
121704.000000
121119.000000
118690.000000
118855.000000
125904.000000
119264.000000
117774.000000
116892.000000
119113.000000
117951.000000
118540.000000
116741.000000
123529.000000
118971.000000
117357.000000
118200.000000
117323.000000
119765.000000
118443.000000
117296.000000
116758.000000
123425.000000
118358.000000
118784.000000
121125.000000
117407.000000
117616.000000
119047.000000
118304.000000
124122.000000
130022.000000
119843.000000
117209.000000
117440.000000
120306.000000
119470.000000
117320.000000
118382.000000
123922.000000
117282.000000
116883.000000
116896.000000
116666.000000
119311.000000
117725.000000
118397.000000
124809.000000
128690.000000
128540.000000
117518.000000
117350.000000
120306.000000
118709.000000
117031.000000
123650.000000
118132.000000
117046.000000
116800.000000
117707.000000
115627.000000
116937.000000
115140.000000
116677.000000
121679.000000
115906.000000
115112.000000
115058.000000
114849.000000
115112.000000
116589.000000
115770.000000
116031.000000
122983.000000
115387.000000
115431.000000
115136.000000
115163.000000
117196.000000
115526.000000
116097.000000
122621.000000
117333.000000
115964.000000
114988.000000
115483.000000
115302.000000
117301.000000
115114.000000
116921.000000
126985.000000
115846.000000
115464.000000
119693.000000
115520.000000
116764.000000
115388.000000
116217.000000
117736.000000
121569.000000
115913.000000
115088.000000
114910.000000
115756.000000
116999.000000
114915.000000
115805.000000
121945.000000
115402.000000
115814.000000
115518.000000
115602.000000
115536.000000
116937.000000
115738.000000
115814.000000
123920.000000
116173.000000
115591.000000
115144.000000
115749.000000
116656.000000
115639.000000
115524.000000
117083.000000
122992.000000
115531.000000
114783.000000
115055.000000
115133.000000
116789.000000
116432.000000
115595.000000
122966.000000
116122.000000
116612.000000
120911.000000
115324.000000
116662.000000
115839.000000
115024.000000
115971.000000
122301.000000
115809.000000
115063.000000
115172.000000
115410.000000
117044.000000
115275.000000
115616.000000
116392.000000
120624.000000
114834.000000
115369.000000
129717.000000
120914.000000
115752.000000
116555.000000
115656.000000
121427.000000
115441.000000
115074.000000
114867.000000
115057.000000
116816.000000
115046.000000
117377.000000
128151.000000
123334.000000
115067.000000
115544.000000
115232.000000
117475.000000
115448.000000
115656.000000
115501.000000
118666.000000
118057.000000
115314.000000
118313.000000
115157.000000
117756.000000
116336.000000
115887.000000
117017.000000
121444.000000
115113.000000
115327.000000
114996.000000
115820.000000
116620.000000
115698.000000
116681.000000
116210.000000
120636.000000
115039.000000
115290.000000
114997.000000
116565.000000
115590.000000
115450.000000
115320.000000
115559.000000
121127.000000
114871.000000
115345.000000
115543.000000
116339.000000
116312.000000
115731.000000
116762.000000
121240.000000
114992.000000
114826.000000
115583.000000
117131.000000
114957.000000
122682.000000
116712.000000
116618.000000
121289.000000
115402.000000
115495.000000
115309.000000
116405.000000
115127.000000
115778.000000
116178.000000
115187.000000
121245.000000
115237.000000
115156.000000
116102.000000
115989.000000
115226.000000
115656.000000
116369.000000
121128.000000
114771.000000
114950.000000
115069.000000
116662.000000
115488.000000
115003.000000
115767.000000
115778.000000
120466.000000
114978.000000
115151.000000
115402.000000
116113.000000
115157.000000
115682.000000
115554.000000
115371.000000
120965.000000
115092.000000
115046.000000
116355.000000
115306.000000
116040.000000
116248.000000
116380.000000
120417.000000
115708.000000
119300.000000
115143.000000
116870.000000
115285.000000
119580.000000
117967.000000
116969.000000
122397.000000
115474.000000
115304.000000
115781.000000
116057.000000
115842.000000
117106.000000
115461.000000
116176.000000
121046.000000
115186.000000
115537.000000
116601.000000
115608.000000
116013.000000
117441.000000
117080.000000
120192.000000
114975.000000
115229.000000
115459.000000
115907.000000
115342.000000
115686.000000
116147.000000
115311.000000
120550.000000
115344.000000
115213.000000
116837.000000
115307.000000
115285.000000
116584.000000
118022.000000
115019.000000
120814.000000
114701.000000
115440.000000
115830.000000
115439.000000
115904.000000
116086.000000
115270.000000
120212.000000
116259.000000
115283.000000
116477.000000
134963.000000
118626.000000
116946.000000
119498.000000
115439.000000
120647.000000
115289.000000
115961.000000
116285.000000
115496.000000
116023.000000
116075.000000
115277.000000
114951.000000
120329.000000
115554.000000
115918.000000
116119.000000
115091.000000
115219.000000
118248.000000
118542.000000
121500.000000
115718.000000
116537.000000
117655.000000
114919.000000
117768.000000
118334.000000
117936.000000
114945.000000
127364.000000
115012.000000
115900.000000
116320.000000
115414.000000
115644.000000
117735.000000
115755.000000
118250.000000
118422.000000
115782.000000
116520.000000
115393.000000
119697.000000
118649.000000
117337.000000
116316.000000
122829.000000
116294.000000
118048.000000
118537.000000
116015.000000
117107.000000
116292.000000
115203.000000
115344.000000
120338.000000
115039.000000
117528.000000
115159.000000
115671.000000
116146.000000
115209.000000
118454610.000000
