115596.000000
125408.000000
118209.000000
115899.000000
118236.000000
117911.000000
116351.000000
118118.000000
115609.000000
119479.000000
120446.000000
115083.000000
116561.000000
115501.000000
117166.000000
116650.000000
115660.000000
114888.000000
115449.000000
120615.000000
115880.000000
117353.000000
115500.000000
116849.000000
116012.000000
115391.000000
115025.000000
120429.000000
116449.000000
116188.000000
114963.000000
115945.000000
115568.000000
115411.000000
115743.000000
120781.000000
129015.000000
116255.000000
116894.000000
114924.000000
117159.000000
116646.000000
115564.000000
115061.000000
114870.000000
121946.000000
116342.000000
115334.000000
115187.000000
116060.000000
116516.000000
115023.000000
117761.000000
123078.000000
115447.000000
116331.000000
115143.000000
115137.000000
116175.000000
118226.000000
115030.000000
115086.000000
120298.000000
116125.000000
116654.000000
115883.000000
118104.000000
115840.000000
115466.000000
115057.000000
114984.000000
120284.000000
118188.000000
115987.000000
115274.000000
115923.000000
116000.000000
115392.000000
114895.000000
120989.000000
115916.000000
116322.000000
115496.000000
116499.000000
115725.000000
116326.000000
115993.000000
115298.000000
120559.000000
116441.000000
115820.000000
116002.000000
128821.000000
116161.000000
115502.000000
114849.000000
115570.000000
121075.000000
115822.000000
115017.000000
117245.000000
116960.000000
114825.000000
115646.000000
115359.000000
120237.000000
115574.000000
115922.000000
115358.000000
115503.000000
115918.000000
115126.000000
114852.000000
115146.000000
122996.000000
115745.000000
115474.000000
119192.000000
116544.000000
114974.000000
115612.000000
114854.000000
115120.000000
120979.000000
115652.000000
115394.000000
115199.000000
117067.000000
115139.000000
115251.000000
114812.000000
120362.000000
117348.000000
115066.000000
115164.000000
116608.000000
116243.000000
115097.000000
120639.000000
118108.000000
121288.000000
115802.000000
115383.000000
117284.000000
115576.000000
114979.000000
115233.000000
114989.000000
115014.000000
121549.000000
115354.000000
115780.000000
116339.000000
116092.000000
115781.000000
116878.000000
117256.000000
124107.000000
117295.000000
115486.000000
116074.000000
116692.000000
115267.000000
114896.000000
115208.000000
115158.000000
120958.000000
115983.000000
115149.000000
116495.000000
117814.000000
115005.000000
115036.000000
114988.000000
115330.000000
121669.000000
115724.000000
115105.000000
116362.000000
116799.000000
115004.000000
115042.000000
115011.000000
120630.000000
116011.000000
114825.000000
115327.000000
116756.000000
115084.000000
115050.000000
114721.000000
115076.000000
121703.000000
115032.000000
115208.000000
116163.000000
115053.000000
115499.000000
114921.000000
114956.000000
115593.000000
121495.000000
115142.000000
115367.000000
115101.000000
128728.000000
126119.000000
115477.000000
115215.000000
120872.000000
115652.000000
115177.000000
115759.000000
115555.000000
115097.000000
115139.000000
115033.000000
115520.000000
125709.000000
115338.000000
116925.000000
117614.000000
115594.000000
115395.000000
115799.000000
115045.000000
116023.000000
121300.000000
115146.000000
115347.000000
115546.000000
115097.000000
115937.000000
115203.000000
115210.000000
121539.000000
115016.000000
115505.000000
115204.000000
115058.000000
115462.000000
116255.000000
115078.000000
116992.000000
126901.000000
129509.000000
126174.000000
115561.000000
114984.000000
115021.000000
115280.000000
115507.000000
116265.000000
120284.000000
115480.000000
115847.000000
115077.000000
115629.000000
115361.000000
115147.000000
115999.000000
121321.000000
115108.000000
115321.000000
115799.000000
118021.000000
118089.000000
115021.000000
115103.000000
115925.000000
121497.000000
117028.000000
115952.000000
118262.000000
114910.000000
115378.000000
115425.000000
116000.000000
115998.000000
120306.000000
116172.000000
116466.000000
122529.000000
116482.000000
116542.000000
123434.000000
119548.000000
123040.000000
117115.000000
116831.000000
117083.000000
117580.000000
116734.000000
117232.000000
117789.000000
117568.000000
122583.000000
118385.000000
118350.000000
118671.000000
116951.000000
116290.000000
116670.000000
117266.000000
123381.000000
117512.000000
119110.000000
117458.000000
116843.000000
121480.000000
116431.000000
117346.000000
117143.000000
122831.000000
116604.000000
117019.000000
118707.000000
116610.000000
116810.000000
117514.000000
117953.000000
123698.000000
117431.000000
117675.000000
118229.000000
117128.000000
116697.000000
117396.000000
117472.000000
116932.000000
123221.000000
116591.000000
117603.000000
119265.000000
116607.000000
116400.000000
117343.000000
117971.000000
121696.000000
117201.000000
116819.000000
117947.000000
117063.000000
116630.000000
116596.000000
117614.000000
117452.000000
122049.000000
117126.000000
117825.000000
125847.000000
116649.000000
116594.000000
117085.000000
118200.000000
116639.000000
122074.000000
116898.000000
116922.000000
117113.000000
116798.000000
116236.000000
117230.000000
117820.000000
122376.000000
116709.000000
116903.000000
118406.000000
115271.000000
115159.000000
115889.000000
116294.000000
115128.000000
121284.000000
115478.000000
115307.000000
115404.000000
115290.000000
114813.000000
116617.000000
116237.000000
115395.000000
120479.000000
115616.000000
115309.000000
115269.000000
115094.000000
115076.000000
115680.000000
115759.000000
121094.000000
115806.000000
115764.000000
115290.000000
115776.000000
116346.000000
116502.000000
116481.000000
115312.000000
120728.000000
115977.000000
115269.000000
114954.000000
115483.000000
115536.000000
115803.000000
115821.000000
115511.000000
120658.000000
115337.000000
115541.000000
116104.000000
115053.000000
115800.000000
115484.000000
115854.000000
121251.000000
116329.000000
115985.000000
115004.000000
115379.000000
115242.000000
116210.000000
115923.000000
116010.000000
122515.000000
117975.000000
115621.000000
115233.000000
115080.000000
115098.000000
115889.000000
115957.000000
115386.000000
125218.000000
120817.000000
115351.000000
115646.000000
115813.000000
115802.000000
115927.000000
115038.000000
120601.000000
115583.000000
115068.000000
115234.000000
115159.000000
115322.000000
115832.000000
115862.000000
115735.000000
121342.000000
115113.000000
115004.000000
115133.000000
115096.000000
116439.000000
116004.000000
115052.000000
115686.000000
120909.000000
115100.000000
114866.000000
115135.000000
115098.000000
115791.000000
115850.000000
114950.000000
120285.000000
115601.000000
114977.000000
114925.000000
115204.000000
115146.000000
116478.000000
116171.000000
122614.000000
121336.000000
115375.000000
115184.000000
115179.000000
115628.000000
116194.000000
116316.000000
114891.000000
114927.000000
121054.000000
115345.000000
115215.000000
115551.000000
115026.000000
115661.000000
115952.000000
115383.000000
114849.000000
121280.000000
114979.000000
115813.000000
114992.000000
115441.000000
115678.000000
115965.000000
114983.000000
122034.000000
115288.000000
115162.000000
115017.000000
115217.000000
115827.000000
116159.000000
115025.000000
115723.000000
120650.000000
115299.000000
114962.000000
115229.000000
115102.000000
115762.000000
115908.000000
115173.000000
114897.000000
120924.000000
116451.000000
116079.000000
115086.000000
115748.000000
119153.000000
115180.000000
115358.000000
120798.000000
115367.000000
115145.000000
115292.000000
114949.000000
115886.000000
116093.000000
115416.000000
115379.000000
120571.000000
115443.000000
115164.000000
115453.000000
115794.000000
115854.000000
116094.000000
115269.000000
115260.000000
120682.000000
115686.000000
115207.000000
115212.000000
116100.000000
115875.000000
115287.000000
117437.000000
119904.000000
116749.000000
115306.000000
114988.000000
114946.000000
115799.000000
116177.000000
115316.000000
118179.000000
123695.000000
115112.000000
115346.000000
115308.000000
116009.000000
116200.000000
115120.000000
115068.000000
115521.000000
120987.000000
115951.000000
114855.000000
115096.000000
115697.000000
115960.000000
115089.000000
115551.000000
115641.000000
120023.000000
114775.000000
115119.000000
115834.000000
115379.000000
115730.000000
128593.000000
116400.000000
121245.000000
115265.000000
115231.000000
115440.000000
116126.000000
115772.000000
115217.000000
115374.000000
117453.000000
120461.000000
115065.000000
115113.000000
115776.000000
118143.000000
116495.000000
115331.000000
115166.000000
115046.000000
121011.000000
119958.000000
116452.000000
116329.000000
116028.000000
115341.000000
115223.000000
115163.000000
120651.000000
115135.000000
115127.000000
115047.000000
115765.000000
116010.000000
115263.000000
115021.000000
115211.000000
120354.000000
114922.000000
115293.000000
115538.000000
115158.000000
115628.000000
115439.000000
115221.000000
115320.000000
121111.000000
115260.000000
115169.000000
115530.000000
115518.000000
114711.000000
115212.000000
114930.000000
119998.000000
115335.000000
115175.000000
115384.000000
114959.000000
115898.000000
116255.000000
115297.000000
115351.000000
120277.000000
123052.000000
118525.000000
116111.000000
116225.000000
115463.000000
115411.000000
115236.000000
116016.000000
120741.000000
114832.000000
115168.000000
115782.000000
115924.000000
115350.000000
114857.000000
115207.000000
119771.000000
118827.000000
114999.000000
116443.000000
115477.000000
116063.000000
115482.000000
115451.000000
115729.000000
120455.000000
115142.000000
115149.000000
115799.000000
116110.000000
124275.000000
115641.000000
115440.000000
115128.000000
120797.000000
115129.000000
115888.000000
115624.000000
115852.000000
115341.000000
115064.000000
115332.000000
117868.000000
119846.000000
121800.000000
116681.000000
116251.000000
114848.000000
115178.000000
115284.000000
114829.000000
120479.000000
114871.000000
115281.000000
115704.000000
116133.000000
115358.000000
115244.000000
115295.000000
114907.000000
120245.000000
115140.000000
115926.000000
115218.000000
115553.000000
115494.000000
115453.000000
114974.000000
114933.000000
120248.000000
114770.000000
115517.000000
115297.000000
114963.000000
114908.000000
115128.000000
115041.000000
120237.000000
114698.000000
115562.000000
115284.000000
116009.000000
116163.000000
116128.000000
116781.000000
115916.000000
120367.000000
114973.000000
115865.000000
115145.000000
115678.000000
115349.000000
123483.000000
127687.000000
116152.000000
120437.000000
115653.000000
115341.000000
116115.000000
114986.000000
115416.000000
115268.000000
115142.000000
120228.000000
115120.000000
116078.000000
115107.000000
116198.000000
116353.000000
115509.000000
115123.000000
115274.000000
121392.000000
115198.000000
115338.000000
116374.000000
115463.000000
115289.000000
115675.000000
115263.000000
115838.000000
120353.000000
116088.000000
115141.000000
116242.000000
115502.000000
115645.000000
115764.000000
119257.000000
120809.000000
114920.000000
115659.000000
115990.000000
115076.000000
114886.000000
115364.000000
114999.000000
115219.000000
130018.000000
115995.000000
115457.000000
115815.000000
116278.000000
115670.000000
115488.000000
115417.000000
115297.000000
120310.000000
125894.000000
116353.000000
116107.000000
115462.000000
116590.000000
115587.000000
115838.000000
120407.000000
116313.000000
124840.000000
115880.000000
116576.000000
117842.000000
115108.000000
114815.000000
114917.000000
120294.000000
124904.000000
116255.000000
115662.000000
115346.000000
115443.000000
115119.000000
115064.000000
115152.000000
120982.000000
118838.000000
116487.000000
115836.000000
115291.000000
115036.000000
115242.000000
115346.000000
120453.000000
120301.000000
115009.000000
116387.000000
115478.000000
115661.000000
114996.000000
115104.000000
115321.000000
120346.000000
119740.000000
115660.000000
115856.000000
115207.000000
115302.000000
115419.000000
115063.000000
114987.000000
125770.000000
115478.000000
116200.000000
115434.000000
116973.000000
116488.000000
115638.000000
115245.000000
120421.000000
120725.000000
116126.000000
115350.000000
115417.000000
116134.000000
115085.000000
115609.000000
115107.000000
128676.000000
123684.000000
116154.000000
115905.000000
116117.000000
115490.000000
115043.000000
115090.000000
120162.000000
118523.000000
115331.000000
115962.000000
115333.000000
116230.000000
115287.000000
115211.000000
115456.000000
122546.000000
115903.000000
116077.000000
115611.000000
115102.000000
116752.000000
115062.000000
115339.000000
115218.000000
124836.000000
115122.000000
115507.000000
115888.000000
115705.000000
116016.000000
115089.000000
115378.000000
117890.000000
123717.000000
115847.000000
115944.000000
116407.000000
115595.000000
115665.000000
116555.000000
117099.000000
128779.000000
116048.000000
116001.000000
115065.000000
115640.000000
115346.000000
115341.000000
115178.000000
115277.000000
124711.000000
115837.000000
115374.000000
115514.000000
117053.000000
115475.000000
115110.000000
114909.000000
126238.000000
119738.000000
115791.000000
115326.000000
115953.000000
117223.000000
114995.000000
114978.000000
114721.000000
125177.000000
115769.000000
120134.000000
115022.000000
115017.000000
115224.000000
115135.000000
115118.000000
117102.000000
120606.000000
115591.000000
115195.000000
115345.000000
115482.000000
115325.000000
115067.000000
115533.000000
125672.000000
115239.000000
115864.000000
115207.000000
117657.000000
115061.000000
115342.000000
115232.000000
116140.000000
123390.000000
115835.000000
118981.000000
116591.000000
115941.000000
115283.000000
115168.000000
115438.000000
117612.000000
120575.000000
123138.000000
118077.000000
118003.000000
118781.000000
116726.000000
116512.000000
117636.000000
123958.000000
118040.000000
119556.000000
117251.000000
117245.000000
117093.000000
116177.000000
116865.000000
119781.000000
121973.000000
122394.000000
118166.000000
119549.000000
117127.000000
116850.000000
118652.000000
119838.000000
122042.000000
117672.000000
117732.000000
116800046.000000
