119984.000000
114940.000000
116503.000000
115180.000000
115558.000000
117948.000000
115227.000000
115054.000000
121071.000000
115902.000000
115390.000000
115178.000000
115041.000000
115606.000000
114850.000000
117726.000000
117823.000000
122492.000000
130568.000000
133412.000000
130322.000000
130727.000000
130926.000000
132851.000000
119834.000000
123756.000000
117046.000000
117215.000000
116851.000000
116778.000000
117324.000000
116704.000000
116646.000000
123365.000000
116579.000000
117131.000000
116798.000000
116776.000000
117559.000000
117426.000000
117202.000000
117052.000000
122809.000000
117101.000000
116742.000000
116734.000000
116960.000000
118103.000000
116679.000000
117005.000000
123677.000000
116920.000000
116598.000000
116771.000000
116610.000000
117484.000000
117256.000000
116876.000000
117345.000000
123241.000000
117195.000000
116387.000000
117776.000000
117061.000000
117139.000000
116702.000000
117492.000000
118884.000000
123598.000000
117084.000000
117117.000000
118126.000000
117045.000000
117340.000000
116992.000000
117635.000000
123189.000000
117531.000000
117195.000000
117119.000000
117468.000000
117880.000000
116808.000000
117033.000000
117931.000000
122182.000000
116888.000000
116789.000000
117135.000000
118290.000000
118088.000000
117454.000000
116947.000000
124959.000000
117419.000000
116415.000000
122932.000000
117725.000000
117774.000000
116779.000000
118652.000000
118348.000000
123513.000000
119964.000000
116865.000000
117209.000000
117614.000000
117069.000000
134284.000000
122997.000000
121485.000000
115938.000000
115068.000000
115624.000000
115454.000000
115271.000000
115062.000000
115148.000000
116601.000000
120547.000000
116839.000000
115065.000000
115222.000000
116138.000000
115539.000000
115414.000000
115190.000000
116034.000000
121100.000000
114957.000000
114906.000000
115328.000000
115288.000000
115267.000000
115100.000000
115714.000000
121467.000000
115179.000000
115225.000000
114983.000000
115645.000000
114834.000000
115073.000000
115295.000000
115591.000000
120289.000000
115867.000000
115296.000000
118380.000000
116022.000000
115660.000000
116215.000000
117573.000000
116730.000000
121052.000000
115310.000000
114750.000000
116665.000000
119513.000000
115626.000000
115279.000000
115963.000000
120802.000000
115026.000000
114992.000000
114864.000000
115976.000000
115257.000000
114889.000000
115624.000000
115981.000000
120744.000000
115066.000000
114979.000000
115352.000000
115966.000000
115002.000000
122083.000000
117995.000000
117040.000000
122222.000000
116461.000000
116191.000000
116828.000000
116844.000000
117169.000000
118030.000000
117384.000000
122309.000000
117433.000000
117012.000000
117578.000000
117000.000000
118069.000000
119477.000000
117619.000000
118205.000000
122314.000000
130787.000000
124273.000000
117985.000000
116818.000000
118423.000000
117500.000000
118469.000000
123042.000000
117113.000000
117317.000000
117873.000000
117837.000000
123594.000000
124262.000000
117426.000000
117659.000000
121718.000000
116519.000000
116554.000000
117415.000000
117281.000000
117518.000000
118966.000000
117524.000000
123397.000000
117076.000000
116738.000000
119096.000000
116770.000000
120195.000000
119988.000000
118780.000000
117417.000000
123378.000000
116619.000000
118334.000000
116493.000000
117807.000000
117183.000000
118651.000000
120393.000000
123765.000000
117700.000000
117293.000000
118662.000000
117305.000000
117231.000000
127639.000000
120776.000000
117257.000000
121784.000000
116647.000000
117488.000000
116724.000000
116788.000000
117106.000000
118019.000000
116667.000000
126490.000000
118427.000000
117124.000000
117863.000000
117321.000000
119992.000000
116599.000000
116763.000000
115862.000000
120492.000000
115638.000000
115876.000000
115702.000000
114927.000000
116269.000000
116291.000000
115345.000000
115500.000000
120583.000000
115112.000000
116100.000000
115155.000000
115228.000000
115616.000000
116691.000000
116312.000000
120456.000000
115567.000000
116547.000000
116382.000000
118653.000000
115865.000000
116339.000000
116029.000000
115629.000000
121036.000000
115368.000000
117986.000000
115690.000000
117240.000000
118577.000000
121003.000000
117869.000000
123740.000000
115195.000000
115993.000000
115414.000000
115707.000000
115590.000000
117558.000000
115668.000000
124726.000000
121297.000000
115355.000000
116321.000000
115257.000000
116249.000000
116210.000000
116676.000000
116066.000000
115523.000000
125759.000000
116536.000000
115481.000000
115716.000000
116457.000000
121372.000000
119757.000000
115923.000000
121344.000000
118736.000000
116576.000000
116189.000000
115508.000000
115139.000000
116711.000000
115233.000000
115254.000000
120522.000000
115470.000000
115232.000000
114808.000000
115880.000000
115597.000000
116411.000000
115626.000000
115089.000000
120585.000000
115980.000000
115078.000000
116093.000000
115482.000000
116927.000000
115300.000000
115905.000000
120252.000000
114980.000000
116363.000000
115106.000000
117206.000000
116608.000000
117837.000000
115450.000000
115592.000000
120584.000000
116588.000000
115811.000000
115916.000000
115599.000000
116704.000000
115478.000000
116022.000000
115103.000000
121434.000000
115893.000000
115710.000000
115302.000000
116310.000000
116734.000000
119047.000000
116418.000000
121272.000000
116284.000000
115433.000000
115171.000000
115925.000000
116754.000000
115920.000000
115500.000000
115076.000000
120295.000000
116308.000000
115617.000000
119347.000000
119683.000000
116426.000000
116064.000000
115269.000000
115762.000000
121412.000000
122196.000000
117115.000000
116137.000000
115256.000000
116486.000000
115383.000000
115667.000000
121087.000000
116134.000000
116707.000000
116175.000000
115580.000000
116340.000000
115895.000000
115275.000000
115967.000000
120479.000000
116579.000000
115373.000000
115879.000000
116105.000000
120892.000000
118240.000000
117150.000000
116030.000000
121839.000000
115310.000000
116635.000000
115333.000000
116707.000000
114998.000000
114970.000000
114815.000000
120460.000000
116289.000000
115337.000000
116180.000000
115557.000000
115953.000000
115693.000000
115802.000000
117500.000000
127812.000000
123910.000000
119175.000000
116168.000000
117195.000000
116303.000000
115686.000000
115749.000000
120551.000000
117286.000000
115931.000000
116890.000000
116764.000000
116637.000000
116091.000000
120019.000000
115023.000000
121387.000000
115884.000000
115022.000000
117054.000000
116501.000000
115001.000000
115572.000000
115009.000000
115375.000000
121463.000000
115655.000000
115820.000000
116133.000000
116831.000000
115924.000000
115359.000000
120845.000000
139477.000000
115978.000000
118821.000000
117613.000000
116611.000000
116577.000000
115162.000000
116084.000000
115707.000000
123379.000000
116644.000000
118010.000000
116910.000000
117124.000000
116440.000000
115552.000000
115782.000000
119891.000000
117456.000000
115184.000000
116483.000000
116090.000000
119728.000000
118854.000000
115250.000000
115894.000000
122456.000000
116152.000000
115364.000000
115716.000000
116942.000000
123550.000000
116347.000000
115710.000000
116287.000000
120980.000000
115836.000000
115742.000000
116695.000000
117575.000000
124491.000000
117648.000000
115567.000000
123204.000000
115834.000000
115586.000000
115763.000000
116543.000000
115447.000000
115350.000000
115130.000000
116038.000000
119717.000000
115656.000000
115992.000000
117683.000000
117602.000000
120951.000000
116900.000000
116209.000000
116695.000000
121643.000000
115844.000000
116527.000000
116442.000000
116602.000000
115377.000000
124484.000000
117440.000000
122415.000000
115270.000000
116180.000000
116301.000000
117132.000000
115646.000000
115061.000000
114999.000000
115967.000000
120919.000000
115760.000000
116305.000000
116128.000000
115337.000000
120619.000000
115667.000000
115566.000000
120583.000000
115939.000000
115593.000000
116092.000000
116277.000000
115173.000000
114953.000000
114987.000000
115953.000000
121002.000000
115369.000000
115945.000000
116301.000000
115441.000000
116718.000000
117661.000000
115366.000000
116591.000000
120883.000000
123947.000000
116973.000000
117516.000000
126690.000000
116562.000000
116727.000000
117155.000000
120948.000000
116613.000000
115428.000000
116819.000000
116033.000000
115696.000000
115299.000000
115609.000000
116962.000000
123062.000000
125960.000000
119878.000000
117196.000000
116263.000000
116648.000000
114982.000000
116913.000000
121516.000000
117380.000000
115622.000000
117563.000000
116922.000000
116102.000000
116040.000000
115762.000000
115749.000000
122832.000000
116565.000000
119346.000000
116923.000000
116374.000000
115827.000000
116081.000000
116844.000000
115886.000000
121976.000000
119920.000000
123207.000000
116527.000000
117747.000000
115084.000000
116317.000000
115572.000000
122047.000000
116157.000000
116478.000000
116456.000000
115219.000000
115564.000000
115457.000000
115494.000000
114795.000000
120814.000000
115479.000000
115194.000000
116414.000000
115708.000000
115885.000000
115193.000000
116295.000000
115078.000000
121232.000000
117697.000000
123364.000000
115908.000000
115032.000000
115547.000000
115800.000000
115470.000000
120971.000000
116498.000000
116168.000000
116015.000000
115615.000000
116515.000000
116656.000000
115593.000000
115953.000000
122555.000000
116310.000000
116337.000000
115859.000000
117476.000000
125773.000000
126140.000000
115742.000000
120618.000000
115557.000000
116086.000000
116652.000000
115198.000000
114842.000000
115165.000000
117054.000000
116362.000000
120571.000000
115567.000000
117213.000000
116233.000000
115362.000000
115567.000000
121942.000000
116620.000000
116601.000000
120663.000000
115679.000000
115952.000000
115336.000000
115528.000000
115593.000000
116719.000000
115209.000000
121542.000000
115933.000000
117353.000000
115229.000000
116369.000000
115953.000000
115995.000000
115721.000000
115483.000000
121650.000000
116152.000000
117097.000000
115999.000000
122319.000000
115843.000000
116714.000000
116566.000000
116143.000000
121311.000000
117070.000000
115528.000000
115197.000000
115144.000000
115207.000000
115900.000000
115103.000000
124770.000000
121770.000000
116572.000000
115352.000000
115616.000000
115554.000000
115934.000000
115558.000000
117122.000000
121268.000000
115693.000000
116918.000000
115227.000000
116554.000000
115043.000000
118548.000000
120392.000000
120401.000000
126810.000000
116135.000000
115520.000000
116316.000000
115645.000000
115784.000000
115858.000000
116115.000000
120512.000000
115905.000000
120695.000000
115781.000000
115341.000000
115482.000000
118867.000000
115324.000000
115417.000000
121049.000000
116899.000000
115154.000000
123114.000000
116943.000000
119778.000000
115977.000000
115141.000000
137890.000000
129577.000000
117488.000000
117071.000000
117517.000000
118149.000000
118104.000000
117879.000000
118135.000000
123230.000000
117598.000000
116923.000000
116953.000000
117625.000000
117489.000000
117029.000000
118367.000000
123545.000000
119983.000000
118081.000000
118222.000000
116698.000000
118237.000000
117734.000000
119118.000000
117893.000000
123230.000000
118784.000000
117900.000000
117336.000000
117390.000000
118077.000000
117631.000000
117951.000000
123876.000000
117788.000000
117305.000000
117975.000000
117640.000000
117979.000000
117300.000000
118411.000000
118011.000000
125952.000000
121423.000000
115461.000000
115947.000000
115294.000000
115529.000000
114820.000000
116231.000000
117254.000000
120239.000000
115014.000000
115785.000000
115540.000000
115969.000000
115107.000000
115274.000000
115561.000000
121154.000000
116409.000000
115126.000000
116754.000000
115554.000000
115919.000000
115191.000000
115238.000000
116269.000000
122116.000000
118401.000000
115451.000000
116355.000000
115864.000000
116609.000000
116307.000000
115479.000000
116093.000000
122558.000000
115239.000000
114984.000000
115237.000000
116501.000000
115691.000000
115273.000000
115471.000000
121230.000000
115980.000000
115443.000000
115249.000000
115827.000000
116708.000000
115847.000000
115857.000000
116251.000000
123480.000000
115014.000000
115020.000000
115387.000000
118822.000000
116806.000000
118095.000000
117710.000000
116827.000000
122680.000000
117297.000000
116945.000000
117462.000000
118023.000000
116745.000000
117093.000000
117617.000000
124196.000000
116935.000000
117763.000000
117023.000000
117841.000000
116811.000000
117515.000000
116544.000000
116387.000000
124577.000000
116537.000000
117707.000000
117111.000000
120390.000000
116629.000000
117631.000000
116940.000000
123093.000000
117375.000000
116905.000000
116267.000000
118408.000000
118134.000000
117332.000000
116988.000000
117224.000000
123798.000000
117196.000000
116303.000000
117051.000000
119810.000000
117031.000000
117673.000000
116801.000000
123070.000000
116426.000000
117609.000000
117140.000000
117942.000000
116988.000000
118850.000000
118933.000000
116797.000000
125237.000000
116623.000000
116723.000000
118489.000000
120139.000000
117194.000000
117168.000000
117104.000000
123139.000000
117580.000000
116996.000000
117552.000000
118311.000000
117134.000000
118068.000000
116915.000000
117513.000000
122574.000000
117265.000000
117643.000000
117918.000000
118986.000000
118203.000000
117432.000000
116649.000000
118997.000000
123446.000000
117086.000000
116545.000000
119949.000000
114831.000000
115399.000000
115451.000000
119840.000000
121706.000000
114824.000000
115053.000000
117508.000000
117034.000000
116021.000000
115674.000000
115688.000000
116326.000000
123249.000000
117897.000000
115811.000000
115945.000000
115390.000000
115407.000000
115026.000000
114853.000000
120178.000000
117429.000000
115044.000000
116161.000000
114991.000000
115098.000000
116207.000000
115188.000000
116223.000000
120465.000000
118471.000000
121703.000000
116964.000000
116084.000000
116722.000000
115865.000000
115130.000000
117321.000000
121013.000000
115092.000000
116195.000000
115465.000000
115840.000000
118095.000000
116284.000000
116144.000000
120239.000000
115188.000000
115179.000000
117559327.000000
