120365.000000
118970.000000
121537.000000
117956.000000
116881.000000
117589.000000
120665.000000
121421.000000
126923.000000
118499.000000
117400.000000
117420.000000
116128.000000
115868.000000
115332.000000
118868.000000
127841.000000
117430.000000
117929.000000
116556.000000
115993.000000
116365.000000
118296.000000
118867.000000
119736.000000
120769.000000
115982.000000
115368.000000
116374.000000
119590.000000
118051.000000
119986.000000
119940.000000
126917.000000
121145.000000
118619.000000
119623.000000
121172.000000
118164.000000
119505.000000
119545.000000
123230.000000
123667.000000
116404.000000
115666.000000
116957.000000
115433.000000
115319.000000
116674.000000
118325.000000
130957.000000
116286.000000
118071.000000
118103.000000
118057.000000
116675.000000
115960.000000
116244.000000
121728.000000
123262.000000
118322.000000
119550.000000
117789.000000
118666.000000
120915.000000
117270.000000
122356.000000
125698.000000
121548.000000
118374.000000
117191.000000
116876.000000
116702.000000
122349.000000
120405.000000
121909.000000
120956.000000
122136.000000
121942.000000
119030.000000
117626.000000
118510.000000
117906.000000
123622.000000
125231.000000
118668.000000
119048.000000
117351.000000
117357.000000
115968.000000
115942.000000
123587.000000
118820.000000
126191.000000
120073.000000
119024.000000
117607.000000
120302.000000
118115.000000
118062.000000
123111.000000
123708.000000
119798.000000
119386.000000
116744.000000
116021.000000
115322.000000
117038.000000
122440.000000
124213.000000
123487.000000
120035.000000
118615.000000
116529.000000
115135.000000
115355.000000
118799.000000
116694.000000
126777.000000
128784.000000
117026.000000
117293.000000
115701.000000
115421.000000
117565.000000
121597.000000
123080.000000
120816.000000
122094.000000
121388.000000
119395.000000
117302.000000
116660.000000
121936.000000
118710.000000
125767.000000
117278.000000
117844.000000
115601.000000
116316.000000
115307.000000
116915.000000
122694.000000
121968.000000
116590.000000
115177.000000
116037.000000
119013.000000
118852.000000
120284.000000
123495.000000
118276.000000
123847.000000
117579.000000
116955.000000
117106.000000
118231.000000
119987.000000
119431.000000
115151.000000
120474.000000
117268.000000
115937.000000
115722.000000
115242.000000
115854.000000
115668.000000
118665.000000
116826.000000
123812.000000
116829.000000
117258.000000
116613.000000
119590.000000
115962.000000
120085.000000
117376.000000
118375.000000
122943.000000
115953.000000
116606.000000
116835.000000
117436.000000
116065.000000
125660.000000
123806.000000
123765.000000
117272.000000
116161.000000
116949.000000
116753.000000
117528.000000
120532.000000
117783.000000
118689.000000
124324.000000
117385.000000
119443.000000
119957.000000
118502.000000
118952.000000
121791.000000
117653.000000
128795.000000
118321.000000
118296.000000
118398.000000
131458.000000
119877.000000
122849.000000
116179.000000
122510.000000
119041.000000
121906.000000
123397.000000
118749.000000
117747.000000
120128.000000
120622.000000
118047.000000
121630.000000
118132.000000
115792.000000
115624.000000
116175.000000
117486.000000
118475.000000
117621.000000
124899.000000
115806.000000
118925.000000
118330.000000
120033.000000
120486.000000
126613.000000
115723.000000
120244.000000
123884.000000
116071.000000
116459.000000
119019.000000
118142.000000
120604.000000
117006.000000
116772.000000
123154.000000
117520.000000
115498.000000
115139.000000
115326.000000
115039.000000
120492.000000
115015.000000
116128.000000
121533.000000
118383.000000
115006.000000
115288.000000
115729.000000
120708.000000
116709.000000
115526.000000
116336.000000
121256.000000
115661.000000
114919.000000
114794.000000
115525.000000
120247.000000
115433.000000
115943.000000
120805.000000
115978.000000
115451.000000
115261.000000
115071.000000
117821.000000
115420.000000
115093.000000
116167.000000
120665.000000
115971.000000
115093.000000
115330.000000
115171.000000
119130.000000
115157.000000
116603.000000
115801.000000
122063.000000
115850.000000
115294.000000
114839.000000
115305.000000
123511.000000
114819.000000
116100.000000
121026.000000
116501.000000
115432.000000
115291.000000
117541.000000
121319.000000
117155.000000
115476.000000
115860.000000
120073.000000
115185.000000
115341.000000
114920.000000
115159.000000
119622.000000
114831.000000
116658.000000
116377.000000
121111.000000
114976.000000
115158.000000
114893.000000
119326.000000
115247.000000
115790.000000
117329.000000
121239.000000
115616.000000
114979.000000
115396.000000
115053.000000
121470.000000
115041.000000
116398.000000
115999.000000
121981.000000
115257.000000
114900.000000
115335.000000
116547.000000
117148.000000
115250.000000
116523.000000
119014.000000
121841.000000
115647.000000
115059.000000
115375.000000
116531.000000
116336.000000
115486.000000
116249.000000
120792.000000
116004.000000
115534.000000
115611.000000
115744.000000
116059.000000
115687.000000
116813.000000
115451.000000
120959.000000
115115.000000
115390.000000
114869.000000
116112.000000
115422.000000
116253.000000
115867.000000
115299.000000
120624.000000
115640.000000
115067.000000
115227.000000
117553.000000
115546.000000
116742.000000
115198.000000
121148.000000
115502.000000
115118.000000
115046.000000
116221.000000
115784.000000
115535.000000
117553.000000
115217.000000
120635.000000
114642.000000
114603.000000
115649.000000
116243.000000
115231.000000
116243.000000
115738.000000
115157.000000
121121.000000
114991.000000
115096.000000
116414.000000
116331.000000
116194.000000
116319.000000
116503.000000
142598.000000
116505.000000
116042.000000
115132.000000
116144.000000
114985.000000
115540.000000
115720.000000
115704.000000
121107.000000
115116.000000
115001.000000
115909.000000
115449.000000
115247.000000
116322.000000
115426.000000
115341.000000
121672.000000
114877.000000
114885.000000
115893.000000
115391.000000
115580.000000
115631.000000
115184.000000
120870.000000
119445.000000
119516.000000
115614.000000
115713.000000
115337.000000
116895.000000
115493.000000
114994.000000
120604.000000
115570.000000
114847.000000
115879.000000
114936.000000
115075.000000
116540.000000
115964.000000
115464.000000
120138.000000
115303.000000
115242.000000
115571.000000
115313.000000
115621.000000
116035.000000
116074.000000
119750.000000
115509.000000
115211.000000
116583.000000
115893.000000
115667.000000
118342.000000
116098.000000
115959.000000
120647.000000
114724.000000
115169.000000
115923.000000
118086.000000
115630.000000
115701.000000
115472.000000
116170.000000
120162.000000
118833.000000
122242.000000
115919.000000
115477.000000
116013.000000
115690.000000
115544.000000
120308.000000
114989.000000
114794.000000
115682.000000
114837.000000
115006.000000
116231.000000
114991.000000
121587.000000
122587.000000
116702.000000
116477.000000
120146.000000
116704.000000
117699.000000
116742.000000
116912.000000
118825.000000
121351.000000
117579.000000
117031.000000
116584.000000
117291.000000
118139.000000
117873.000000
117666.000000
122380.000000
117239.000000
117237.000000
118479.000000
116514.000000
118797.000000
117675.000000
117328.000000
119840.000000
123725.000000
116764.000000
117218.000000
116425.000000
117717.000000
117224.000000
116757.000000
117090.000000
122147.000000
116819.000000
118232.000000
118502.000000
116420.000000
117462.000000
116620.000000
116724.000000
118869.000000
122244.000000
116002.000000
117327.000000
117063.000000
116525.000000
117202.000000
116256.000000
116340.000000
116811.000000
121947.000000
117021.000000
117427.000000
116455.000000
117282.000000
116843.000000
117212.000000
121029.000000
122267.000000
117178.000000
117371.000000
116447.000000
116893.000000
117790.000000
116992.000000
127047.000000
117667.000000
123756.000000
117255.000000
116789.000000
117116.000000
117159.000000
125845.000000
116991.000000
119577.000000
122099.000000
116752.000000
116898.000000
116714.000000
116936.000000
121923.000000
116767.000000
117272.000000
115295.000000
120450.000000
116019.000000
115412.000000
115763.000000
116090.000000
115620.000000
115454.000000
115099.000000
120367.000000
115164.000000
115506.000000
115104.000000
115967.000000
115640.000000
115190.000000
115219.000000
114852.000000
120345.000000
115871.000000
115830.000000
115225.000000
115765.000000
115371.000000
115646.000000
115444.000000
114926.000000
120291.000000
115803.000000
115082.000000
114981.000000
115850.000000
115102.000000
116014.000000
115189.000000
116943.000000
122203.000000
118023.000000
116234.000000
116230.000000
115793.000000
114843.000000
115205.000000
115648.000000
120144.000000
115377.000000
115094.000000
114989.000000
116006.000000
114989.000000
115186.000000
115116.000000
114965.000000
120374.000000
118309.000000
115845.000000
116046.000000
116691.000000
115177.000000
116108.000000
115215.000000
115225.000000
120850.000000
115584.000000
115224.000000
116182.000000
115771.000000
115551.000000
114964.000000
115209.000000
120446.000000
115798.000000
116430.000000
115407.000000
115992.000000
115365.000000
115042.000000
115449.000000
118292.000000
122314.000000
115585.000000
115314.000000
115591.000000
116082.000000
115477.000000
135554.000000
120751.000000
120057.000000
116326.000000
115392.000000
115117.000000
115818.000000
115470.000000
115525.000000
115184.000000
114965.000000
120428.000000
115537.000000
115017.000000
115390.000000
115757.000000
115146.000000
115537.000000
115235.000000
115464.000000
120697.000000
115559.000000
116021.000000
115879.000000
115508.000000
116666.000000
115750.000000
117615.000000
115492.000000
120833.000000
115728.000000
115811.000000
116235.000000
115015.000000
114917.000000
115209.000000
115534.000000
120860.000000
115884.000000
125032.000000
116095.000000
115934.000000
115516.000000
114678.000000
115263.000000
115402.000000
121649.000000
115033.000000
116105.000000
115698.000000
115917.000000
115645.000000
115068.000000
115360.000000
115192.000000
122201.000000
115083.000000
117871.000000
117256.000000
115836.000000
115536.000000
115344.000000
115290.000000
121490.000000
115376.000000
115984.000000
116012.000000
115344.000000
115475.000000
115312.000000
115296.000000
115289.000000
127392.000000
115880.000000
117022.000000
115811.000000
115452.000000
115737.000000
115308.000000
115370.000000
115659.000000
120559.000000
115060.000000
115403.000000
116262.000000
115031.000000
115133.000000
115174.000000
115269.000000
121192.000000
115448.000000
115412.000000
115739.000000
115785.000000
115157.000000
114895.000000
115080.000000
114963.000000
120743.000000
115011.000000
115373.000000
115983.000000
116034.000000
115155.000000
115115.000000
115661.000000
115949.000000
120612.000000
115402.000000
115963.000000
116720.000000
115532.000000
115164.000000
115152.000000
115144.000000
121153.000000
115201.000000
115982.000000
116049.000000
115138.000000
114837.000000
115193.000000
115247.000000
115593.000000
120876.000000
114993.000000
115119.000000
115688.000000
115832.000000
115170.000000
114793.000000
115183.000000
115628.000000
120884.000000
115454.000000
115976.000000
115045.000000
115775.000000
115265.000000
114962.000000
115159.000000
116026.000000
120554.000000
115414.000000
115799.000000
115834.000000
115325.000000
115290.000000
115095.000000
115756.000000
120675.000000
115421.000000
115549.000000
116225.000000
115686.000000
114987.000000
115726.000000
118955.000000
115952.000000
121542.000000
115967.000000
115787.000000
115469.000000
115236.000000
115291.000000
115523.000000
115821.000000
115885.000000
120276.000000
115289.000000
116314.000000
115150.000000
114995.000000
115202.000000
115275.000000
115804.000000
120799.000000
115384.000000
116940.000000
118348.000000
115992.000000
115011.000000
114837.000000
114960.000000
115514.000000
121225.000000
116728.000000
116342.000000
115018.000000
115445.000000
115200.000000
115061.000000
115842.000000
115437.000000
121463.000000
115569.000000
115766.000000
115709.000000
115480.000000
115285.000000
115318.000000
115746.000000
120611.000000
116508.000000
115863.000000
115418.000000
115217.000000
115339.000000
116198.000000
115961.000000
115311.000000
120376.000000
115824.000000
116282.000000
115249.000000
115395.000000
119422.000000
115166.000000
116936.000000
115812.000000
121118.000000
119184.000000
131937.000000
115498.000000
115182.000000
115476.000000
115755.000000
115615.000000
120456.000000
115713.000000
116588.000000
116577.000000
114966.000000
114702.000000
115139.000000
115729.000000
115014.000000
121718.000000
117572.000000
115540.000000
115555.000000
114960.000000
115029.000000
115179.000000
115939.000000
115172.000000
120619.000000
115796.000000
115487.000000
115335.000000
114847.000000
115648.000000
115783.000000
115753.000000
119948.000000
116575.000000
116195.000000
115522.000000
115101.000000
115253.000000
114928.000000
116184.000000
115147.000000
120546.000000
116512.000000
115287.000000
115292.000000
114997.000000
115072.000000
115271.000000
115141.000000
115053.000000
120715.000000
115787.000000
114907.000000
114874.000000
114921.000000
115027.000000
115629.000000
119320.000000
117860.000000
120228.000000
116012.000000
115636.000000
116988.000000
115438.000000
115100.000000
115646.000000
114937.000000
120130.000000
115836.000000
115215.000000
115328.000000
114816.000000
115221.000000
115275.000000
114959.000000
115223.000000
120598.000000
116020.000000
114898.000000
115328.000000
115009.000000
114867.000000
115803.000000
115044.000000
115022.000000
121629.000000
115202.000000
115229.000000
115073.000000
115088.000000
115323.000000
115848.000000
115053.000000
122376.000000
116352.000000
115513.000000
115564.000000
115162.000000
114956.000000
116046.000000
114877.000000
115128.000000
120783.000000
115966.000000
115725.000000
114875.000000
115234.000000
115117.000000
116739.000000
114953.000000
120895.000000
121318.000000
115294.000000
115349.000000
114968.000000
115241.000000
115333.000000
114925.000000
115055.000000
115205.000000
117279717.000000
