0.636224
0.643232
0.626528
0.624928
0.624064
0.623616
0.624384
0.622592
0.622656
0.624416
0.624128
0.623968
0.628672
0.623584
0.621824
0.622720
0.623840
0.622592
0.623136
0.622720
0.622816
0.623392
0.622240
0.623008
0.621248
0.622624
0.623200
0.623904
0.624416
0.622272
0.622624
0.623328
0.624160
0.621472
0.622464
0.623584
0.627232
0.623104
0.623424
0.623264
0.624192
0.623872
0.624736
0.624256
0.625408
0.623840
0.623744
0.621824
0.623392
0.623264
0.623296
0.622784
0.621792
0.623808
0.622944
0.623776
0.622432
0.622688
0.623136
0.623776
0.621888
0.622496
0.623680
0.622016
0.623872
0.621280
0.622976
0.621376
0.623264
0.624256
0.623040
0.622656
0.621824
0.624192
0.624992
0.624256
0.623168
0.623392
0.623552
0.623008
0.623424
0.622144
0.622048
0.622112
0.632096
0.622720
0.623264
0.623904
0.624064
0.622528
0.623296
0.623264
0.623328
0.622464
0.623680
0.623616
0.625376
0.621888
0.622688
0.622752
0.627232
0.623680
0.622048
0.622368
0.624512
0.630624
0.628224
0.624288
0.624416
0.623872
0.623136
0.623360
0.623296
0.622048
0.623904
0.623072
0.623712
0.624672
0.625664
0.623840
0.623904
0.622752
0.623200
0.623520
0.622176
0.623552
0.630336
0.629280
0.626048
0.623584
0.622240
0.623264
0.622944
0.623264
0.625024
0.622720
0.621120
0.624800
0.622080
0.624960
0.622144
0.621856
0.623712
0.621888
0.624896
0.622912
0.622880
0.623488
0.623424
0.623136
0.621600
0.623488
0.624480
0.622240
0.622656
0.624032
0.622336
0.624000
0.628096
0.631424
0.646144
0.632352
0.627296
0.623456
0.625216
0.622464
0.621600
0.625216
0.622688
0.625600
0.623008
0.622432
0.621504
0.625056
0.622080
0.624288
0.622816
0.620896
0.623648
0.623392
0.623904
0.622688
0.622720
0.623968
0.622496
0.622432
0.623456
0.622688
0.625376
0.623104
0.623936
0.621248
0.620928
0.623648
0.623040
0.622464
0.625568
0.622496
0.621120
0.623584
0.623424
0.622720
0.625984
0.622560
0.624096
0.623232
0.622240
0.624224
0.626400
0.622304
0.623648
0.623808
0.622752
0.623648
0.623232
0.622176
0.622272
0.623872
0.622912
0.623616
0.621856
0.623072
0.623520
0.622496
0.623456
0.625408
0.623488
0.625632
0.624608
0.623328
0.620608
0.623264
0.623744
0.622368
0.623712
0.623072
0.624288
0.621824
0.623968
0.626496
0.622944
0.620352
0.622752
0.622624
0.626688
0.623744
0.621920
0.624928
0.622240
0.623488
0.623328
0.624032
0.623552
0.622080
0.625536
0.622176
0.622176
0.622432
0.626528
0.626016
0.622976
0.624896
0.622368
0.625152
0.622528
0.624864
0.623136
0.622368
0.623904
0.622624
0.623872
0.623392
0.622624
0.621888
0.624512
0.625696
0.637312
0.623488
0.624064
0.624704
0.624064
0.623072
0.622592
0.622848
0.624064
0.631328
0.638752
0.637376
0.635264
0.636160
0.636896
0.652672
0.636992
0.638016
0.640096
0.639808
0.638656
0.639072
0.632480
0.630272
0.629376
0.635456
0.632896
0.632736
0.633344
0.633344
0.631712
0.637152
0.631840
0.633792
0.628224
0.624896
0.623968
0.623360
0.623360
0.624064
0.622272
0.623488
0.631392
0.624768
0.635008
0.623488
0.624832
0.624640
0.623520
0.621792
0.623232
0.624160
0.623360
0.623104
0.623264
0.622816
0.626528
0.624576
0.624768
0.622208
0.622144
0.623104
0.623168
0.623168
0.623616
0.621568
0.625888
0.624000
0.622592
0.624064
0.621888
0.629344
0.645696
0.631456
0.627424
0.622880
0.623232
0.623168
0.623872
0.622368
0.623136
0.622176
0.623584
0.624160
0.628416
0.623328
0.624224
0.622144
0.623936
0.624032
0.623712
0.622656
0.621408
0.622528
0.623712
0.624416
0.623744
0.622560
0.621952
0.625280
0.622784
0.622944
0.627904
0.620928
0.623232
0.623552
0.625216
0.624672
0.623360
0.622016
0.622336
0.622304
0.623808
0.622592
0.624768
0.623360
0.623136
0.622912
0.623136
0.623680
0.622816
0.623552
0.623360
0.622976
0.622304
0.623104
0.623424
0.622944
0.622848
0.622528
0.623424
0.622848
0.623008
0.623072
0.623712
0.624224
0.622752
0.624672
0.623648
0.621216
0.623104
0.622624
0.623712
0.623040
0.622176
0.624000
0.623072
0.624128
0.623520
0.621472
0.624192
0.623040
0.622528
0.622432
0.622080
0.623712
0.624736
0.623744
0.624480
0.625824
0.622208
0.624032
0.622336
0.623264
0.623552
0.621664
0.624576
0.623712
0.622624
0.622272
0.623136
0.622816
0.624768
0.622144
0.622592
0.621888
0.623872
0.622112
0.624960
0.625280
0.627072
0.626816
0.622432
0.624480
0.623904
0.623552
0.623904
0.620896
0.623520
0.623392
0.624000
0.623840
0.623424
0.625920
0.623680
0.624832
0.624288
0.626336
0.633088
0.636448
0.651552
0.630656
0.624160
0.624992
0.623328
0.625376
0.622112
0.624320
0.625664
0.625152
0.622880
0.626688
0.622528
0.623200
0.624160
0.624128
0.623616
0.624192
0.623200
0.622560
0.633856
0.625248
0.625440
0.623360
0.623712
0.624192
0.625632
0.624352
0.622368
0.623552
0.623360
0.622272
0.624224
0.623488
0.623968
0.622304
0.624768
0.620512
0.624064
0.623968
0.623584
0.623264
0.621824
0.623424
0.622912
0.623072
0.624864
0.622464
0.623936
0.624064
0.622496
0.623552
0.623360
0.623168
0.623744
0.622432
0.622816
0.623616
0.623040
0.623904
0.622624
0.622304
0.623424
0.623264
0.622880
0.623968
0.622336
0.623872
0.622624
0.622592
0.624928
0.622560
0.625856
0.624736
0.624256
0.625568
0.622720
0.624032
0.622816
0.626016
0.628960
0.628384
0.623616
0.624128
0.623232
0.622208
0.622848
0.622560
0.622816
0.622080
0.622016
0.624160
0.622592
0.622208
0.623936
0.624416
0.625408
0.622944
0.623328
0.620672
0.622304
0.621984
0.625792
0.623968
0.624384
0.623232
0.622400
0.624288
0.626016
0.628672
0.625184
0.624320
0.623328
0.624352
0.626464
0.627872
0.629184
0.624896
0.624992
0.623008
0.624256
0.623392
0.623040
0.622752
0.622528
0.628352
0.623296
0.625984
0.628672
0.623680
0.623808
0.621568
0.623328
0.628928
0.630144
0.626496
0.625920
0.624032
0.626112
0.625056
0.624224
0.624896
0.623520
0.624256
0.625632
0.623712
0.622624
0.623872
0.624800
0.624096
0.625376
0.625504
0.622848
0.623936
0.622016
0.625920
0.622272
0.622304
0.622976
0.622496
0.622848
0.624896
0.623840
0.622144
0.623168
0.621120
0.623968
0.623264
0.622656
0.624096
0.621856
0.625568
0.622496
0.622528
0.627392
0.633888
0.634144
0.634336
0.627136
0.625280
0.623360
0.623392
0.624256
0.621376
0.623520
0.623136
0.624608
0.626656
0.624064
0.623264
0.622752
0.623680
0.623168
0.623904
0.623936
0.622048
0.623648
0.623552
0.627264
0.624192
0.623744
0.622976
0.621824
0.622656
0.623520
0.623360
0.622208
0.624352
0.622688
0.623584
0.625120
0.623008
0.622304
0.622560
0.622848
0.623072
0.621888
0.622688
0.626240
0.624544
0.621728
0.622880
0.621984
0.623776
0.624576
0.623360
0.622976
0.621120
0.624704
0.622368
0.623968
0.623616
0.623232
0.622208
0.622688
0.622848
0.621344
0.628864
0.625568
0.622656
0.623520
0.623456
0.626144
0.624672
0.623200
0.623200
0.623616
0.624000
0.623488
0.622816
0.624320
0.622976
0.622784
0.622720
0.621952
0.623040
0.624224
0.623648
0.624320
0.624032
0.624160
0.623552
0.624736
0.623200
0.623040
0.622528
0.622016
0.626080
0.622336
0.622688
0.624384
0.624992
0.625728
0.626720
0.623680
0.623712
0.623296
0.622496
0.623136
0.622304
0.625088
0.622496
0.621600
0.623072
0.622720
0.627520
0.629312
0.622912
0.621792
0.621472
0.624192
0.622944
0.624896
0.622240
0.635552
0.630176
0.628256
0.625760
0.623808
0.624960
0.624032
0.623776
0.625216
0.622976
0.624224
0.624800
0.625120
0.622784
0.626368
0.624032
0.624320
0.624160
0.625120
0.627936
0.632256
0.627584
0.624192
0.623520
0.623712
0.623840
0.624000
0.625440
0.625792
0.623936
0.624928
0.623968
0.625312
0.626528
0.625376
0.625376
0.623040
0.624128
0.622592
0.626944
0.624544
0.625984
0.624640
0.624512
0.623744
0.624000
0.624416
0.624096
0.624096
0.624032
0.624736
0.629056
0.624096
0.624736
0.624448
0.626112
0.623232
0.623488
0.626592
0.627008
0.634176
0.633888
0.637088
0.636416
0.640480
0.635392
0.632704
0.642784
0.633728
0.632576
0.636864
0.633888
0.632448
0.630464
0.632992
0.634752
0.636416
0.635104
0.630528
0.627520
0.628000
0.624992
0.624416
0.622944
0.622720
0.624864
0.624000
0.625504
0.625408
0.623840
0.623104
0.624992
0.624352
0.623776
0.624448
0.621984
0.624608
0.621376
0.623392
0.623424
0.623296
0.623936
0.621600
0.623520
0.624320
0.624416
0.623552
0.623488
0.622464
0.623904
0.623680
0.623648
0.623392
0.623904
0.622880
0.623456
0.622528
0.622432
0.625248
0.622208
0.622880
0.624160
0.622496
0.623520
0.622560
0.622752
0.623104
0.622208
0.625280
0.624896
0.622976
0.622400
0.623232
0.623680
0.621600
0.623104
0.628864
0.628928
0.630528
0.627552
0.627936
0.623744
0.623712
0.621792
0.623584
0.623264
0.623616
0.625504
0.624416
0.622240
0.623456
0.624160
0.630240
0.623776
0.621824
0.623712
0.622816
0.624448
0.623296
0.631616
0.626464
0.625408
0.623616
0.624512
0.622528
0.623648
0.622240
0.623136
0.624640
0.622624
0.626848
0.623168
0.622976
0.623840
0.624064
0.623392
0.623168
0.623392
0.623200
0.621280
0.623776
0.624032
0.621408
0.623296
0.623104
0.622944
0.623584
0.622560
0.623968
0.623840
0.627808
0.622944
0.622944
0.623200
0.623872
0.622784
0.623328
0.623552
0.624896
0.620896
0.625632
0.638112
0.626816
0.623360
0.623872
0.622976
0.622112
0.621632
0.623136
0.621984
0.623840
0.623616
0.622048
0.622880
0.623136
0.624992
0.624512
0.622720
0.622016
0.623904
0.623488
0.622432
0.621760
0.624480
0.625440
0.624256
0.623872
0.622176
0.623488
0.624128
0.622880
0.623328
0.624064
0.621664
0.631232
0.628960
0.624416
0.624064
0.623808
0.623840
0.623744
0.626016
0.629024
0.632608
0.625088
0.626880
0.624672
0.623904
0.623616
0.626656
0.622720
0.623744
0.627040
0.624800
0.625184
0.624224
0.623616
0.624480
0.622848
0.623264
0.623200
0.625408
0.622752
0.626336
0.625984
0.625120
0.625568
0.624800
0.625024
0.623776
0.622624
0.624000
0.624608
0.626592
0.624736
0.624128
0.625696
0.623488
0.623328
0.623392
0.622336
0.624352
0.627360
0.623936
0.624288
0.623904
0.624832
0.622752
0.623264
0.622688
0.630528
0.624832
0.623904
0.625312
0.628224
0.630400
0.630976
0.627872
0.625056
0.624512
0.625184
0.624256
0.624800
0.622912
0.624096
0.623840
0.627232
0.624032
0.624224
0.624704
0.624448
0.624096
0.625440
0.626048
0.625856
0.624064
0.625120
0.623520
0.628416
0.626752
0.625280
0.625472
0.624704
0.624288
0.623520
0.632160
0.623840
0.625024
0.624224
0.623360
0.626016
0.625408
0.623776
0.622944
0.624352
0.622784
0.625088
0.623552
0.624096
0.623680
0.622368
0.623168
0.630784
0.623936
0.624992
0.624576
0.624448
0.623904
0.624928
0.625440
0.624832
0.622272
0.623168
0.624416
0.624512
0.624288
0.622688
0.624160
0.623392
0.623648
0.625696
0.625376
0.624960
0.623840
0.626016
0.623072
0.624544
0.623872
0.624032
0.624704
0.624128
0.624096
0.624064
0.625216
0.624096
0.624416
0.631040
0.627520
0.626208
0.623840
0.624960
0.623616
0.632704
0.628032
0.624224
0.623360
0.623744
0.626912
0.625952
0.625248
0.622816
0.623104
0.624032
0.622912
0.623616
0.626144
0.623072
0.622560
0.622848
0.624896
0.624000
0.623744
0.623328
0.622624
0.622208
0.622624
0.621920
0.622912
0.623104
0.622432
0.623424
0.623872
0.623552
0.622432
0.622112
0.623584
0.624192
0.623200
0.623328
0.621376
0.622464
0.623680
0.623200
0.623648
0.626240
0.624608
0.624064
0.623776
0.622944
0.623104
0.623136
0.621568
0.624960
0.622976
0.622592
0.623840
0.622272
0.622752
0.621856
0.624864
0.624352
0.623776
0.623936
0.622816
0.624512
0.623072
0.622304
0.622240
0.624224
0.629728
0.622528
0.632544
0.627040
0.627136
0.622848
0.624320
0.623488
0.623520
0.625440
0.622368
0.624736
0.622368
0.624000
0.623232
0.622784
0.623904
0.623648
0.623616
0.622560
0.621856
0.623584
0.623776
0.623200
0.623680
0.623520
0.624896
0.624896
0.626752
0.628928
0.621760
0.624576
0.625728
0.624736
0.624448
0.623744
0.624800
0.623296
0.623200
0.624320
0.625056
0.621792
0.624064
0.623296
0.621152
0.624000
0.623328
0.624384
0.623232
0.620896
0.623776
0.629504
0.623488
0.621568
0.622592
0.623968
0.624224
0.623136
0.622688
0.624192
0.622336
0.622688
0.623200
0.623072
0.622656
0.622784
0.622048
0.623456
0.623008
0.621344
0.623296
0.622976
0.623456
0.624416
0.623488
0.623840
0.623392
0.622176
0.623264
0.622048
0.623552
0.622016
0.623424
0.622944
0.624928
0.625088
0.623488
0.622624
0.624608
0.623904
0.621888
0.622240
0.621632
0.623008
0.623008
0.623552
0.622016
0.624544
0.622400
0.623552
0.623904
0.621696
0.624384
0.622368
0.624704
0.624608
0.622976
0.624416
0.623072
0.624352
0.622656
0.622272
0.621888
0.624672
0.622080
0.623744
0.626400
0.621216
0.623392
0.623008
0.622880
0.624544
0.622656
0.623008
0.623392
0.624768
0.624032
0.625408
0.623552
0.624672
0.621952
0.622432
0.624000
0.622144
0.624352
0.622720
0.623968
0.622272
0.622848
0.623904
0.622592
0.623584
0.622368
0.623744
0.623520
0.622720
0.623808
0.621728
0.622688
0.620960
0.624576
0.624640
0.624640
0.622144
0.623328
0.621696
0.624320
0.623936
0.621856
0.624768
0.622912
0.625440
0.624960
0.622976
0.623712
0.624064
0.624320
0.622880
0.627008
0.623872
0.621952
0.624480
0.621408
0.623424
0.623968
0.623296
0.623776
0.623872
0.623136
0.623552
0.624384
0.622176
0.621216
0.624448
0.623040
0.622688
0.626656
0.634848
0.632192
0.630976
0.625600
0.624224
0.626272
0.623456
0.625056
0.625472
0.623264
0.624256
0.626272
0.625024
0.624960
0.624320
0.623168
0.626176
0.622304
0.624192
0.625408
0.623392
0.624416
0.624000
0.622432
0.623968
0.622688
0.623296
0.623968
0.621792
0.623648
0.621696
0.629504
0.624800
0.623872
0.622048
0.623968
0.628992
0.626144
0.624000
0.623680
0.621856
0.624288
0.623680
0.622176
0.624416
0.624544
0.623264
0.624864
0.622976
0.623008
0.624608
0.622112
0.623456
0.623008
0.624736
0.623584
0.622176
0.624416
0.622400
0.623520
0.623776
0.622432
0.623424
0.626336
0.622848
0.622432
0.624448
0.620960
0.624608
0.622688
0.623008
0.623360
0.621824
0.624128
0.622176
0.622592
0.622944
0.622912
0.624768
0.622208
0.625152
0.623488
0.625792
0.624384
0.625216
0.623616
0.622240
0.623776
0.622912
0.624352
0.623680
0.621984
0.624000
0.624224
0.628928
0.625920
0.623968
0.621920
0.624992
0.621408
0.625024
0.624960
0.621696
0.623424
0.621952
0.623136
0.624704
0.623616
0.622784
0.624256
0.623680
0.622848
0.623552
0.622720
0.623584
0.622528
0.623296
0.623040
0.623232
0.624416
0.623520
0.622560
0.622688
0.623040
0.623136
0.623136
0.622560
0.625056
0.623456
0.627648
0.625152
0.626016
0.625152
0.623904
0.623392
0.622816
0.623904
0.622304
0.622592
0.622656
0.622880
0.623968
0.621632
0.623872
0.622336
0.622944
0.622688
0.622048
0.623616
0.625184
0.622816
0.622624
0.624064
0.624896
0.622240
0.624704
0.625312
0.624960
0.623488
0.623616
0.624416
0.622528
0.626784
0.622912
0.624768
0.624576
0.624064
0.624992
0.623232
0.622176
0.626368
0.622688
0.623040
0.623424
0.622336
0.623904
0.624192
0.622496
0.623296
0.623360
0.623744
0.626240
0.624032
0.624192
0.621152
0.623360
0.622176
0.622048
0.623552
0.625376
0.623904
0.623328
0.622368
0.622912
0.624480
0.621504
0.623072
0.629600
0.623808
0.622752
0.621696
0.623712
0.622080
0.622624
0.624416
0.622304
0.623648
0.629536
0.625088
0.622720
0.625504
0.620896
0.624352
0.626752
0.628416
0.625408
0.623136
0.625888
0.621056
0.623232
0.624352
0.624800
0.622560
0.621664
0.624032
0.622848
0.622720
0.624000
0.622528
0.623680
0.623488
0.622560
0.624288
0.623616
0.621856
0.623072
0.623360
0.624608
0.623456
0.622048
0.624992
0.621920
0.624640
0.623520
0.623168
0.623840
0.624480
0.623456
0.624032
0.624032
0.622336
0.624448
0.621408
0.623968
0.624160
0.622464
0.625952
0.621920
0.623744
0.622848
0.623328
0.625792
0.622656
0.622784
0.626304
0.624576
0.622720
0.621888
0.623392
0.623424
0.622848
0.623520
0.622560
0.621824
0.622880
0.622816
0.626368
0.625472
0.625248
0.622208
0.623648
0.623808
0.621056
0.624096
0.622144
0.623072
0.623904
0.622528
0.626304
0.624480
0.624064
0.623296
0.625536
0.622720
0.625312
0.622368
0.623776
0.623904
0.621536
0.622368
0.622528
0.623968
0.623296
0.622432
0.622112
0.623168
0.623424
0.623040
0.624064
0.621600
0.623712
0.623488
0.621600
0.625952
0.624160
0.625696
0.623200
0.623936
0.625120
0.623424
0.623392
0.622944
0.623680
0.622976
0.624864
0.624128
0.625344
0.624192
0.622240
0.624288
0.622368
0.624128
0.629472
0.622336
0.622752
0.622592
0.623424
0.623200
0.622752
0.623136
0.624512
0.623424
0.624416
0.621600
0.623008
0.624480
0.623424
0.624320
0.622400
0.623648
0.624896
0.625440
0.624032
0.621952
0.621984
0.621472
0.625376
0.621920
0.622176
0.622720
0.622208
0.623648
0.622208
0.623584
0.622944
0.622496
0.622720
0.623104
0.624640
0.621344
0.624160
0.623296
0.622624
0.625312
0.623072
0.623360
0.622624
0.623488
0.623040
0.621792
0.623712
0.625344
0.623840
0.626016
0.624576
0.622336
0.624032
0.622624
0.624096
0.624128
0.622368
0.623936
0.622336
0.624416
0.625568
0.623840
0.621440
0.624032
0.624544
0.622848
0.624768
0.621632
0.623744
0.623232
0.622912
0.623552
0.623968
0.621728
0.624032
0.624256
0.621856
0.623648
0.623936
0.624032
0.623200
0.622464
0.623680
0.622560
0.622560
0.623328
0.634208
0.622400
0.624544
0.622912
0.621664
0.624352
0.620576
0.623936
0.622464
0.622976
0.627136
0.622080
0.625120
0.624672
0.622752
0.623680
0.624608
0.622144
0.624160
0.622496
0.621760
0.623392
0.622400
0.624288
0.623584
0.623616
0.624288
0.626144
0.624288
0.624032
0.623776
0.621984
0.624480
0.623232
0.624224
0.624928
0.622464
0.624064
0.622272
0.623712
0.623872
0.622432
0.623680
0.622528
0.622656
0.624544
0.623136
0.622656
0.623040
0.622784
0.623552
0.623840
0.622400
0.629632
0.625120
0.623104
0.625600
0.623136
0.622528
0.624224
0.637024
0.622176
0.623392
0.637408
0.627872
0.624352
0.622560
0.624096
0.623936
0.623296
0.622016
0.623616
0.622624
0.624416
0.624960
0.622496
0.622912
0.623712
0.623424
0.625696
0.623808
0.623168
0.628928
0.629408
0.621568
0.623552
0.621312
0.622944
0.625056
0.623168
0.622240
0.625120
0.624352
0.622400
0.626560
0.625888
0.624000
0.626080
0.624992
0.622560
0.623200
0.630176
0.639680
0.635840
0.635968
0.637440
0.635584
0.631744
0.630944
0.628768
0.634944
0.640960
0.632864
0.631264
0.630016
0.627968
0.631840
0.632320
0.630240
0.629632
0.629216
0.630560
0.632896
0.629728
0.632320
0.636736
0.626272
0.624416
0.622944
0.624928
0.625056
0.624768
0.623872
0.630656
0.633920
0.637376
0.638272
0.635616
0.637440
0.653984
0.636704
0.634432
0.627328
0.628160
0.628256
0.627520
0.626208
0.630592
0.631040
0.641760
0.631104
0.628320
0.626752
0.626944
0.626176
0.627744
0.625440
0.624256
0.624768
0.624320
0.623616
0.624768
0.624448
0.622624
0.624128
0.623712
0.622592
0.623616
0.624832
0.623456
0.624160
0.624032
0.622784
0.624928
0.623488
0.622336
0.623264
0.622784
0.624320
0.621696
0.622816
0.624256
0.622208
0.624384
0.639392
0.633664
0.630464
0.649984
0.629280
0.627328
0.627488
0.626848
0.629472
0.632736
0.632576
0.628736
0.626208
0.625088
0.627040
0.624768
0.623744
0.624736
0.626496
0.622656
0.624928
0.622464
0.622592
0.622784
0.623392
0.623136
0.626144
0.625440
0.622944
0.623872
0.623296
0.622016
0.623552
0.624224
0.622752
0.623872
0.622944
0.623392
0.625408
0.621792
0.622400
0.622848
0.623008
0.623424
0.622656
0.623968
0.622784
0.624064
0.624352
0.622336
0.623104
0.624320
0.622912
0.624064
0.622784
0.623904
0.623072
0.623712
0.623616
0.623136
0.622976
0.622624
0.623552
0.622560
0.623840
0.622688
0.623648
0.624640
0.622816
0.624992
0.625184
0.621792
0.624416
0.623840
0.622784
0.623776
0.622816
0.623456
0.622496
0.622048
0.623776
0.622592
0.624640
0.622528
0.622976
0.622688
0.623552
0.623200
0.626464
0.622048
0.623936
0.623072
0.623520
0.624000
0.622016
0.623264
0.623264
0.623712
0.623200
0.622848
0.623168
0.622752
0.624544
0.621088
0.625664
0.624160
0.622816
0.623552
0.623232
0.623392
0.639744
0.623616
0.623776
0.622784
0.623808
0.622880
0.623328
0.622656
0.621664
0.622848
0.623840
0.622944
0.623008
0.622848
0.622816
0.622944
0.623072
0.622432
0.624768
0.623392
0.626976
0.623296
0.624992
0.622784
0.624064
0.623456
0.623200
0.624864
0.624480
0.622912
0.624032
0.623040
0.622848
0.624288
0.622848
0.623840
0.623552
0.622944
0.624512
0.622496
0.623136
0.623328
0.623328
0.624704
0.624480
0.622816
0.624480
0.624544
0.625280
0.624736
0.622496
0.623520
0.623392
0.622400
0.624256
0.622432
0.623168
0.622336
0.622880
0.623552
0.621728
0.622720
0.622496
0.623744
0.623040
0.622880
0.623488
0.625056
0.624864
0.624128
0.624896
0.622976
0.621824
0.622368
0.624512
0.627104
0.624352
0.623424
0.623360
0.623136
0.624448
0.622880
0.623488
0.622752
0.623520
0.623872
0.623840
0.621888
0.623328
0.622592
0.624096
0.623200
0.623648
0.621632
0.623456
0.623776
0.624096
0.623808
0.622752
0.624448
0.623328
0.625952
0.622912
0.620800
0.623488
0.623936
0.623712
0.622976
0.624608
0.622208
0.623072
0.624608
0.624064
0.623712
0.623968
0.622816
0.622432
0.623072
0.622464
0.622560
0.623488
0.622688
0.623648
0.623456
0.622624
0.622528
0.623232
0.623136
0.624480
0.629824
0.628672
0.626464
0.624512
0.624192
0.625440
0.623328
0.623872
0.622784
0.624736
0.624992
0.624224
0.624800
0.625376
0.624160
0.625312
0.624992
0.623296
0.623552
0.623616
0.623456
0.622944
0.622048
0.623904
0.622528
0.623360
0.623360
0.624960
0.623968
0.623648
0.622560
0.623072
0.624832
0.623232
0.623264
0.622592
0.623616
0.622848
0.623200
0.622496
0.623296
0.624256
0.624800
0.624960
0.623072
0.623136
0.626080
0.622752
0.623264
0.622496
0.623424
0.623744
0.621888
0.624800
0.624864
0.623968
0.622272
0.623488
0.623840
0.623584
0.622112
0.621792
0.624032
0.622880
0.626560
0.626400
0.624288
0.622816
0.623040
0.623552
0.622528
0.622944
0.622752
0.622784
0.624608
0.623840
0.625856
0.626656
0.626048
0.624000
0.624608
0.624896
0.622240
0.623904
0.624000
0.624032
0.622368
0.623136
0.622592
0.623424
0.623712
0.622784
0.623264
0.624000
0.624064
0.624640
0.624864
0.622592
0.622208
0.622432
0.622880
0.624544
0.622176
0.622976
0.624384
0.626848
0.623744
0.622816
0.623904
0.623584
0.623456
0.622816
0.623680
0.622880
0.634816
0.626016
0.622816
0.631072
0.623936
0.623520
0.622464
0.623104
0.623392
0.623456
0.622240
0.629600
0.640608
0.623264
0.624448
0.621472
0.624608
0.624064
0.625472
0.623136
0.622400
0.623168
0.622592
0.623712
0.622816
0.621920
0.623072
0.623232
0.622944
0.622464
0.623680
0.622880
0.623168
0.623616
0.623808
0.626592
0.623008
0.623136
0.622304
0.623392
0.622976
0.624032
0.630656
0.623040
0.623520
0.622496
0.623296
0.623936
0.623328
0.622624
0.623104
0.623328
0.623008
0.622304
0.622336
0.622976
0.622816
0.624416
0.623136
0.622368
0.623872
0.622144
0.623680
0.628032
0.634048
0.637856
0.634624
0.634464
0.638880
0.631104
0.630016
0.630912
0.630880
0.632768
0.667872
0.632544
0.629280
0.628992
0.629344
0.633984
0.632672
0.630592
0.627136
0.624288
0.623680
0.625504
0.623520
0.624960
0.623232
0.623744
0.625184
0.623616
0.624128
0.623360
0.624864
0.623552
0.625344
0.623808
0.623616
0.624960
0.622272
0.623872
0.622528
0.623648
0.623840
0.622944
0.624384
0.623168
0.622656
0.623840
0.621824
0.623584
0.623520
0.623424
0.624064
0.625440
0.626656
0.624416
0.623232
0.622560
0.624224
0.626080
0.624864
0.623776
0.622624
0.623680
0.623904
0.622656
0.623776
0.622592
0.623296
0.624256
0.621184
0.625728
0.623840
0.623936
0.623776
0.622432
0.623328
0.623936
0.624416
0.621632
0.623936
0.623008
0.622496
0.623904
0.622368
0.623936
0.625632
0.626272
0.622496
0.622688
0.623520
0.623136
0.623872
0.622176
0.624864
0.623168
0.625088
0.625280
0.624064
0.623200
0.622720
0.623936
0.622240
0.622368
0.622560
0.622720
0.622336
0.624192
0.623232
0.623296
0.624320
0.622464
0.623232
0.621920
0.622592
0.623200
0.623168
0.623808
0.622240
0.623296
0.622464
0.623552
0.623200
0.621952
0.622432
0.623200
0.623072
0.623776
0.623616
0.622304
0.623904
0.622848
0.624032
0.623040
0.622624
0.623168
0.622176
0.624192
0.624288
0.624096
0.624640
0.623488
0.624672
0.622016
0.622144
0.623392
0.623104
0.623584
0.623072
0.623904
0.628576
0.623040
0.622080
0.624416
0.623552
0.623360
0.625600
0.623072
0.622880
0.623232
0.622304
0.624320
0.622464
0.625056
0.623136
0.622912
0.625536
0.623392
0.623488
0.621952
0.628992
0.624224
0.624096
0.622432
0.688000
0.635360
0.631264
0.630048
0.629664
0.629824
0.629312
0.630656
0.629440
0.628960
0.626080
0.624864
0.623616
0.624672
0.623072
0.623072
0.623296
0.621888
0.622336
0.636192
0.623424
0.623552
0.621216
0.622880
0.622592
0.624032
0.623328
0.625824
0.624544
0.623968
0.623264
0.623232
0.621888
0.622272
0.623680
0.622720
0.624000
0.622752
0.622560
0.623872
0.631200
0.625600
0.626496
0.627712
0.624096
0.623840
0.622240
0.621408
0.624640
0.621664
0.625056
0.623104
0.622176
0.623904
0.620672
0.624000
0.624320
0.622400
0.624224
0.625472
0.623392
0.622720
0.623104
0.623840
0.622848
0.623200
0.622496
0.622912
0.625024
0.624896
0.636160
0.626016
0.623328
0.622176
0.622976
0.624480
0.624096
0.623072
0.621728
0.623008
0.623904
0.625056
0.624896
0.623232
0.621504
0.623968
0.623264
0.623264
0.622016
0.622944
0.622464
0.623648
0.625376
0.621536
0.622816
0.622688
0.622688
0.621536
0.623200
0.622208
0.622976
0.623072
0.622688
0.622976
0.621920
0.623296
0.624160
0.624832
0.625504
0.624768
0.622624
0.623296
0.624192
0.622816
0.624512
0.622432
0.623776
0.623968
0.622688
0.624288
0.621760
0.624320
0.623488
0.622688
0.624256
0.622912
0.622144
0.623552
0.625536
0.623392
0.622208
0.622720
0.623680
0.622528
0.623488
0.622144
0.621696
0.624256
0.623008
0.624096
0.623168
0.622208
0.625248
0.623744
0.623264
0.623040
0.622400
0.623616
0.624448
0.622432
0.624736
0.623680
0.620992
0.623712
0.624416
0.623200
0.622464
0.622944
0.624416
0.623968
0.623168
0.620192
0.621920
0.623584
0.623360
0.623008
0.621792
0.622624
0.623424
0.622752
0.624160
0.622464
0.624640
0.624864
0.623360
0.622144
0.623872
0.621120
0.623808
0.623936
0.624928
0.623808
0.623008
0.623616
0.623168
0.621792
0.620640
0.622432
0.622048
0.623456
0.622880
0.623296
0.621536
0.622528
0.623296
0.622880
0.623136
0.622720
0.622560
0.623200
0.624448
0.626400
0.622944
0.624096
0.623552
0.623136
0.626400
0.629536
0.627808
0.625088
0.625920
0.627104
0.627104
0.626912
0.626208
0.627744
0.626656
0.632512
0.631680
0.630112
0.629568
0.628928
0.627104
0.625856
0.631840
0.626912
0.627648
0.626912
0.628000
0.629696
0.631136
0.626144
0.626528
0.627776
0.626240
0.627840
0.626528
0.627648
0.627584
0.629728
0.629824
0.630976
0.626464
0.628544
0.627200
0.627136
0.628576
0.627200
0.627328
0.628160
0.625024
0.630304
0.627904
0.627904
0.630560
0.628224
0.628608
0.625664
0.626720
0.626720
0.632640
0.628320
0.630368
0.629280
0.626400
0.627744
0.626112
0.625312
0.626784
0.631392
0.627200
0.627136
0.633568
0.627168
0.627616
0.625632
0.626912
0.626624
0.633312
0.629696
0.627200
0.627136
0.625632
0.633920
0.627552
0.626720
0.627424
0.627360
0.627744
0.627168
0.627424
0.627392
0.632064
0.627680
0.628576
0.631008
0.626496
0.628032
0.626304
0.627136
0.628160
0.627424
0.630496
0.626016
0.627584
0.629088
0.632192
0.628544
0.627040
0.626880
0.629504
0.628288
0.626400
0.627360
0.626560
0.627008
0.628288
0.626272
0.626880
0.627040
0.627872
0.627776
0.626848
0.629728
0.625952
0.626560
0.629728
0.635520
0.633472
0.633216
0.627232
0.627296
0.626560
0.626080
0.629280
0.631360
0.631360
0.626496
0.627424
0.629376
0.627072
0.627776
0.625536
0.631936
0.626336
0.627488
0.627904
0.626880
0.627040
0.626976
0.630048
0.628000
0.630144
0.626624
0.626176
0.627712
0.628704
0.628896
0.629440
0.630112
0.627360
0.627840
0.628032
0.630208
0.628032
0.631648
0.625472
0.626912
0.628832
0.626912
0.629024
0.627552
0.625408
0.629728
0.632448
0.625952
0.622592
0.624256
0.625024
0.625728
0.624928
0.623296
0.624160
0.625920
0.623360
0.624928
0.636416
0.635904
0.630080
0.627264
0.624896
0.623488
0.623136
0.624640
0.622624
0.624864
0.625632
0.624928
0.625056
0.625536
0.625952
0.624288
0.624320
0.625760
0.627552
0.624864
0.624032
0.625120
0.622400
0.623328
0.623104
0.625856
0.625088
0.623488
0.622720
0.623520
0.628192
0.623168
0.623328
0.623264
0.623392
0.625056
0.622656
0.623104
0.621024
0.623104
0.626176
0.622976
0.624320
0.622368
0.622656
0.625248
0.623104
0.622976
0.622784
0.631680
0.622592
0.623104
0.623456
0.625152
0.622432
0.623712
0.623008
0.624704
0.623200
0.623520
0.623616
0.623744
0.623904
0.623744
0.622624
0.623136
0.623168
0.624608
0.624608
0.623552
0.622304
0.622496
0.623296
0.624928
0.624224
0.622912
0.621408
0.622656
0.623712
0.622144
0.624032
0.621920
0.623520
0.625824
0.622592
0.624096
0.623456
0.623392
0.626016
0.623648
0.623552
0.623296
0.623328
0.623744
0.623616
0.622976
0.622816
0.622880
0.624256
0.625728
0.625504
0.624544
0.622656
0.622560
0.621920
0.624128
0.625728
0.623360
0.621760
0.622944
0.623872
0.622240
0.623584
0.622944
0.624384
0.625120
0.626368
0.625536
0.623424
0.622080
0.623584
0.623936
0.627776
0.622816
0.622208
0.623232
0.624320
0.623712
0.622720
0.624480
0.625120
0.625824
0.625184
0.623360
0.622880
0.627136
0.622752
0.622368
0.622688
0.623296
0.624032
0.623552
0.623616
0.623264
0.622400
0.622976
0.624256
0.628640
0.628960
0.627808
0.624576
0.624320
0.621664
0.623488
0.624288
0.623584
0.623232
0.621632
0.623296
0.625568
0.625920
0.628608
0.625696
0.622848
0.622912
0.624896
0.623008
0.622944
0.623040
0.624288
0.622848
0.627200
0.623328
0.623360
0.623552
0.622368
0.625024
0.624128
0.623200
0.621952
0.621920
0.623296
0.624480
0.623424
0.624320
0.621696
0.622688
0.622048
0.623456
0.623712
0.621152
0.622208
0.624672
0.624480
0.623520
0.630240
0.622432
0.623840
0.623488
0.624000
0.624160
0.622400
0.621952
0.622432
0.623776
0.622912
0.624000
0.625536
0.623360
0.625888
0.623968
0.624416
0.622208
0.623584
0.624896
0.623488
0.624608
0.622016
0.623136
0.622496
0.623296
0.623584
0.624000
0.622880
0.622240
0.625184
0.622656
0.626048
0.621632
0.622848
0.623200
0.622720
0.624480
0.622496
0.622304
0.621920
0.622848
0.624000
0.623968
0.621856
0.624288
0.623616
0.622688
0.623680
0.623200
0.624992
0.622848
0.624224
0.623008
0.621536
0.622912
0.624288
0.622816
0.623520
0.622400
0.625344
0.622912
0.624992
0.622816
0.622624
0.622368
0.623488
0.623552
0.621152
0.621792
0.623968
0.622592
0.622688
0.622560
0.623168
0.623104
0.624000
0.623232
0.623904
0.623488
0.622976
0.622240
0.624896
0.625696
0.625632
0.623776
0.622912
0.630304
0.624064
0.624512
0.624000
0.624544
0.628512
0.624352
0.625344
0.622432
0.623104
0.624736
0.625152
0.623296
0.621984
0.623776
0.624352
0.622880
0.623296
0.622912
0.621888
0.624768
0.624064
0.624576
0.622848
0.623328
0.623808
0.623360
0.626272
0.625440
0.626816
0.626304
0.622880
0.623264
0.621856
0.626176
0.623200
0.627296
0.624768
0.624544
0.625472
0.623456
0.623520
0.622304
0.624064
0.625152
0.627008
0.624800
0.623648
0.623520
0.621280
0.623904
0.623424
0.623808
0.624576
0.623136
0.622112
0.622400
0.623072
0.624160
0.623552
0.622592
0.624192
0.623904
0.623680
0.623136
0.622112
0.624416
0.622336
0.624768
0.623072
0.637024
0.622624
0.621664
0.624384
0.622272
0.622752
0.623264
0.622816
0.624256
0.630048
0.623456
0.623072
0.621824
0.622560
0.627264
0.622528
0.623008
0.625760
0.622624
0.624832
0.622208
0.625184
0.624096
0.622944
0.622432
0.624288
0.623552
0.622048
0.621376
0.622496
0.623360
0.625216
0.623872
0.623008
0.620352
0.625600
0.624768
0.624416
0.621632
0.622464
0.624160
0.625632
0.623328
0.621440
0.621856
0.624064
0.625312
0.625440
0.625632
0.624768
0.622880
0.623520
0.621984
0.623904
0.623552
0.623264
0.623808
0.622912
0.624640
0.622112
0.622976
0.623136
0.623488
0.623136
0.623680
0.624416
0.622176
0.623712
0.622784
0.624064
0.623520
0.623104
0.623616
0.623040
0.622912
0.621472
0.622368
0.624128
0.623424
0.624800
0.623296
0.623552
0.623584
0.624480
0.622304
0.624800
0.622080
0.622976
0.623136
0.626240
0.625504
0.622720
0.623488
0.625664
0.625120
0.625280
0.629792
0.624096
0.622368
0.623520
0.622528
0.624224
0.624064
0.624512
0.622176
0.622720
0.624352
0.624000
0.623808
0.623168
0.622784
0.624256
0.623680
0.624000
0.622784
0.623424
0.622752
0.625024
0.621984
0.623200
0.622208
0.623424
0.623616
0.622144
0.621920
0.627072
0.625728
0.623584
0.624288
0.623392
0.624064
0.622944
0.622656
0.625632
0.625920
0.623392
0.622432
0.622432
0.624768
0.623488
0.624288
0.624032
0.623808
0.622240
0.623264
0.623392
0.622080
0.624032
0.621024
0.624512
0.624192
0.623584
0.623008
0.621600
0.623328
0.623072
0.622368
0.622240
0.622752
0.622656
0.621920
0.623328
0.622976
0.624096
0.622560
0.625472
0.623616
0.623008
0.622080
0.623200
0.624096
0.622944
0.623104
0.624000
0.622880
0.623200
0.623168
0.624064
0.623232
0.622528
0.622848
0.623968
0.624224
0.626944
0.622688
0.623264
0.621536
0.623616
0.624768
0.623232
0.623968
0.622624
0.624032
0.622528
0.624000
0.627744
0.623040
0.624128
0.626016
0.624032
0.622496
0.621824
0.623328
0.624288
0.622976
0.623936
0.623808
0.624384
0.625312
0.623168
0.622496
0.630656
0.623264
0.623776
0.623200
0.622848
0.623136
0.625728
0.623104
0.623680
0.624160
0.625024
0.622592
0.622848
0.624032
0.624672
0.621888
0.623040
0.622816
0.624384
0.627296
0.623232
0.623584
0.623264
0.621824
0.622976
0.621888
0.622976
0.623584
0.624128
0.624128
0.622240
0.622304
0.625120
0.621728
0.625120
0.623360
0.623648
0.624032
0.623584
0.626400
0.626176
0.624096
0.623552
0.624992
0.623808
0.622912
0.622624
0.623712
0.624576
0.621056
0.622016
0.622976
0.624640
0.622880
0.623296
0.622560
0.622016
0.624416
0.624160
0.624544
0.629632
0.622912
0.623232
0.622944
0.622048
0.621824
0.623424
0.622976
0.622496
0.624256
0.623840
0.628032
0.626496
0.623552
0.624096
0.624480
0.622976
0.622208
0.629024
0.623808
0.624256
0.623776
0.621536
0.623712
0.623936
0.624480
0.624256
0.623872
0.623264
0.623264
0.623392
0.625600
0.626496
0.624000
0.624064
0.622720
0.622688
0.623616
0.622752
0.622368
0.625280
0.622176
0.625632
0.624288
0.624000
0.621888
0.622048
0.624096
0.622912
0.624064
0.622656
0.621792
0.623968
0.622336
0.622080
0.622048
0.623552
0.626304
0.622304
0.622304
0.622816
0.624960
0.625920
0.627648
0.624896
0.623712
0.622464
0.622048
0.623584
0.629088
0.623456
0.623232
0.621664
0.623936
0.622432
0.626016
0.622624
0.622976
0.621440
0.623392
0.624256
0.622880
0.622336
0.623840
0.623456
0.625696
0.622880
0.622784
0.622368
0.623904
0.626560
0.631584
0.622688
0.623712
0.622336
0.623200
0.623328
0.623232
0.623456
0.621760
0.623264
0.623072
0.624064
0.623808
0.621600
0.622976
0.624192
0.625376
0.622720
0.623488
0.624384
0.622176
0.624960
0.622656
0.624416
0.622272
0.622368
0.622176
0.623744
0.624000
0.623392
0.621984
0.621376
0.623072
0.622688
0.624288
0.622944
0.622656
0.623392
0.629248
0.623808
0.620832
0.622880
0.622752
0.623136
0.623744
0.623648
0.624960
0.626144
0.625280
0.623104
0.628416
0.623904
0.622464
0.622240
0.624448
0.631552
0.624352
0.623392
0.620768
0.622048
0.625472
0.624480
0.626336
0.622688
0.623072
0.622208
0.626656
0.627616
0.627040
0.623968
0.624832
0.622528
0.622016
0.623680
0.623424
0.623072
0.621280
0.623456
0.627744
0.626016
0.623360
0.622592
0.621824
0.623712
0.624448
0.623456
0.623680
0.623808
0.622144
0.622624
0.623104
0.624160
0.623456
0.621408
0.622560
0.623552
0.624352
0.622400
0.622592
0.627680
0.624064
0.623840
0.621920
0.621888
0.623680
0.625024
0.622272
0.625344
0.623424
0.623328
0.623296
0.623232
0.626592
0.621536
0.622912
0.623264
0.624832
0.626368
0.625024
0.626816
0.623168
0.622848
0.622304
0.622976
0.623072
0.621760
0.633600
0.629696
0.624736
0.625568
0.623008
0.624480
0.625760
0.624672
0.625248
0.624224
0.623456
0.625312
0.623840
0.632352
0.629440
0.623392
0.622368
0.623200
0.624992
0.623072
0.623616
0.622912
0.623648
0.624480
0.624704
0.623808
0.622592
0.622560
0.622688
0.624512
0.624448
0.623168
0.624960
0.628672
0.622592
0.623808
0.622688
0.623520
0.623424
0.622176
0.623616
0.625024
0.622656
0.623072
0.620992
0.623200
0.624256
0.624736
0.626208
0.622944
0.622464
0.622272
0.624608
0.623328
0.621792
0.621888
0.622784
0.624544
0.622144
0.621472
0.622304
0.625824
0.624352
0.624224
0.623584
0.623392
0.624672
0.623520
0.623936
0.622816
0.623488
0.623328
0.623072
0.624160
0.622592
0.624768
0.622048
0.625280
0.627136
0.627328
0.624640
0.623424
0.624448
0.621984
0.622912
0.623296
0.625056
0.624128
0.622976
0.622112
0.623488
0.623264
0.622656
0.622368
0.623424
0.624192
0.629472
0.623168
0.623520
0.620800
0.623456
0.628608
0.624512
0.623840
0.622144
0.623616
0.621888
0.623424
0.622208
0.624192
0.630592
0.627264
0.621216
0.624064
0.623968
0.622976
0.623872
0.623904
0.624320
0.624448
0.623616
0.623360
0.622784
0.625728
0.632320
0.622496
0.623808
0.622944
0.624960
0.624672
0.624128
0.622112
0.623040
0.625120
0.622912
0.622368
0.623136
0.622656
0.624288
0.623392
0.621568
0.623584
0.623872
0.625568
0.624032
0.620928
0.624960
0.624192
0.624352
0.623360
0.624704
0.624576
0.622912
0.625248
0.622336
0.624064
0.622208
0.624480
0.623424
0.622528
0.625024
0.621632
0.622304
0.623456
0.623072
0.623424
0.623360
0.622112
0.623360
0.623776
0.623776
0.623008
0.621568
0.623360
0.624224
0.630944
0.624704
0.623520
0.621600
0.623360
0.623296
0.624832
0.624320
0.622496
0.623232
0.626752
0.624000
0.622944
0.621952
0.623776
0.640256
0.624160
0.623072
0.623840
0.622336
0.622464
0.624480
0.631296
0.636384
0.633568
0.634528
0.634816
0.628992
0.630624
0.630048
0.631456
0.633280
0.634400
0.630880
0.629728
0.628256
0.627232
0.632384
0.633760
0.629984
0.626688
0.624224
0.624000
0.624384
0.623104
0.622880
0.626688
0.624192
0.623552
0.629344
0.622432
0.622848
0.623296
0.622912
0.625504
0.624640
0.624000
0.624192
0.624736
0.622912
0.641536
0.625600
0.626880
0.622656
0.623424
0.623840
0.623488
0.624000
0.622400
0.623840
0.623712
0.626624
0.623328
0.621888
0.623488
0.622720
0.625728
0.622688
0.623776
0.624416
0.640032
0.624064
0.621888
0.625280
0.623328
0.622368
0.622528
0.623424
0.624896
0.623392
0.623520
0.622752
0.623360
0.625632
0.626464
0.627456
0.623520
0.624000
0.622112
0.622624
0.623456
0.625312
0.623456
0.623232
0.623008
0.624032
0.623200
0.623392
0.623520
0.621568
0.624288
0.633056
0.629952
0.626880
0.625152
0.625504
0.627008
0.624896
0.625088
0.625056
0.624000
0.623776
0.623776
0.622432
0.623520
0.623520
0.624544
0.624352
0.625664
0.623712
0.624448
0.627680
0.623008
0.624352
0.623264
0.625120
0.625856
0.626656
0.623680
0.624864
0.624192
0.625568
0.624192
0.625696
0.625152
0.624640
0.624512
0.625056
0.623040
0.623616
0.624736
0.624352
0.623424
0.624544
0.624352
0.624832
0.624960
0.631328
0.628160
0.623808
0.623808
0.624288
0.622880
0.623104
0.622464
0.621760
0.623744
0.623680
0.622048
0.623136
0.623392
0.627104
0.624576
0.622784
0.624928
0.624000
0.623008
0.623840
0.625376
0.623968
0.623200
0.623040
0.622880
0.623872
0.622976
0.622752
0.622624
0.622144
0.625600
0.623360
0.623552
0.627200
0.622944
0.622304
0.622912
0.624768
0.622624
0.623712
0.623872
0.622592
0.624416
0.622112
0.623712
0.623872
0.624384
0.623136
0.624768
0.623872
0.622528
0.622368
0.623488
0.622816
0.622336
0.623136
0.622944
0.624064
0.621920
0.623136
0.623808
0.624480
0.624896
0.622944
0.623616
0.623264
0.624672
0.622880
0.623648
0.622368
0.621088
0.622560
0.624032
0.624416
0.623200
0.622528
0.623328
0.623232
0.623648
0.623680
0.623424
0.623808
0.623712
0.623072
0.623808
0.622816
0.621408
0.623008
0.622880
0.621984
0.624608
0.622976
0.622752
0.622656
0.626016
0.624800
0.622208
0.622336
0.623520
0.624160
0.620832
0.624608
0.623776
0.623072
0.624416
0.623168
0.623680
0.623072
0.623552
0.623424
0.626336
0.621664
0.623392
0.623840
0.625440
0.625152
0.623744
0.622528
0.622720
0.623296
0.622944
0.624128
0.623456
0.623008
0.624384
0.623072
0.623648
0.621472
0.625024
0.623680
0.624576
0.626432
0.623712
0.622976
0.621696
0.623104
0.622976
0.623072
0.623328
0.628736
0.623648
0.622208
0.622784
0.626272
0.625472
0.623520
0.622464
0.623648
0.622784
0.624384
0.621120
0.623072
0.623360
0.623648
0.624288
0.622976
0.646624
0.621984
0.623328
0.621088
0.622976
0.622880
0.624160
0.622368
0.621888
0.622496
0.622656
0.622656
0.623424
0.624192
0.621696
0.623296
0.621920
0.623328
0.622528
0.621920
0.623648
0.626048
0.622016
0.621184
0.622176
0.622816
0.623296
0.623072
0.623200
0.624256
0.622112
0.622848
0.623648
0.621984
0.624224
0.622432
0.622976
0.622944
0.623008
0.622432
0.624576
0.623424
0.622304
0.622560
0.633376
0.624288
0.622144
0.624288
0.622624
0.625664
0.622400
0.626560
0.623552
0.623264
0.621600
0.625088
0.623456
0.621440
0.624000
0.624096
0.621600
0.622464
0.625696
0.624576
0.625760
0.621120
0.623840
0.623008
0.622592
0.622912
0.623744
0.622720
0.622432
0.622528
0.622272
0.623136
0.623008
0.622912
0.623072
0.622496
0.623680
0.624096
0.624224
0.623200
0.622912
0.623584
0.623648
0.622784
0.621920
0.623680
0.620832
0.624832
0.624064
0.623040
0.624512
0.622272
0.626048
0.625216
0.623488
0.621696
0.624608
0.623488
0.624768
0.625088
0.624320
0.622272
0.623616
0.623744
0.623904
0.623456
0.621824
0.623872
0.624832
0.623776
0.623200
0.623520
0.623872
0.623360
0.623264
0.623168
0.622688
0.622912
0.623264
0.623552
0.624096
0.622752
0.623328
0.623104
0.623488
0.623232
0.641856
0.629216
0.635232
0.623200
0.623168
0.640576
0.624000
0.623008
0.622912
0.622912
0.623168
0.622400
0.623104
0.623584
0.623264
0.623744
0.625664
0.624928
0.623712
0.629472
0.623904
0.623552
0.622624
0.623136
0.625056
0.623296
0.623616
0.624640
0.625824
0.623424
0.625760
0.622752
0.624864
0.622496
0.621760
0.624288
0.622336
0.623584
0.622784
0.622720
0.622688
0.622304
0.624000
0.623520
0.624000
0.622880
0.622336
0.623136
0.623488
0.621856
0.624864
0.622560
0.624352
0.622656
0.622400
0.622496
0.622208
0.623392
0.623392
0.622752
0.623136
0.622880
0.623616
0.621632
0.623072
0.623104
0.623200
0.621344
0.622912
0.623680
0.623232
0.624704
0.621920
0.623552
0.624192
0.622944
0.623904
0.622432
0.622912
0.623392
0.622880
0.623616
0.623136
0.622528
0.623104
0.624160
0.621952
0.623776
0.621728
0.623232
0.626048
0.626016
0.625120
0.624160
0.623136
0.622688
0.623776
0.621120
0.623680
0.626432
0.623776
0.622464
0.622432
0.623552
0.622016
0.622592
0.624064
0.622880
0.626432
0.622368
0.624992
0.623488
0.623296
0.622752
0.623488
0.623936
0.622432
0.623072
0.623680
0.623648
0.622400
0.624352
0.634144
0.633568
0.627680
0.628928
0.626784
0.623520
0.624800
0.622784
0.625152
0.623488
0.624928
0.624736
0.623936
0.624544
0.632960
0.625216
0.623680
0.624256
0.625120
0.624704
0.624576
0.625088
0.623904
0.622912
0.623456
0.622816
0.623872
0.622272
0.624000
0.623552
0.623296
0.623840
0.622848
0.624416
0.623616
0.623712
0.623040
0.621504
0.623936
0.622976
0.622496
0.624096
0.623744
0.622784
0.623360
0.623872
0.623232
0.622048
0.622912
0.623584
0.624640
0.622784
0.623488
0.626240
0.623040
0.626912
0.622656
0.622592
0.622848
0.623008
0.624384
0.623232
0.624896
0.623296
0.622944
0.622944
0.625088
0.623904
0.623104
0.623456
0.624032
0.623200
0.623264
0.622848
0.623328
0.623264
0.622464
0.622912
0.622304
0.624224
0.624032
0.623360
0.634688
0.624288
0.623104
0.622048
0.622752
0.623040
0.623360
0.622912
0.624736
0.624032
0.622816
0.623232
0.622784
0.625984
0.624000
0.624640
0.624800
0.622688
0.623488
0.623744
0.622720
0.622816
0.623200
0.623552
0.624224
0.623008
0.621984
0.623904
0.622496
0.623520
0.623328
0.624448
0.623616
0.622944
0.624704
0.623456
0.624448
0.622528
0.623136
0.622560
0.624256
0.625120
0.621728
0.623168
0.623296
0.625792
0.626496
0.623648
0.623552
0.630304
0.623168
0.622400
0.623008
0.622176
0.623392
0.622208
0.622720
0.622880
0.623808
0.623168
0.623680
0.622848
0.623424
0.623904
0.624736
0.625056
0.624864
0.622784
0.622976
0.621472
0.623776
0.622336
0.623488
0.623456
0.622112
0.623808
0.622688
0.624512
0.622560
0.627392
0.626240
0.623040
0.626688
0.622272
0.622496
0.623168
0.623520
0.624928
0.623808
0.622496
0.624448
0.626880
0.622976
0.622528
0.622848
0.623872
0.625152
0.623232
0.624768
0.621952
0.623264
0.622272
0.623328
0.622624
0.626976
0.624032
0.625472
0.623520
0.622976
0.622816
0.623744
0.624288
0.623168
0.624928
0.623200
0.622624
0.623104
0.622752
0.623040
0.622048
0.623328
0.623936
0.625184
0.624800
0.622400
0.623808
0.623776
0.641024
0.624288
0.624384
0.623680
0.625792
0.629728
0.624064
0.624768
0.624192
0.625248
0.622528
0.625184
0.632992
0.625920
0.622176
0.624192
0.624800
0.625728
0.622272
0.623904
0.622016
0.623520
0.624320
0.623616
0.624448
0.623072
0.626400
0.623264
0.623328
0.621440
0.624512
0.622752
0.624224
0.623680
0.622432
0.627360
0.622240
0.623104
0.622240
0.622784
0.623264
0.622752
0.622752
0.622400
0.623840
0.623840
0.622208
0.624512
0.623360
0.623392
0.626496
0.624832
0.622304
0.628160
0.622464
0.624448
0.622592
0.622784
0.624384
0.623552
0.622880
0.622624
0.624384
0.622816
0.624160
0.622624
0.624384
0.623648
0.624608
0.622624
0.622784
0.623200
0.623328
0.624320
0.622752
0.624032
0.624448
0.623488
0.625280
0.623616
0.624064
0.622912
0.622624
0.623296
0.621792
0.623424
0.622720
0.622112
0.625248
0.623040
0.624064
0.624000
0.625440
0.625888
0.627008
0.626464
0.628544
0.627168
0.626144
0.625792
0.623968
0.623456
0.623456
0.623648
0.622240
0.622592
0.627328
0.623136
0.623904
0.622624
0.626112
0.627328
0.624640
0.626048
0.624512
0.623840
0.623744
0.624480
0.623776
0.623392
0.622112
0.623872
0.624576
0.622048
0.624576
0.621760
0.625216
0.624064
0.623424
0.625536
0.622688
0.623488
0.623328
0.622304
0.627168
0.623296
0.623776
0.625248
0.623264
0.623392
0.626400
0.622656
0.623968
0.621792
0.623360
0.624800
0.621792
0.623456
0.623968
0.622496
0.621568
0.623008
0.622656
0.624352
0.623648
0.621728
0.623872
0.623424
0.624672
0.623488
0.625792
0.623232
0.622656
0.623008
0.624352
0.623520
0.622208
0.624128
0.623232
0.623072
0.622528
0.622016
0.624192
0.622336
0.624320
0.623264
0.624224
0.622592
0.624000
0.622272
0.623040
0.623136
0.621984
0.624032
0.623680
0.622848
0.625024
0.621856
0.626272
0.624640
0.623744
0.623488
0.625088
0.626112
0.622240
0.623712
0.622112
0.625440
0.621568
0.624128
0.623584
0.626560
0.624672
0.623584
0.623520
0.625120
0.625888
0.624288
0.624928
0.625472
0.623904
0.623712
0.622880
0.625952
0.623520
0.623648
0.623904
0.623104
0.623584
0.622656
0.625152
0.624352
0.624896
0.623872
0.623392
0.623328
0.623648
0.623776
0.622176
0.623232
0.623072
0.622912
0.622368
0.622240
0.626432
0.624160
0.623200
0.622560
0.623552
0.622528
0.624000
0.622656
0.623552
0.623328
0.621792
0.623296
0.622560
0.623904
0.622592
0.622496
0.623488
0.622432
0.622080
0.622496
0.622752
0.624448
0.623616
0.624960
0.623904
0.622880
0.623488
0.623808
0.622080
0.623712
0.624032
0.622688
0.622560
0.631744
0.626848
0.626304
0.625696
0.623648
0.622720
0.624256
0.623072
0.622464
0.624992
0.623232
0.621888
0.624224
0.622848
0.624544
0.622336
0.623872
0.625280
0.623040
0.623968
0.622624
0.624448
0.624064
0.622272
0.623392
0.622752
0.622944
0.623424
0.622592
0.622816
0.623552
0.623424
0.624384
0.624352
0.621760
0.625696
0.625184
0.624032
0.623776
0.624352
0.624032
0.622976
0.623008
0.622464
0.623168
0.623264
0.624128
0.622752
0.622720
0.622720
0.622464
0.625440
0.622752
0.623456
0.623264
0.623168
0.624896
0.621920
0.623616
0.622784
0.624320
0.623680
0.622496
0.622656
0.623296
0.622720
0.624032
0.622336
0.623168
0.622816
0.623040
0.623072
0.624544
0.621024
0.624064
0.626592
0.624320
0.622656
0.633664
0.623136
0.623136
0.623424
0.627104
0.624416
0.622496
0.624704
0.625952
0.623840
0.623232
0.622944
0.623552
0.623808
0.622528
0.624512
0.624096
0.622944
0.623072
0.622784
0.621440
0.621952
0.624128
0.622944
0.623648
0.624704
0.624832
0.621984
0.622240
0.621760
0.623232
0.623520
0.622752
0.623232
0.623360
0.623488
0.621792
0.624256
0.624384
0.622688
0.623616
0.622272
0.623456
0.623104
0.622336
0.621696
0.626528
0.625856
0.626368
0.625376
0.623232
0.623296
0.623488
0.623616
0.623520
0.623296
0.622464
0.622464
0.624896
0.623968
0.626752
0.623232
0.623648
0.626656
0.624480
0.622496
0.623008
0.623008
0.622016
0.623104
0.623584
0.622976
0.624192
0.621856
0.623840
0.622144
0.623584
0.620768
0.624384
0.623776
0.624352
0.624064
0.622240
0.627584
0.624064
0.623648
0.623840
0.623712
0.623104
0.623392
0.624992
0.627328
0.623584
0.622016
0.623680
0.623776
0.622048
0.623680
0.622592
0.625568
0.623616
0.622272
0.624800
0.623616
0.624288
0.622208
0.622720
0.626656
0.622464
0.622336
0.622656
0.622144
0.622528
0.623968
0.622688
0.624320
0.622560
0.622752
0.624640
0.623616
0.623584
0.622016
0.624064
0.623104
0.622944
0.622688
0.622656
0.623136
0.623136
0.624512
0.622368
0.623840
0.621088
0.623232
0.622624
0.623776
0.637952
0.623488
0.623712
0.622432
0.624640
0.621792
0.622208
0.624256
0.623328
0.623808
0.622848
0.622880
0.622304
0.623104
0.623488
0.624768
0.623936
0.621280
0.622688
0.623040
0.623680
0.622656
0.622848
0.623744
0.622176
0.623200
0.622912
0.622912
0.621760
0.626944
0.624032
0.623392
0.623360
0.623008
0.623776
0.622944
0.622592
0.622848
0.627040
0.625472
0.623520
0.628512
0.622496
0.622848
0.622848
0.625152
0.622720
0.622368
0.622752
0.624480
0.624736
0.622816
0.625344
0.621344
0.622592
0.623936
0.624288
0.624032
0.621472
0.626560
0.622336
0.624384
0.623104
0.624352
0.623008
0.623552
0.624416
0.623520
0.624672
0.625152
0.626464
0.623552
0.624864
0.622784
0.623296
0.623392
0.620928
0.623840
0.623072
0.622880
0.621920
0.621760
0.624992
0.621856
0.624224
0.621504
0.622496
0.624448
0.623712
0.624864
0.622944
0.625440
0.622720
0.623392
0.625024
0.622720
0.621984
0.623296
0.623232
0.623040
0.622720
0.621184
0.622912
0.624288
0.621696
0.626912
0.623776
0.622208
0.625760
0.625536
0.623360
0.625408
0.623264
0.622688
0.624608
0.622208
0.624768
0.621280
0.622592
0.624864
0.623808
0.624832
0.621312
0.623328
0.621248
0.624256
0.622656
0.622304
0.623360
0.622272
0.625376
0.625312
0.623744
0.622944
0.623616
0.621696
0.629216
0.624448
0.624192
0.621696
0.622752
0.623200
0.624000
0.625792
0.622304
0.622208
0.629312
0.626592
0.623872
0.621888
0.622016
0.622016
0.624640
0.623808
0.629472
0.622176
0.621856
0.622784
0.625536
0.623488
0.623424
0.623200
0.623008
0.625152
0.624032
0.624224
0.622176
0.623328
0.622720
0.622976
0.622400
0.623712
0.622016
0.623744
0.625728
0.622912
0.624384
0.621760
0.623008
0.623584
0.622080
0.621504
0.622688
0.623776
0.625728
0.622272
0.621952
0.623296
0.622752
0.623904
0.622816
0.622432
0.622272
0.624416
0.625024
0.622784
0.623296
0.625664
0.623520
0.624448
0.622368
0.623072
0.621568
0.625504
0.624000
0.622880
0.622944
0.622368
0.623968
0.622944
0.622048
0.622400
0.623488
0.620480
0.624320
0.622304
0.625728
0.623264
0.622912
0.622816
0.621472
0.623136
0.624480
0.623264
0.622912
0.621888
0.626176
0.624160
0.628448
0.623808
0.623008
0.624128
0.623488
0.624256
0.621280
0.623328
0.621184
0.623840
0.623584
0.622880
0.622336
0.623488
0.624384
0.622912
0.621632
0.621632
0.627264
0.624064
0.623072
0.624352
0.622976
0.624512
0.621344
0.624640
0.623360
0.624160
0.622912
0.622880
0.623232
0.623520
0.629696
0.623168
0.621632
0.623040
0.628352
0.631136
0.622400
0.623488
0.623264
0.622464
0.625728
0.629536
0.622976
0.624288
0.622432
0.621696
0.624608
0.622016
0.623136
0.623776
0.623776
0.626016
0.622144
0.623520
0.621536
0.622816
0.624032
0.627392
0.622624
0.625568
0.624064
0.621248
0.623808
0.623616
0.622912
0.623392
0.621728
0.623680
0.624736
0.623776
0.624416
0.626624
0.622880
0.622944
0.625952
0.622976
0.623584
0.622272
0.623904
0.623296
0.622816
0.624608
0.622240
0.622400
0.626688
0.622560
0.623840
0.623648
0.623072
0.623712
0.623072
0.623680
0.622784
0.622592
0.625600
0.622720
0.623904
0.624832
0.622912
0.622048
0.626880
0.623904
0.622656
0.622176
0.623680
0.624704
0.624960
0.625760
0.622656
0.621344
0.631008
0.622080
0.624416
0.622592
0.625600
0.623680
0.624032
0.625312
0.622560
0.624960
0.627776
0.625280
0.626336
0.623616
0.624704
0.621920
0.622944
0.626912
0.623840
0.622880
0.621888
0.628512
0.627104
0.638592
0.679424
0.633920
0.634848
0.634944
0.631424
0.630656
0.629792
0.630656
0.634464
0.633184
0.631872
0.630176
0.629376
0.627936
0.633792
0.634048
0.629664
0.627168
0.623168
0.627616
0.624512
0.623968
0.626752
0.626912
0.623712
0.624960
0.622560
0.623648
0.624640
0.624064
0.626336
0.626176
0.621312
0.625440
0.623936
0.622752
0.624256
0.622400
0.623328
0.622240
0.624192
0.623296
0.623584
0.623040
0.622720
0.628896
0.623232
0.624416
0.621888
0.622240
0.622944
0.622816
0.624448
0.622048
0.623072
0.622208
0.626848
0.629888
0.624640
0.623808
0.622016
0.623296
0.624768
0.630240
0.622880
0.623520
0.622624
0.623392
0.624800
0.622976
0.624320
0.621536
0.623104
0.623520
0.623104
0.624160
0.622560
0.621344
0.623136
0.622848
0.622528
0.624416
0.622912
0.623552
0.623296
0.624736
0.628448
0.626688
0.624928
0.621600
0.623680
0.623264
0.622144
0.625312
0.622752
0.622656
0.624672
0.623200
0.624672
0.625888
0.623200
0.624256
0.624096
0.624128
0.626400
0.624256
0.623296
0.622784
0.623456
0.624352
0.622560
0.621984
0.623488
0.622496
0.623360
0.623968
0.623904
0.623008
0.622336
0.623680
0.624928
0.623488
0.623776
0.622176
0.623808
0.624608
0.624480
0.621632
0.624224
0.622048
0.622496
0.628544
0.623872
0.624288
0.623584
0.627680
0.623872
0.624640
0.624000
0.624416
0.622400
0.624416
0.623520
0.627232
0.621664
0.624032
0.622208
0.623776
0.625760
0.622912
0.624896
0.621824
0.623648
0.622944
0.622688
0.624288
0.621920
0.622560
0.623456
0.627168
0.621984
0.625056
0.624288
0.622336
0.623904
0.622976
0.624960
0.625216
0.625824
0.622656
0.627904
0.622496
0.624768
0.622080
0.629984
0.635584
0.623520
0.635744
0.632256
0.624608
0.625568
0.623200
0.624224
0.621632
0.623360
0.620800
0.627072
0.631136
0.623456
0.623456
0.621888
0.623360
0.622176
0.623104
0.625696
0.630784
0.623520
0.622944
0.622432
0.626144
0.622944
0.623232
0.623712
0.622464
0.623904
0.622016
0.622464
0.623040
0.621920
0.623776
0.624480
0.624160
0.623584
0.626656
0.626912
0.626848
0.622816
0.622592
0.624288
0.623328
0.624320
0.624480
0.623904
0.623072
0.621344
0.626944
0.623680
0.623136
0.623680
0.624384
0.625184
0.622912
0.622912
0.623776
0.622368
0.622624
0.622176
0.624288
0.622208
0.623872
0.623680
0.622240
0.628896
0.623872
0.623520
0.623936
0.623232
0.622432
0.623648
0.622080
0.623584
0.622592
0.624096
0.623520
0.623936
0.624192
0.622496
0.622912
0.622496
0.624352
0.624224
0.622432
0.626464
0.622976
0.623040
0.622176
0.622464
0.626752
0.626400
0.625120
0.623168
0.624288
0.622208
0.624672
0.623872
0.624128
0.622336
0.624352
0.623776
0.623648
0.624288
0.624864
0.623040
0.623040
0.622624
0.633184
0.623648
0.622816
0.622272
0.628512
0.622272
0.623776
0.623328
0.630944
0.623776
0.623552
0.622400
0.621888
0.622528
0.623360
0.623648
0.622688
0.622592
0.621216
0.622240
0.623520
0.623296
0.623904
0.623520
0.623936
0.623744
0.622688
0.623872
0.622240
0.623808
0.623552
0.624224
0.622016
0.623552
0.625632
0.621856
0.623040
0.624160
0.623872
0.625056
0.622144
0.622400
0.622048
0.623232
0.622336
0.626176
0.622656
0.622560
0.623680
0.625088
0.625408
0.625568
0.624704
0.625216
0.623008
0.624192
0.622464
0.623072
0.621824
0.623072
0.622336
0.622912
0.623072
0.623680
0.622816
0.622816
0.623488
0.622656
0.623200
0.628544
0.622976
0.622528
0.624736
0.624256
0.623680
0.624192
0.621888
0.624352
0.623584
0.623168
0.627072
0.622560
0.622400
0.624256
0.623072
0.623712
0.622656
0.624416
0.627520
0.625792
0.623008
0.623328
0.621504
0.623872
0.624608
0.622592
0.623136
0.622144
0.624448
0.622464
0.622752
0.623616
0.623808
0.625568
0.623872
0.623232
0.622240
0.623456
0.622432
0.624384
0.623936
0.624416
0.622784
0.623648
0.623296
0.623584
0.623008
0.622336
0.624448
0.623712
0.623968
0.623232
0.623104
0.623680
0.622304
0.624832
0.622976
0.623232
0.623168
0.623328
0.625120
0.621024
0.622816
0.624800
0.623744
0.623296
0.623232
0.622848
0.622624
0.623520
0.623392
0.622944
0.623008
0.622720
0.623712
0.623072
0.624320
0.622400
0.622368
0.624384
0.622688
0.622912
0.623328
0.624032
0.622432
0.623744
0.624000
0.622944
0.622304
0.623552
0.622624
0.622816
0.623424
0.622048
0.624160
0.627136
0.624608
0.625408
0.622400
0.624032
0.622240
0.623296
0.623264
0.623392
0.626272
0.622816
0.623168
0.624032
0.625984
0.623968
0.624032
0.624096
0.624256
0.624608
0.624416
0.623424
0.621664
0.623072
0.622496
0.623648
0.623360
0.622336
0.626400
0.623168
0.624160
0.621344
0.624736
0.623520
0.624160
0.622784
0.627008
0.623360
0.622880
0.623808
0.621984
0.625536
0.622816
0.623872
0.625312
0.624992
0.624512
0.623200
0.623520
0.625920
0.624576
0.624256
0.623968
0.622560
0.622656
0.623008
0.623264
0.623648
0.621888
0.622368
0.622592
0.623040
0.623168
0.624576
0.622016
0.623616
0.624128
0.624800
0.623872
0.622336
0.622112
0.623424
0.621696
0.621888
0.622400
0.623424
0.623104
0.627744
0.645344
0.632608
0.626784
0.625248
0.631648
0.625024
0.624800
0.625152
0.622048
0.624064
0.639104
0.626560
0.625088
0.623648
0.624544
0.625504
0.623360
0.622944
0.625248
0.626272
0.622912
0.623744
0.628576
0.623136
0.622560
0.622272
0.623712
0.624128
0.621472
0.624160
0.622816
0.624064
0.624320
0.620384
0.623712
0.622336
0.622880
0.624512
0.622208
0.623616
0.623904
0.623168
0.622912
0.622976
0.621152
0.625248
0.621888
0.622464
0.623040
0.622944
0.624512
0.626464
0.623712
0.623712
0.621216
0.624384
0.621888
0.622368
0.622048
0.621888
0.623840
0.622848
0.623520
0.623264
0.623552
0.622496
0.626016
0.624416
0.624832
0.623232
0.622496
0.621952
0.622464
0.622784
0.623008
0.625184
0.622784
0.624096
0.622112
0.623840
0.624800
0.622048
0.622272
0.624896
0.622016
0.623648
0.622656
0.623200
0.623296
0.622208
0.622304
0.624512
0.622432
0.623264
0.623200
0.622240
0.622528
0.630976
0.622592
0.623584
0.629920
0.622656
0.623488
0.623104
0.621568
0.624512
0.621440
0.623456
0.621920
0.622688
0.622304
0.623200
0.624928
0.623008
0.623424
0.622784
0.623456
0.624640
0.622272
0.622784
0.621792
0.623968
0.623552
0.623072
0.624160
0.624480
0.625888
0.623456
0.635136
0.623616
0.622112
0.623008
0.624672
0.625440
0.623648
0.624704
0.622912
0.626496
0.623456
0.623840
0.623168
0.623104
0.621792
0.624512
0.621952
0.621184
0.623424
0.623968
0.624288
0.622080
0.622592
0.624704
0.624384
0.624704
0.622208
0.622880
0.622848
0.623552
0.624384
0.621632
0.622144
0.622016
0.626336
0.627872
0.625344
0.622560
0.622144
0.623040
0.624960
0.624128
0.624128
0.621920
0.621824
0.624096
0.625280
0.622848
0.624128
0.621696
0.623584
0.622496
0.623520
0.626656
0.621216
0.622432
0.628352
0.622400
0.623360
0.622208
0.623360
0.623840
0.623520
0.631232
0.625024
0.621920
0.622912
0.623968
0.622336
0.624384
0.622144
0.623232
0.623104
0.622080
0.625600
0.623424
0.622368
0.623168
0.622528
0.623968
0.623904
0.623904
0.623264
0.622944
0.623392
0.624320
0.624256
0.623584
0.622912
0.622624
0.621216
0.624608
0.624544
0.623072
0.623456
0.622880
0.624032
0.624000
0.622368
0.622976
0.622752
0.623872
0.623968
0.622688
0.623104
0.623360
0.624448
0.623904
0.623040
0.622432
0.622912
0.623296
0.623808
0.623488
0.622272
0.621920
0.624224
0.628256
0.621504
0.622944
0.621888
0.623520
0.623616
0.623040
0.622400
0.623520
0.627232
0.624160
0.623520
0.624448
0.622016
0.623040
0.623808
0.622784
0.623392
0.623232
0.622400
0.621856
0.624608
0.624288
0.623264
0.622816
0.622432
0.623680
0.623264
0.622304
0.622336
0.622464
0.630656
0.631488
0.627136
0.627616
0.625376
0.624256
0.624992
0.628096
0.624480
0.624416
0.625056
0.624256
0.623456
0.623680
0.623456
0.624416
0.622528
0.623744
0.621824
0.623200
0.621952
0.623264
0.624704
0.624128
0.623616
0.625056
0.623488
0.625472
0.624128
0.621024
0.625984
0.622048
0.624160
0.623424
0.622496
0.622656
0.621824
0.623680
0.623520
0.623008
0.623488
0.624384
0.624672
0.622656
0.624608
0.625504
0.625344
0.623904
0.624192
0.622400
0.623872
0.623904
0.623360
0.623360
0.623136
0.622848
0.622912
0.624128
0.623008
0.623904
0.623584
0.623680
0.623168
0.622656
0.633152
0.623232
0.624864
0.624448
0.622400
0.623552
0.621280
0.624800
0.623840
0.622560
0.622912
0.621888
0.622528
0.622368
0.622656
0.623808
0.621824
0.624928
0.625024
0.623168
0.622688
0.623104
0.624064
0.624000
0.622624
0.621856
0.622752
0.625792
0.624672
0.622592
0.621920
0.623872
0.622112
0.622912
0.624032
0.624320
0.623488
0.623392
0.624256
0.624544
0.624480
0.623424
0.622816
0.622400
0.624128
0.623648
0.623264
0.622560
0.621920
0.624832
0.622816
0.622880
0.623328
0.623648
0.627424
0.624832
0.623040
0.623072
0.624000
0.622816
0.623520
0.623424
0.623328
0.622848
0.623392
0.628736
0.624352
0.623616
0.622816
0.623744
0.621632
0.626528
0.626016
0.623136
0.622624
0.623264
0.622720
0.623136
0.622560
0.622784
0.623680
0.623008
0.623552
0.623936
0.621344
0.623360
0.623168
0.623552
0.624480
0.626816
0.623136
0.624000
0.623456
0.622624
0.623424
0.622304
0.622976
0.622080
0.621952
0.625024
0.622368
0.624128
0.624384
0.623520
0.625792
0.624576
0.622016
0.622240
0.623488
0.623520
0.624128
0.624864
0.623744
0.624224
0.622048
0.626496
0.624672
0.622624
0.621760
0.624992
0.623104
0.625696
0.622496
0.621536
0.624416
0.621312
0.623584
0.627264
0.624128
0.624704
0.623008
0.623008
0.622432
0.623232
0.623328
0.623200
0.622400
0.624640
0.622784
0.625728
0.626720
0.622080
0.623872
0.624864
0.622624
0.625056
0.623936
0.621824
0.623488
0.625056
0.621376
0.623968
0.623616
0.623808
0.625696
0.622560
0.624128
0.622080
0.621984
0.625024
0.622240
0.623712
0.622400
0.621824
0.623488
0.623552
0.621920
0.622752
0.621056
0.624960
0.627744
0.623552
0.623040
0.622400
0.621152
0.625248
0.623008
0.622752
0.623680
0.622336
0.623264
0.625152
0.622240
0.623840
0.622048
0.622816
0.623328
0.621504
0.622816
0.623360
0.621792
0.624000
0.621760
0.624608
0.622880
0.623552
0.624320
0.622784
0.621824
0.623680
0.623008
0.624992
0.621280
0.622240
0.624064
0.621856
0.624480
0.622656
0.624800
0.624256
0.624448
0.622784
0.622944
0.622528
0.623232
0.626624
0.624288
0.624192
0.622528
0.623616
0.621728
0.621632
0.625472
0.623136
0.623392
0.623776
0.623424
0.623424
0.623872
0.622816
0.624096
0.624448
0.622560
0.627104
0.621600
0.623712
0.623168
0.623456
0.625472
0.622528
0.622752
0.623040
0.621728
0.626016
0.621408
0.623328
0.623456
0.622080
0.625472
0.622816
0.623328
0.623040
0.625312
0.622592
0.624448
0.622112
0.623296
0.623904
0.623648
0.625600
0.626784
0.624256
0.622944
0.624032
0.622976
0.622592
0.623392
0.623680
0.623328
0.622304
0.622688
0.624288
0.623872
0.622080
0.623104
0.622592
0.622336
0.624608
0.621312
0.624032
0.623296
0.623616
0.623648
0.622592
0.623424
0.622624
0.622944
0.623424
0.624288
0.623456
0.621568
0.623392
0.623072
0.624896
0.622688
0.624768
0.623232
0.621664
0.625568
0.625024
0.622624
0.622464
0.622048
0.624896
0.624832
0.622944
0.624768
0.623488
0.621568
0.625184
0.622304
0.623520
0.624224
0.621376
0.624768
0.623136
0.622976
0.623104
0.621568
0.623904
0.622976
0.624064
0.623392
0.622240
0.624288
0.623680
0.621440
0.623232
0.621536
0.623968
0.622464
0.622720
0.622080
0.622720
0.622720
0.624000
0.623328
0.623072
0.622560
0.624064
0.622208
0.624352
0.622816
0.626016
0.622528
0.624096
0.624288
0.621760
0.622784
0.621792
0.624096
0.623264
0.622656
0.624288
0.623328
0.623776
0.622464
0.623072
0.623712
0.622112
0.623616
0.623872
0.623168
0.623168
0.622784
0.623488
0.623072
0.624352
0.623904
0.621952
0.623200
0.623712
0.622944
0.622560
0.621696
0.624000
0.623808
0.623392
0.621600
0.622624
0.624128
0.621632
0.625632
0.622336
0.622880
0.622176
0.624608
0.624224
0.622976
0.627552
0.622528
0.622880
0.625152
0.622784
0.622816
0.622816
0.623968
0.622880
0.623872
0.622208
0.622304
0.623744
0.622880
0.623872
0.623168
0.622464
0.623360
0.623904
0.627488
0.624352
0.622560
0.622816
0.624352
0.621504
0.622624
0.622912
0.623680
0.625568
0.625856
0.626688
0.624096
0.623648
0.622752
0.624000
0.623008
0.623424
0.624928
0.622784
0.624256
0.623200
0.622464
0.624960
0.623200
0.623744
0.623776
0.623264
0.623808
0.624320
0.628672
0.624544
0.623968
0.623936
0.621664
0.624416
0.624064
0.621984
0.622848
0.624064
0.624960
0.622752
0.624928
0.623616
0.621568
0.624768
0.623648
0.623520
0.632512
0.628000
0.624640
0.622016
0.623136
0.624768
0.623360
0.623712
0.623648
0.623424
0.622048
0.624768
0.621664
0.623200
0.622528
0.624096
0.624576
0.622560
0.622688
0.622336
0.622336
0.622176
0.623456
0.623552
0.622944
0.624000
0.623616
0.622400
0.622816
0.622144
0.624000
0.622112
0.623680
0.622752
0.621824
0.624000
0.623008
0.623168
0.621536
0.625408
0.624608
0.623776
0.623968
0.624512
0.622240
0.623392
0.623744
0.623200
0.623872
0.623200
0.623904
0.624768
0.625120
0.622144
0.626816
0.624256
0.622528
0.623840
0.623456
0.624224
0.622528
0.621728
0.622592
0.623488
0.623904
0.624224
0.622496
0.623712
0.623040
0.622528
0.623648
0.622944
0.624448
0.626304
0.622304
0.624640
0.621760
0.624384
0.625568
0.624064
0.623520
0.622720
0.623232
0.624256
0.623360
0.621792
0.623776
0.622880
0.623936
0.625088
0.622560
0.625344
0.622848
0.624928
0.623776
0.623488
0.623072
0.624224
0.623744
0.622560
0.623680
0.622208
0.622592
0.622976
0.623808
0.622848
0.624352
0.624352
0.625312
0.623360
0.622272
0.626176
0.621824
0.625184
0.622048
0.622112
0.624896
0.622304
0.623776
0.624416
0.625632
0.623776
0.624512
0.624672
0.622656
0.624256
0.621312
0.622368
0.624320
0.628672
0.623136
0.623008
0.622688
0.622176
0.623968
0.623040
0.623264
0.632032
0.624832
0.625408
0.622144
0.624256
0.622336
0.622656
0.624000
0.622880
0.622720
0.623872
0.622976
0.623200
0.621408
0.622112
0.624416
0.622400
0.624224
0.622688
0.623264
0.624320
0.621344
0.626912
0.626432
0.624960
0.624384
0.622560
0.624800
0.624192
0.622624
0.631168
0.628032
0.624864
0.623488
0.623488
0.624224
0.623648
0.625472
0.623488
0.622304
0.625024
0.622848
0.622912
0.622400
0.621312
0.624512
0.623424
0.625536
0.623360
0.624096
0.623232
0.622880
0.624736
0.621568
0.623136
0.624768
0.625088
0.624064
0.622464
0.626272
0.622944
0.624000
0.622368
0.624000
0.626464
0.623520
0.626016
0.624000
0.623648
0.622880
0.626720
0.623328
0.624096
0.623104
0.622528
0.626016
0.621568
0.624544
0.628032
0.622976
0.623520
0.622528
0.623712
0.622496
0.623392
0.622080
0.624672
0.623392
0.624352
0.624992
0.622432
0.622688
0.622880
0.623040
0.623040
0.622560
0.622560
0.623008
0.624256
0.623008
0.622272
0.622080
0.624512
0.623744
0.623872
0.624448
0.622144
0.622848
0.621920
0.623520
0.624096
0.622880
0.623392
0.623840
0.622848
0.622880
0.623264
0.630048
0.632192
0.627328
0.623008
0.624384
0.622944
0.626368
0.624032
0.624672
0.624544
0.624096
0.625056
0.622816
0.623904
0.622624
0.623328
0.624384
0.622976
0.623552
0.623520
0.627008
0.632320
0.642144
0.633696
0.633952
0.633920
0.632800
0.629856
0.629856
0.632992
0.633312
0.633184
0.631744
0.630976
0.640768
0.629728
0.631936
0.636000
0.631360
0.628800
0.627008
0.626080
0.624000
0.624800
0.623072
0.625472
0.625056
0.625600
0.623904
0.624096
0.623040
0.624640
0.623904
0.624064
0.625056
0.624000
0.624832
0.624384
0.624608
0.623296
0.623712
0.623008
0.623136
0.625344
0.623744
0.622976
0.624640
0.624576
0.625024
0.630208
0.622688
0.622816
0.623584
0.623552
0.623776
0.623104
0.624128
0.624480
0.623776
0.624416
0.624064
0.624000
0.623744
0.624000
0.622912
0.622944
0.622976
0.628320
0.623136
0.622240
0.623712
0.623872
0.623968
0.622752
0.622752
0.624352
0.622272
0.622880
0.625056
0.623456
0.623488
0.623328
0.623424
0.621504
0.622880
0.623584
0.623328
0.623680
0.622144
0.625856
0.623648
0.624736
0.622048
0.622432
0.624576
0.623040
0.627104
0.623808
0.623872
0.623104
0.622784
0.625760
0.627328
0.624960
0.628448
0.634112
0.627136
0.622432
0.623840
0.623392
0.625568
0.623872
0.621184
0.625696
0.624832
0.622176
0.622912
0.623264
0.622720
0.624256
0.623552
0.623392
0.623616
0.622752
0.622400
0.622400
0.623264
0.623488
0.622848
0.622720
0.623840
0.624320
0.624224
0.622944
0.625024
0.623232
0.622304
0.624000
0.621536
0.622144
0.623232
0.623392
0.622496
0.623072
0.621824
0.623616
0.624352
0.622368
0.622848
0.622464
0.624000
0.623680
0.622496
0.623072
0.622336
0.624320
0.624096
0.622528
0.622560
0.623232
0.621920
0.624096
0.626176
0.622592
0.623584
0.622624
0.624000
0.623040
0.623136
0.622880
0.622432
0.624384
0.622304
0.623200
0.623168
0.622752
0.624448
0.626176
0.624000
0.622304
0.622304
0.623744
0.622720
0.623008
0.622464
0.622752
0.624896
0.623488
0.623200
0.624544
0.623680
0.623328
0.622880
0.623136
0.622528
0.621248
0.623040
0.624224
0.674464
0.631776
0.632416
0.632064
0.628672
0.624192
0.622976
0.624192
0.624064
0.624768
0.623584
0.623360
0.622592
0.622880
0.622880
0.626816
0.624160
0.624512
0.623712
0.623072
0.622816
0.624256
0.621632
0.622784
0.624032
0.623040
0.623904
0.624448
0.624320
0.623808
0.623872
0.622496
0.621920
0.622912
0.622560
0.622912
0.622624
0.623296
0.624736
0.625408
0.623680
0.623968
0.622848
0.622624
0.622304
0.622240
0.623520
0.623456
0.626496
0.624256
0.624832
0.625216
0.624032
0.621824
0.622880
0.623552
0.626048
0.625376
0.632256
0.622496
0.622688
0.622432
0.622944
0.623456
0.622496
0.622592
0.623264
0.624000
0.623360
0.623008
0.621920
0.622976
0.623936
0.623136
0.623744
0.622304
0.622464
0.623424
0.624160
0.623392
0.622816
0.623904
0.622944
0.624832
0.621760
0.623040
0.622784
0.626016
0.623552
0.623840
0.622432
0.623200
0.666880
0.624544
0.625504
0.622912
0.622816
0.622624
0.623136
0.623392
0.621632
0.622592
0.623008
0.625728
0.623456
0.623616
0.631744
0.623488
0.624960
0.624608
0.624512
0.625184
0.623200
0.623776
0.626560
0.625376
0.622880
0.623680
0.623168
0.624000
0.625472
0.625568
0.626048
0.624256
0.622752
0.623328
0.624544
0.625376
0.622816
0.622528
0.623392
0.623808
0.622400
0.623616
0.625824
0.623584
0.624448
0.622272
0.624384
0.622752
0.623296
0.623232
0.622528
0.625120
0.622432
0.623424
0.623680
0.623168
0.622336
0.624608
0.623648
0.622912
0.622720
0.623040
0.624192
0.625024
0.623712
0.622848
0.622880
0.623424
0.623968
0.624384
0.626656
0.625824
0.622976
0.624032
0.624192
0.624608
0.623584
0.622048
0.623008
0.622656
0.623264
0.623456
0.623968
0.623008
0.623616
0.623392
0.623744
0.627136
0.623360
0.622784
0.621728
0.625728
0.625664
0.630208
0.623360
0.622400
0.621728
0.622912
0.623680
0.625280
0.624160
0.622560
0.624992
0.624064
0.624544
0.623264
0.622080
0.621856
0.622752
0.625344
0.622944
0.622080
0.623264
0.622208
0.625408
0.623808
0.623680
0.623552
0.622976
0.623232
0.623072
0.623296
0.622080
0.624832
0.626560
0.624800
0.624224
0.622048
0.623872
0.621664
0.625536
0.623392
0.623136
0.621792
0.622784
0.623168
0.622912
0.630112
0.622880
0.625920
0.623296
0.622272
0.623872
0.641696
0.623648
0.624000
0.623392
0.624064
0.623680
0.623648
0.623104
0.625504
0.622240
0.624736
0.621920
0.623456
0.623936
0.623104
0.624736
0.622368
0.622240
0.624768
0.626656
0.623808
0.624000
0.625952
0.622528
0.624224
0.623808
0.623872
0.623136
0.622400
0.622560
0.623616
0.623360
0.624544
0.622752
0.621536
0.624192
0.623904
0.626048
0.625920
0.623008
0.623840
0.621600
0.626752
0.627648
0.629088
0.626144
0.626368
0.622816
0.623808
0.624096
0.622176
0.624160
0.626464
0.624672
0.623360
0.624608
0.625664
0.623744
0.622208
0.621920
0.624256
0.622368
0.623584
0.622720
0.621664
0.623776
0.624032
0.622592
0.624832
0.622592
0.622176
0.625792
0.623104
0.623424
0.622304
0.621824
0.625376
0.629984
0.650016
0.631232
0.628416
0.626848
0.624992
0.627584
0.625376
0.625984
0.625216
0.628928
0.640960
0.624384
0.624640
0.622080
0.635072
0.624288
0.622816
0.624672
0.627168
0.633440
0.633632
0.636512
0.632896
0.624320
0.623392
0.624544
0.623424
0.622752
0.624864
0.622624
0.624512
0.624736
0.622432
0.622208
0.624096
0.624480
0.622720
0.622880
0.622752
0.621760
0.625344
0.624352
0.626304
0.623456
0.623456
0.622528
0.623936
0.624064
0.624960
0.622624
0.622560
0.625056
0.622592
0.625056
0.623424
0.622880
0.624288
0.623392
0.623776
0.623456
0.623328
0.622688
0.623168
0.623776
0.623808
0.622304
0.623264
0.622720
0.622816
0.622432
0.622656
0.623872
0.622592
0.627296
0.626496
0.622144
0.623840
0.622880
0.624320
0.622272
0.624768
0.621984
0.622816
0.625408
0.621280
0.625376
0.622208
0.623264
0.622784
0.622400
0.624832
0.622144
0.623104
0.624384
0.626304
0.623136
0.622784
0.622688
0.622944
0.624000
0.622400
0.622944
0.623232
0.623840
0.624128
0.624192
0.624032
0.621856
0.624416
0.622624
0.622400
0.622912
0.623840
0.624608
0.622784
0.623904
0.622528
0.624064
0.623232
0.622464
0.623776
0.625760
0.626432
0.625120
0.633984
0.623584
0.622624
0.623648
0.623552
0.622848
0.623008
0.623168
0.622336
0.624096
0.623520
0.623072
0.623872
0.622624
0.624160
0.623232
0.624096
0.622464
0.623648
0.623136
0.624064
0.624192
0.622400
0.624640
0.621728
0.622528
0.623456
0.622240
0.623072
0.622496
0.625088
0.623872
0.623520
0.622272
0.622752
0.623360
0.624448
0.623648
0.622240
0.624768
0.627008
0.624256
0.623520
0.623360
0.623904
0.623776
0.624448
0.622016
0.623072
0.622016
0.624992
0.624416
0.623328
0.624032
0.622528
0.624704
0.623648
0.622688
0.624768
0.623584
0.623744
0.623648
0.622848
0.622144
0.623584
0.622368
0.624224
0.623680
0.627744
0.625344
0.624384
0.623136
0.622880
0.624224
0.622560
0.624032
0.623616
0.624768
0.622400
0.623168
0.622944
0.622048
0.623328
0.624064
0.625664
0.623136
0.631360
0.623232
0.628192
0.625792
0.623680
0.625088
0.622720
0.624192
0.624032
0.623296
0.622848
0.622400
0.624416
0.622656
0.622656
0.623168
0.624096
0.624544
0.624288
0.622624
0.623168
0.623904
0.623552
0.624416
0.623808
0.622464
0.624672
0.622048
0.624864
0.622816
0.622784
0.624512
0.623840
0.623072
0.624160
0.623360
0.621888
0.623744
0.622304
0.625024
0.629120
0.622336
0.622976
0.622688
0.622944
0.622048
0.622528
0.622176
0.624032
0.624640
0.622848
0.623424
0.623680
0.621888
0.624512
0.624320
0.622016
0.625184
0.626112
0.626112
0.625824
0.624320
0.625344
0.623872
0.625920
0.627040
0.622816
0.623456
0.626720
0.625600
0.624320
0.627360
0.624512
0.623904
0.623648
0.623232
0.623872
0.624224
0.623776
0.622848
0.624448
0.623456
0.622240
0.624096
0.622368
0.623488
0.622176
0.624000
0.623744
0.623040
0.624224
0.622464
0.623488
0.622400
0.623552
0.623488
0.622816
0.623072
0.623584
0.622496
0.624000
0.623296
0.623264
0.622464
0.623456
0.622560
0.623232
0.622144
0.623456
0.621408
0.623744
0.622624
0.627232
0.626560
0.624384
0.622880
0.625088
0.623712
0.624192
0.623072
0.622368
0.624032
0.623680
0.624224
0.623296
0.623264
0.624352
0.622368
0.624704
0.623584
0.623456
0.622912
0.622816
0.623328
0.622656
0.623904
0.623584
0.622528
0.623072
0.621952
0.623232
0.621792
0.624288
0.622112
0.624448
0.623168
0.622880
0.623136
0.622432
0.624992
0.622208
0.624256
0.624768
0.622592
0.623200
0.621504
0.625536
0.622720
0.623488
0.623872
0.627904
0.625920
0.625024
0.625696
0.623520
0.622304
0.623296
0.630304
0.623040
0.624000
0.623680
0.621696
0.624768
0.622720
0.623872
0.623040
0.622272
0.624416
0.623072
0.623808
0.622016
0.625472
0.621280
0.624448
0.622784
0.635232
0.623136
0.623264
0.623680
0.622976
0.622912
0.622336
0.624288
0.621856
0.623616
0.622816
0.622176
0.625120
0.625184
0.624288
0.623328
0.623296
0.625120
0.623968
0.623392
0.622368
0.624160
0.622432
0.624576
0.622656
0.622624
0.622976
0.622016
0.623840
0.624256
0.623168
0.631648
0.622592
0.623296
0.623680
0.624448
0.622944
0.624032
0.621472
0.625568
0.622752
0.623776
0.624480
0.629760
0.624160
0.624384
0.623232
0.624800
0.623328
0.622048
0.622656
0.622784
0.621632
0.623136
0.622688
0.624384
0.623168
0.623232
0.624096
0.620800
0.623680
0.622848
0.623776
0.623488
0.623520
0.623424
0.622912
0.623808
0.622240
0.624000
0.621664
0.624224
0.623520
0.623264
0.623936
0.624288
0.621984
0.623168
0.624448
0.622816
0.624224
0.622368
0.623360
0.623328
0.622272
0.627648
0.626784
0.624320
0.624896
0.624544
0.624704
0.625056
0.623968
0.622240
0.624992
0.624384
0.623232
0.622240
0.622688
0.624544
0.621856
0.623328
0.623648
0.623360
0.622528
0.623456
0.623840
0.634208
0.623424
0.622976
0.622784
0.622400
0.625120
0.625920
0.623648
0.624128
0.621824
0.624224
0.624768
0.624736
0.622464
0.623008
0.622528
0.623296
0.624640
0.623360
0.623040
0.622528
0.622720
0.623168
0.622240
0.624384
0.622272
0.623488
0.622752
0.622720
0.631680
0.622368
0.623456
0.623296
0.622176
0.622784
0.622560
0.625440
0.625408
0.623360
0.622528
0.624672
0.629600
0.622048
0.623840
0.624704
0.623328
0.622016
0.624416
0.622496
0.622592
0.622784
0.622752
0.624736
0.627936
0.624096
0.622720
0.623744
0.622144
0.622016
0.623680
0.624192
0.623680
0.625504
0.625888
0.623424
0.626816
0.622944
0.624992
0.623840
0.622432
0.623808
0.626752
0.625984
0.624224
0.623328
0.623328
0.625120
0.623840
0.624864
0.623680
0.624160
0.624992
0.623552
0.623264
0.624096
0.624352
0.626368
0.625184
0.625728
0.622144
0.625952
0.624864
0.623776
0.624960
0.627936
0.628864
0.624128
0.624032
0.623904
0.625664
0.623456
0.623744
0.623040
0.623904
0.625120
0.635520
0.624960
0.623488
0.622144
0.624608
0.624448
0.624192
0.622784
0.624448
0.622528
0.624448
0.625856
0.624416
0.624480
0.624800
0.623936
0.622464
0.622848
0.623968
0.624512
0.624576
0.621920
0.622208
0.624512
0.623424
0.630752
0.623776
0.623808
0.621888
0.621984
0.622336
0.623808
0.626912
0.629824
0.624000
0.623232
0.623264
0.624640
0.624640
0.622944
0.624672
0.622816
0.624992
0.624192
0.624896
0.623776
0.622368
0.623648
0.622624
0.624512
0.623392
0.623008
0.623040
0.623904
0.623488
0.624384
0.623456
0.622624
0.623296
0.623840
0.624832
0.623904
0.623296
0.623360
0.623488
0.623136
0.624736
0.623744
0.623584
0.622912
0.623424
0.623168
0.624480
0.622816
0.622400
0.624800
0.622432
0.624448
0.624448
0.629312
0.623136
0.624320
0.625472
0.623872
0.623808
0.626880
0.623008
0.624960
0.623584
0.624128
0.625088
0.624992
0.624000
0.625056
0.623232
0.624928
0.625088
0.624928
0.625760
0.624000
0.624000
0.623712
0.623680
0.622880
0.624896
0.623424
0.625760
0.624480
0.623008
0.625088
0.623360
0.623456
0.623488
0.622240
0.624992
0.624672
0.623328
0.624128
0.622688
0.623360
0.623232
0.623936
0.623936
0.622560
0.622880
0.623264
0.625440
0.624032
0.621664
0.623552
0.624256
0.624064
0.622784
0.624000
0.622688
0.623488
0.623328
0.621984
0.623296
0.622976
0.624032
0.622656
0.623200
0.624768
0.622272
0.624224
0.622880
0.625632
0.628608
0.626560
0.623712
0.629984
0.622816
0.623360
0.622944
0.622880
0.623264
0.626528
0.623168
0.623872
0.622656
0.624320
0.624768
0.641280
0.623264
0.623712
0.623104
0.622560
0.624256
0.625152
0.624960
0.625568
0.625600
0.622752
0.623456
0.631008
0.623008
0.623072
0.624096
0.622976
0.626080
0.622816
0.623200
0.626944
0.628000
0.622272
0.624224
0.623232
0.622432
0.623968
0.630400
0.630848
0.624544
0.622944
0.627040
0.624864
0.623808
0.622656
0.622528
0.624608
0.625280
0.622304
0.623584
0.624000
0.628160
0.623456
0.623712
0.626080
0.622432
0.622464
0.624160
0.623808
0.623456
0.622976
0.622944
0.623008
0.631552
0.621664
0.623808
0.623680
0.622880
0.625056
0.622336
0.623328
0.622592
0.623936
0.624608
0.622080
0.623584
0.623616
0.627648
0.623328
0.623456
0.622112
0.625952
0.624416
0.622880
0.624000
0.622656
0.623840
0.622144
0.622432
0.624544
0.623616
0.624352
0.625504
0.623104
0.623488
0.624640
0.622528
0.623616
0.623232
0.622656
0.623456
0.622336
0.624000
0.623904
0.623072
0.622848
0.623424
0.624416
0.625632
0.625408
0.621472
0.625184
0.622176
0.624448
0.623936
0.636896
0.633120
0.626848
0.625888
0.623136
0.625664
0.626848
0.627456
0.626112
0.627040
0.629760
0.628160
0.624064
0.624064
0.623584
0.624288
0.624896
0.623616
0.623328
0.625216
0.623968
0.625152
0.623520
0.624896
0.628896
0.623840
0.624384
0.623072
0.624672
0.622912
0.627648
0.623840
0.623360
0.623520
0.622176
0.625248
0.623200
0.627936
0.628320
0.625856
0.625472
0.622624
0.626528
0.627072
0.624416
0.639520
0.624256
0.624768
0.624000
0.628288
0.622720
0.625376
0.628832
0.622624
0.624832
0.624032
0.622816
0.623744
0.624480
0.623040
0.624320
0.623072
0.625280
0.623808
0.624896
0.626848
0.623328
0.624288
0.625056
0.624064
0.625536
0.625696
0.624736
0.624352
0.625824
0.625440
0.624192
0.623872
0.624064
0.624992
0.628672
0.627392
0.623776
0.623840
0.624192
0.624320
0.622816
0.646176
0.628128
0.624864
0.625824
0.623360
0.623936
0.624448
0.622944
0.624032
0.622752
0.622208
0.622272
0.624928
0.621024
0.623072
0.623680
0.623328
0.623552
0.625088
0.623456
0.622944
0.623232
0.624288
0.624192
0.625248
0.623808
0.622976
0.622720
0.623808
0.623552
0.622912
0.623616
0.623488
0.621888
0.624064
0.623392
0.623520
0.622944
0.623424
0.623168
0.627264
0.623200
0.623584
0.624128
0.622976
0.621120
0.623360
0.623040
0.624864
0.622336
0.623968
0.622912
0.621952
0.622048
0.623232
0.623712
0.623840
0.626048
0.624000
0.622976
0.624384
0.627936
0.624928
0.622688
0.623008
0.623296
0.623072
0.623648
0.623808
0.624320
0.623072
0.625952
0.625632
0.625856
0.623040
0.621312
0.624768
0.622848
0.624352
0.627040
0.624064
0.622656
0.624032
0.622912
0.624480
0.622848
0.622560
0.625376
0.623936
0.623808
0.624576
0.624000
0.624384
0.622976
0.623648
0.623136
0.625504
0.623520
0.624928
0.624448
0.621920
0.628320
0.623872
0.623840
0.624032
0.623456
0.623072
0.624128
0.626368
0.625376
0.625344
0.624416
0.622976
0.624160
0.623648
0.624352
0.621728
0.622688
0.622560
0.623296
0.623968
0.623520
0.622464
0.627040
0.633632
0.634368
0.632544
0.638592
0.638592
0.631552
0.632256
0.630400
0.630144
0.631872
0.634016
0.650848
0.629440
0.629696
0.636192
0.631872
0.634144
0.632672
0.627776
0.624160
0.625248
0.624704
0.622560
0.624000
0.622784
0.624512
0.625344
0.627104
0.628512
0.624544
0.623424
0.624832
0.627360
0.625440
0.623904
0.624320
0.623296
0.625824
0.624096
0.625120
0.623616
0.623328
0.622176
0.623264
0.624128
0.626432
0.624352
0.621632
0.623776
0.622208
0.622560
0.622752
0.623424
0.621472
0.623552
0.623776
0.623808
0.624384
0.621280
0.623520
0.622784
0.623136
0.622720
0.621984
0.621920
0.622624
0.623072
0.623488
0.623776
0.623328
0.623904
0.624576
0.624224
0.624480
0.621472
0.624320
0.624160
0.623680
0.624128
0.622016
0.623520
0.622976
0.622336
0.622112
0.622880
0.622112
0.624320
0.623712
0.623040
0.623712
0.621280
0.623456
0.623424
0.622752
0.622400
0.622048
0.623552
0.623936
0.622720
0.622464
0.627520
0.622688
0.624544
0.623168
0.622944
0.623040
0.621568
0.623648
0.623552
0.622528
0.621984
0.622720
0.626912
0.624960
0.624288
0.623936
0.622560
0.624576
0.623520
0.622592
0.621952
0.622496
0.623136
0.624480
0.623584
0.622976
0.622336
0.622688
0.623456
0.622432
0.624160
0.621696
0.623840
0.624480
0.623264
0.624160
0.623552
0.622208
0.673312
0.629600
0.628096
0.626656
0.630944
0.626912
0.625536
0.623648
0.639712
0.624704
0.623008
0.623296
0.623616
0.624064
0.623520
0.622784
0.623264
0.622368
0.623104
0.624288
0.623072
0.621984
0.623424
0.622240
0.623168
0.622528
0.623840
0.623136
0.623168
0.623840
0.623360
0.624064
0.622336
0.623488
0.629984
0.623936
0.622880
0.622080
0.623488
0.621728
0.623328
0.623936
0.623552
0.622848
0.623808
0.623488
0.622400
0.623072
0.625184
0.626656
0.624864
0.624544
0.625312
0.622176
0.621888
0.622304
0.623584
0.624640
0.624864
0.622656
0.623584
0.624768
0.623200
0.624704
0.622880
0.623936
0.621952
0.623808
0.624480
0.623200
0.629888
0.628448
0.626592
0.623584
0.628032
0.625152
0.625632
0.623840
0.625504
0.626656
0.623840
0.624448
0.625344
0.626080
0.624416
0.626112
0.626272
0.637280
0.627264
0.623968
0.626528
0.627584
0.626048
0.624352
0.623520
0.623776
0.628512
0.625024
0.626656
0.626880
0.622880
0.623200
0.625344
0.625536
0.623744
0.628512
0.628160
0.625120
0.624352
0.625216
0.623424
0.625344
0.626336
0.625344
0.624640
0.628832
0.623712
0.624640
0.624096
0.623616
0.625184
0.623104
0.626176
0.623872
0.622080
0.626080
0.629504
0.624384
0.623712
0.625376
0.625632
0.625728
0.625632
0.623872
0.625632
0.623872
0.625664
0.623936
0.651584
0.625472
0.624768
0.624800
0.624256
0.623936
0.622368
0.626144
0.625696
0.625856
0.623136
0.624608
0.624384
0.624032
0.624256
0.624928
0.624288
0.626784
0.625792
0.624512
0.622912
0.627008
0.625568
0.627072
0.627072
0.625856
0.625408
0.627040
0.625056
0.623968
0.624608
0.627424
0.632672
0.628608
0.630944
0.626848
0.627264
0.624960
0.623104
0.625088
0.624096
0.624832
0.624960
0.623872
0.623904
0.623360
0.622304
0.623840
0.623744
0.623744
0.622528
0.622624
0.623104
0.621536
0.622272
0.623616
0.624256
0.623840
0.622976
0.623552
0.639488
0.620736
0.623936
0.622464
0.623968
0.623264
0.622752
0.623776
0.627296
0.627296
0.623776
0.625184
0.624256
0.621536
0.625344
0.622080
0.624416
0.623104
0.622464
0.624256
0.624000
0.623712
0.623968
0.624384
0.621600
0.632160
0.622944
0.623616
0.623520
0.623872
0.621728
0.621760
0.628576
0.623552
0.625696
0.622208
0.624928
0.624032
0.622912
0.623680
0.622720
0.624096
0.621600
0.624256
0.624608
0.624480
0.623968
0.622144
0.625344
0.622624
0.623904
0.623296
0.623040
0.624224
0.622688
0.623392
0.622848
0.624448
0.623424
0.624000
0.624096
0.624256
0.622816
0.621280
0.623296
0.622464
0.623520
0.623072
0.622368
0.622304
0.623616
0.623072
0.622720
0.623648
0.621280
0.624000
0.623680
0.622848
0.624000
0.622080
0.625024
0.623584
0.624352
0.626912
0.622560
0.623296
0.623104
0.622784
0.623040
0.622496
0.624384
0.626880
0.625536
0.623072
0.623424
0.622336
0.622848
0.622944
0.623488
0.622848
0.623840
0.622464
0.623648
0.622688
0.622048
0.626496
0.623648
0.624736
0.631104
0.624384
0.622784
0.623104
0.624544
0.624288
0.623584
0.623968
0.624704
0.624096
0.622272
0.624832
0.623488
0.626528
0.635328
0.626176
0.624256
0.623168
0.624288
0.622464
0.623136
0.622016
0.621760
0.624608
0.623104
0.624000
0.622976
0.623040
0.623008
0.623264
0.621792
0.629632
0.623072
0.622560
0.624320
0.623648
0.623072
0.622368
0.622144
0.623424
0.624096
0.622912
0.623776
0.623360
0.622656
0.623488
0.623232
0.623296
0.622080
0.624512
0.625536
0.631136
0.634016
0.629856
0.626112
0.624000
0.625664
0.625056
0.626912
0.626592
0.626112
0.625984
0.624128
0.628576
0.623936
0.624032
0.624608
0.623008
0.624480
0.622816
0.624160
0.622048
0.624064
0.623136
0.623168
0.622720
0.623008
0.624384
0.623232
0.624416
0.622944
0.623488
0.623840
0.623520
0.624096
0.621984
0.622336
0.623200
0.623648
0.623040
0.622368
0.623616
0.623200
0.625504
0.623616
0.623136
0.626016
0.622528
0.623072
0.623136
0.622880
0.623168
0.628704
0.634912
0.631008
0.623456
0.623840
0.623520
0.621984
0.624160
0.624096
0.623616
0.641984
0.623904
0.624384
0.623296
0.624512
0.622496
0.624288
0.623776
0.623840
0.623552
0.623936
0.622016
0.622784
0.624160
0.622400
0.623616
0.623040
0.624384
0.626464
0.622368
0.630112
0.621824
0.621888
0.622336
0.623744
0.623488
0.623488
0.623136
0.622944
0.623520
0.621888
0.625216
0.623488
0.622496
0.623808
0.623200
0.623104
0.622208
0.624864
0.622432
0.623392
0.622912
0.623776
0.623168
0.623040
0.623072
0.621824
0.623776
0.622336
0.622848
0.622944
0.624544
0.626048
0.624800
0.622496
0.623456
0.624352
0.624256
0.623584
0.624768
0.625728
0.624384
0.623424
0.623136
0.624320
0.623744
0.623040
0.622784
0.623168
0.623296
0.623104
0.623424
0.624384
0.624128
0.623200
0.624160
0.623776
0.624032
0.622272
0.622784
0.628672
0.623872
0.622080
0.623392
0.623680
0.623136
0.622784
0.621856
0.625184
0.624480
0.622368
0.623520
0.622912
0.622624
0.622848
0.622688
0.624288
0.622240
0.626112
0.622176
0.622816
0.622624
0.622880
0.623488
0.623328
0.626016
0.625408
0.624736
0.625280
0.625600
0.623104
0.625600
0.624256
0.623136
0.625056
0.623424
0.623776
0.622528
0.622944
0.623712
0.622464
0.622816
0.627136
0.622304
0.624768
0.622912
0.621952
0.626080
0.623520
0.623200
0.623072
0.622816
0.623104
0.624384
0.623680
0.624512
0.623328
0.626464
0.623712
0.624640
0.620992
0.624480
0.640064
0.625152
0.626144
0.625056
0.624512
0.629984
0.623520
0.624128
0.624320
0.625408
0.625440
0.623296
0.625024
0.622944
0.630592
0.624384
0.621536
0.623008
0.624000
0.621888
0.625472
0.621728
0.622752
0.624800
0.622944
0.623552
0.623680
0.622208
0.624544
0.622464
0.623552
0.622496
0.622528
0.622944
0.623008
0.627264
0.623648
0.622400
0.623168
0.623328
0.622624
0.623584
0.622336
0.623136
0.622976
0.622752
0.623424
0.622880
0.622880
0.623360
0.623552
0.622112
0.623456
0.621728
0.623776
0.622976
0.622944
0.623648
0.622880
0.622784
0.624800
0.622304
0.630976
0.623840
0.622272
0.623360
0.623808
0.624224
0.625536
0.622400
0.624960
0.624736
0.623072
0.623488
0.625344
0.624416
0.625344
0.625120
0.623616
0.622528
0.623456
0.622720
0.623936
0.623552
0.623744
0.622240
0.624256
0.621760
0.624480
0.623584
0.624544
0.623616
0.621504
0.623392
0.622784
0.624128
0.621888
0.623680
0.624288
0.622784
0.623296
0.621088
0.622656
0.622272
0.622208
0.625184
0.622080
0.622336
0.623744
0.623904
0.622720
0.622688
0.622272
0.623680
0.623392
0.623520
0.622496
0.622336
0.624256
0.621728
0.622720
0.625952
0.624896
0.635840
0.624896
0.622336
0.622272
0.623936
0.622304
0.623424
0.624544
0.622176
0.637216
0.622336
0.628352
0.622688
0.623648
0.623296
0.624032
0.626080
0.622784
0.622624
0.623072
0.622496
0.623040
0.622080
0.624256
0.623328
0.622816
0.623392
0.623648
0.623456
0.623520
0.622848
0.624768
0.623104
0.622944
0.624928
0.621472
0.622592
0.622880
0.629952
0.622720
0.624608
0.621888
0.622016
0.623808
0.622496
0.623584
0.623264
0.622560
0.624704
0.624352
0.623328
0.623104
0.622592
0.622752
0.623328
0.623360
0.632128
0.627872
0.623136
0.623872
0.623360
0.624576
0.623552
0.625184
0.623008
0.622912
0.623936
0.623680
0.623936
0.622720
0.622304
0.625024
0.623456
0.622624
0.621696
0.623488
0.622816
0.622496
0.622816
0.623968
0.621920
0.622624
0.622976
0.624000
0.622400
0.622240
0.627808
0.622464
0.624032
0.623968
0.630016
0.623360
0.622144
0.624448
0.625472
0.625760
0.622528
0.624032
0.623840
0.623552
0.626624
0.622112
0.623808
0.622624
0.622944
0.625536
0.623264
0.626592
0.623264
0.623232
0.626336
0.624640
0.623008
0.623776
0.622432
0.625344
0.626880
0.625888
0.623712
0.622528
0.623392
0.623232
0.621952
0.623904
0.623264
0.624064
0.623008
0.624928
0.622432
0.624224
0.623424
0.624288
0.623648
0.620800
0.624224
0.622528
0.623008
0.622016
0.621760
0.625952
0.622400
0.625216
0.622336
0.624768
0.623168
0.622528
0.626816
0.622784
0.623328
0.623936
0.622592
0.622912
0.622176
0.622592
0.624736
0.626304
0.624096
0.624320
0.623680
0.623520
0.623136
0.626592
0.623488
0.624736
0.625792
0.622400
0.622432
0.627008
0.625088
0.623680
0.623424
0.623456
0.622624
0.625536
0.621856
0.625216
0.622496
0.629888
0.623936
0.626752
0.622880
0.624288
0.622304
0.623328
0.625984
0.627168
0.621984
0.622848
0.621472
0.624256
0.625888
0.622912
0.622592
0.623232
0.623808
0.629664
0.624256
0.622368
0.624320
0.626112
0.622848
0.623648
0.621888
0.624416
0.622240
0.622528
0.623040
0.626176
0.623360
0.623648
0.623168
0.622368
0.624704
0.621920
0.625280
0.626720
0.623872
0.623552
0.621824
0.623584
0.622560
0.624416
0.623296
0.625056
0.623072
0.622496
0.624000
0.623872
0.625376
0.622368
0.623904
0.622656
0.622336
0.625632
0.623904
0.622944
0.621376
0.623008
0.623008
0.625792
0.624576
0.623488
0.622144
0.622016
0.624512
0.633600
0.623232
0.623232
0.622560
0.622944
0.620928
0.628448
0.622080
0.623840
0.622016
0.622112
0.624576
0.627328
0.623456
0.622304
0.624064
0.621728
0.628672
0.625088
0.623456
0.622592
0.622112
0.626688
0.626080
0.623808
0.623008
0.623168
0.623168
0.625440
0.623104
0.622208
0.622656
0.622144
0.624160
0.628704
0.624064
0.626592
0.623168
0.622560
0.622560
0.622304
0.623360
0.622848
0.622848
0.623648
0.628864
0.625408
0.623136
0.621216
0.623168
0.622528
0.624256
0.622528
0.620992
0.624672
0.621984
0.628288
0.625216
0.624512
0.622720
0.621824
0.624416
0.623648
0.622720
0.621760
0.623168
0.624128
0.629696
0.626592
0.624960
0.625088
0.623008
0.624096
0.622976
0.625728
0.624064
0.622016
0.623680
0.622400
0.625536
0.622112
0.621472
0.622432
0.623424
0.626592
0.622560
0.625152
0.621984
0.622176
0.622880
0.628864
0.622624
0.622816
0.622272
0.621152
0.623840
0.622304
0.623488
0.623296
0.622560
0.624480
0.622944
0.623424
0.623328
0.622272
0.624928
0.624384
0.622848
0.624096
0.623296
0.622432
0.623328
0.623424
0.623392
0.622528
0.623232
0.625408
0.622944
0.624736
0.622176
6241.746751
