0.098496
0.092640
0.092672
0.092192
0.092416
0.091776
0.092608
0.092288
0.093056
0.094944
0.092160
0.091584
0.092192
0.092224
0.092960
0.091648
0.092064
0.092192
0.095648
0.095552
0.096096
0.095008
0.093536
0.092128
0.092864
0.092160
0.093152
0.092800
0.092256
0.091488
0.092704
0.091616
0.093184
0.092288
0.092416
0.091456
0.092384
0.097440
0.096576
0.093408
0.095616
0.092544
0.093088
0.091680
0.093888
0.091520
0.093376
0.092320
0.094144
0.092096
0.092864
0.092608
0.092384
0.091520
0.092544
0.091712
0.093408
0.094016
0.092992
0.091616
0.093312
0.092032
0.092384
0.091648
0.092928
0.092128
0.092640
0.091936
0.099776
0.094432
0.097440
0.096480
0.096256
0.092800
0.093824
0.092736
0.093088
0.099392
0.096096
0.093344
0.095776
0.096384
0.092864
0.091584
0.092960
0.093280
0.092800
0.092224
0.092640
0.094336
0.092032
0.091584
0.095296
0.092288
0.092512
0.091648
0.093216
0.092256
0.093376
0.091648
0.092928
0.092256
0.093216
0.092256
0.092832
0.092800
0.093312
0.097920
0.093984
0.092768
0.092928
0.092512
0.093216
0.092000
0.093056
0.091648
0.092672
0.092768
0.093088
0.091904
0.092608
0.091520
0.092896
0.091776
0.092192
0.092000
0.092992
0.102240
0.094880
0.091296
0.092928
0.091872
0.091968
0.091520
0.092640
0.091104
0.095680
0.096960
0.095424
0.092128
0.092608
0.091872
0.093920
0.092064
0.092832
0.091968
0.094336
0.094944
0.093184
0.091520
0.092896
0.091776
0.092448
0.091936
0.092928
0.093728
0.092960
0.092192
0.092960
0.092160
0.093152
0.091968
0.092928
0.091808
0.095712
0.094816
0.096096
0.091808
0.092608
0.092800
0.092576
0.091520
0.092512
0.091584
0.095808
0.091488
0.092320
0.095008
0.094144
0.095360
0.092384
0.091488
0.092512
0.091296
0.092864
0.092000
0.094048
0.093344
0.093280
0.091776
0.092928
0.092192
0.096544
0.092512
0.096288
0.092032
0.103552
0.094016
0.092864
0.091808
0.092608
0.091488
0.092416
0.091584
0.094240
0.092032
0.092960
0.092448
0.092544
0.091424
0.092736
0.091712
0.092896
0.091552
0.092576
0.091776
0.092800
0.094464
0.092576
0.091680
0.096640
0.092448
0.092736
0.091648
0.092608
0.091968
0.096672
0.091680
0.096928
0.094944
0.093280
0.092768
0.092384
0.091488
0.092320
0.092096
0.093184
0.092064
0.093088
0.092256
0.093152
0.093600
0.092960
0.091808
0.092160
0.097664
0.095776
0.092288
0.092736
0.091936
0.092896
0.091712
0.092064
0.091456
0.096448
0.095200
0.092832
0.094496
0.096704
0.092224
0.092384
0.091616
0.092864
0.091232
0.092992
0.093216
0.093664
0.092352
0.096416
0.092960
0.093568
0.096352
0.093408
0.092672
0.093856
0.092576
0.093408
0.092064
0.093632
0.097568
0.097824
0.093952
0.096992
0.095168
0.093216
0.092128
0.092928
0.091808
0.093568
0.092896
0.093536
0.091904
0.092960
0.092992
0.095520
0.092096
0.093216
0.092672
0.095424
0.091776
0.096512
0.092640
0.096352
0.101376
0.093376
0.091552
0.093216
0.092800
0.093056
0.091584
0.092672
0.091776
0.095200
0.092704
0.092992
0.091712
0.093376
0.091648
0.092608
0.092064
0.095936
0.091808
0.092256
0.091648
0.092704
0.091488
0.092768
0.091744
0.092480
0.091712
0.094464
0.091648
0.096000
0.091808
0.096864
0.092256
0.106400
0.091840
0.093088
0.091936
0.093408
0.092992
0.095680
0.092736
0.093088
0.092352
0.092800
0.091968
0.092736
0.091904
0.092704
0.091872
0.092512
0.092256
0.095968
0.094048
0.092512
0.091904
0.092704
0.095456
0.096704
0.094688
0.092768
0.091712
0.094240
0.091680
0.092256
0.091648
0.092832
0.092288
0.093344
0.092160
0.093408
0.092864
0.093376
0.091584
0.092288
0.091680
0.100320
0.094528
0.095712
0.091648
0.092480
0.091584
0.092128
0.091744
0.092704
0.091776
0.092768
0.091136
0.092000
0.095904
0.096160
0.095392
0.095328
0.092032
0.092512
0.092384
0.093056
0.093664
0.092640
0.092128
0.097664
0.092224
0.092992
0.092064
0.093568
0.091712
0.092800
0.091840
0.092768
0.092768
0.092800
0.091456
0.092416
0.091552
0.092736
0.091712
0.092736
0.091488
0.092096
0.096864
0.095456
0.095200
0.094144
0.092192
0.096352
0.095584
0.092576
0.092160
0.093504
0.092096
0.095456
0.094176
0.096032
0.093312
0.092448
0.091808
0.092672
0.091648
0.093152
0.091744
0.095200
0.096000
0.093184
0.091936
0.092160
0.091232
0.096576
0.093664
0.093024
0.092128
0.092512
0.091584
0.093280
0.091616
0.092352
0.091264
0.092288
0.092128
0.093472
0.094816
0.092480
0.092960
0.093536
0.092704
0.093504
0.091680
0.093120
0.092416
0.094112
0.092928
0.097760
0.092960
0.093088
0.092160
0.092640
0.092672
0.103520
0.091456
0.093120
0.092128
0.093760
0.091744
0.092704
0.091680
0.093344
0.091872
0.093056
0.094912
0.096800
0.095968
0.093952
0.091584
0.094208
0.092832
0.093504
0.091616
0.093344
0.091744
0.093472
0.092704
0.092992
0.091648
0.092864
0.091424
0.093376
0.091648
0.093248
0.093376
0.093216
0.094688
0.096448
0.093024
0.092704
0.092448
0.092512
0.091136
0.092224
0.107776
0.093504
0.092096
0.097344
0.091680
0.092672
0.091872
0.094752
0.091840
0.092992
0.092544
0.093056
0.091840
0.092768
0.091520
0.093376
0.091712
0.092384
0.092192
0.095968
0.092768
0.094720
0.091680
0.092352
0.091808
0.093568
0.091968
0.092640
0.094144
0.092736
0.092320
0.095584
0.095168
0.092608
0.094560
0.092832
0.091200
0.091936
0.091680
0.095808
0.092320
0.094464
0.092128
0.093184
0.092288
0.092960
0.092160
0.093728
0.091808
0.092832
0.094336
0.093216
0.091840
0.093376
0.092096
0.093088
0.092224
0.092896
0.094048
0.098464
0.094304
0.093024
0.091520
0.093280
0.091552
0.091872
0.091104
0.092384
0.092160
0.092480
0.091968
0.092896
0.092416
0.092800
0.091904
0.092416
0.091616
0.092896
0.091616
0.092544
0.101248
0.092288
0.094496
0.095168
0.091680
0.092608
0.091808
0.096640
0.093792
0.093216
0.092032
0.093312
0.091840
0.093216
0.092160
0.092800
0.092320
0.092352
0.092032
0.092736
0.092160
0.093120
0.091456
0.092768
0.091520
0.092928
0.091776
0.092928
0.092512
0.092704
0.092448
0.093088
0.091840
0.092896
0.091776
0.093312
0.091744
0.092128
0.091616
0.093152
0.092256
0.091616
0.091360
0.092224
0.091840
0.096576
0.091712
0.093152
0.091616
0.093248
0.095872
0.094144
0.095520
0.096192
0.095808
0.096064
0.096352
0.623136
0.106368
0.099776
0.097152
0.097408
0.099648
0.100416
0.098432
0.098336
0.109088
0.097696
0.096992
0.096288
0.095808
0.099680
0.100064
0.098304
0.096608
0.104640
0.180640
0.099328
0.099744
0.239136
0.098048
0.094528
0.092896
0.093280
0.092448
0.092800
0.091648
0.095232
0.095712
0.092960
0.095904
0.094272
0.109344
0.093344
0.091712
0.092480
0.092000
0.096384
0.095776
0.094784
0.091872
0.099776
0.091872
0.092512
0.091968
0.092800
0.092832
0.093056
0.092160
0.092576
0.091744
0.093024
0.092032
0.092544
0.091424
0.093024
0.091808
0.094016
0.095232
0.095072
0.093248
0.092992
0.091840
0.092704
0.092128
0.095424
0.091808
0.092608
0.091680
0.092000
0.092160
0.092256
0.091616
0.092000
0.091456
0.092096
0.103360
0.095872
0.094272
0.093120
0.091520
0.092640
0.094528
0.093024
0.091008
0.091456
0.091200
0.092064
0.091008
0.091520
0.090656
0.093760
0.090976
0.091872
0.090624
0.092064
0.092000
0.093408
0.091776
0.091776
0.090432
0.091392
0.090720
0.092288
0.225120
0.094592
0.091328
0.094016
0.091200
0.096512
0.090848
0.091840
0.091200
0.091360
0.090816
0.091744
0.090720
0.093696
0.090752
0.095072
0.095104
0.094624
0.091680
0.091520
0.092768
0.092800
0.091648
0.092096
0.090752
0.091680
0.090944
0.092096
0.092608
0.091936
0.090720
0.093152
0.092512
0.091712
0.090592
0.092000
0.090976
0.091968
0.090400
0.091264
0.090752
0.091904
0.091584
0.091808
0.090880
0.091712
0.091520
0.092640
0.090656
0.091744
0.090848
0.092576
0.090656
0.091104
0.090528
0.093024
0.094880
0.094208
0.090784
0.091584
0.090720
0.092256
0.094528
0.093504
0.093760
0.093120
0.094080
0.091808
0.090368
0.091200
0.091616
0.092192
0.091296
0.091488
0.090944
0.093440
0.090624
0.091200
0.090944
0.092064
0.090816
0.092160
0.090496
0.092672
0.092672
0.092384
0.095872
0.094528
0.094080
0.092736
0.091456
0.092896
0.091552
0.109376
0.101600
0.093984
0.090720
0.091392
0.090976
0.092096
0.091232
0.091840
0.090592
0.092224
0.090848
0.091392
0.092928
0.091584
0.091232
0.093632
0.091136
0.092096
0.091040
0.091712
0.091104
0.091936
0.091104
0.096224
0.095424
0.094816
0.094368
0.091968
0.091488
0.091872
0.093600
0.091456
0.090752
0.092160
0.090944
0.091456
0.098528
0.093632
0.091808
0.091776
0.090656
0.091296
0.093408
0.095040
0.093472
0.096160
0.091488
0.092032
0.091424
0.091904
0.090656
0.091328
0.091168
0.091776
0.090528
0.091616
0.091008
0.092288
0.090656
0.094240
0.091072
0.092352
0.093632
0.091360
0.090752
0.092128
0.091776
0.091424
0.090464
0.091808
0.090624
0.092192
0.090912
0.091520
0.090688
0.091584
0.091424
0.092064
0.090592
0.091424
0.091296
0.091296
0.090720
0.091008
0.090752
0.092256
0.090848
0.095840
0.093472
0.091936
0.093600
0.091648
0.091008
0.091936
0.090592
0.091488
0.091008
0.091776
0.090720
0.091712
0.090560
0.091264
0.090912
0.091392
0.091360
0.093472
0.090880
0.092032
0.090560
0.091872
0.090848
0.091488
0.090816
0.096256
0.093408
0.091616
0.093632
0.092352
0.091616
0.093504
0.090752
0.091584
0.090752
0.092064
0.090304
0.095936
0.095168
0.093728
0.090848
0.091968
0.090432
0.091392
0.090688
0.091520
0.090944
0.093024
0.092320
0.092224
0.090624
0.090976
0.090528
0.091680
0.091648
93.970816
