0.097376
0.092896
0.092832
0.092928
0.091424
0.092224
0.095456
0.091552
0.091616
0.091808
0.090976
0.091552
0.102944
0.092288
0.091104
0.091328
0.091264
0.094048
0.091360
0.092032
0.090976
0.093184
0.091904
0.093888
0.091488
0.096096
0.092864
0.092704
0.090720
0.092096
0.091584
0.093056
0.093888
0.096352
0.093920
0.092128
0.090880
0.092320
0.091424
0.091360
0.090880
0.092064
0.091648
0.091488
0.091360
0.093632
0.092288
0.095936
0.090848
0.091296
0.093280
0.092640
0.091200
0.091872
0.091104
0.091712
0.091040
0.091840
0.091008
0.091648
0.091616
0.092000
0.091456
0.091264
0.090816
0.091808
0.090784
0.091296
0.090496
0.091552
0.090816
0.092544
0.095744
0.091680
0.090528
0.091840
0.090496
0.094400
0.090528
0.091968
0.090688
0.091744
0.091328
0.091552
0.092416
0.090848
0.094080
0.093344
0.095904
0.092768
0.091744
0.091360
0.091424
0.090784
0.091648
0.090656
0.091360
0.090752
0.091776
0.091040
0.091360
0.090944
0.092352
0.090976
0.091840
0.090848
0.091392
0.090784
0.091456
0.090528
0.091680
0.091072
0.091680
0.090400
0.091136
0.090720
0.091552
0.090752
0.091840
0.090688
0.091520
0.090944
0.092032
0.090784
0.091200
0.090496
0.091840
0.090848
0.095616
0.090368
0.091168
0.094144
0.091744
0.090368
0.092096
0.090944
0.091424
0.090816
0.091104
0.093408
0.091552
0.091616
0.091712
0.093216
0.091776
0.090976
0.092896
0.093536
0.091552
0.090528
0.091520
0.091392
0.091840
0.090528
0.091648
0.090464
0.091456
0.091040
0.091328
0.090400
0.092032
0.095744
0.092064
0.090752
0.091392
0.090976
0.092032
0.090688
0.091648
0.090592
0.091648
0.098272
0.093472
0.090656
0.091808
0.090656
0.091264
0.090592
0.091360
0.090528
0.091936
0.091488
0.091360
0.090592
0.091136
0.090720
0.091040
0.090880
0.095840
0.093952
0.091808
0.093344
0.091648
0.094336
0.092896
0.091200
0.091872
0.090912
0.092160
0.091232
0.091808
0.091904
0.092544
0.091424
0.091616
0.091040
0.091840
0.090496
0.091296
0.090336
0.091264
0.090880
0.091584
0.090176
0.091744
0.090624
0.091712
0.091072
0.092096
0.094464
0.096064
0.094400
0.093088
0.090528
0.091872
0.090688
0.091584
0.091072
0.092128
0.090592
0.091872
0.091776
0.092640
0.090240
0.091904
0.090400
0.091456
0.090400
0.091616
0.090496
0.091520
0.092864
0.095136
0.090400
0.091328
0.090624
0.092000
0.090752
0.091520
0.090208
0.091424
0.091168
0.091360
0.090464
0.091296
0.090592
0.091392
0.090688
0.091200
0.090592
0.091552
0.090752
0.094528
0.094592
0.094112
0.090912
0.095392
0.090464
0.093184
0.091040
0.091616
0.090848
0.091712
0.091200
0.091872
0.090816
0.091840
0.090624
0.091584
0.090720
0.091136
0.091328
0.091648
0.090784
0.091904
0.090880
0.091712
0.090624
0.092288
0.090688
0.091552
0.091136
0.092064
0.090560
0.091264
0.090656
0.091392
0.090688
0.091456
0.090528
0.091904
0.096704
0.091904
0.090464
0.091296
0.090496
0.091424
0.090656
0.091488
0.091008
0.091712
0.096256
0.095200
0.094208
0.095936
0.090880
0.091104
0.090560
0.091680
0.090656
0.091360
0.091456
0.091936
0.090592
0.091456
0.090464
0.091744
0.091104
0.091456
0.090688
0.091552
0.095840
0.091872
0.090624
0.091424
0.090432
0.091648
0.090528
0.091904
0.090848
0.091616
0.096928
0.091328
0.090432
0.091584
0.090720
0.091712
0.090912
0.091360
0.090816
0.091488
0.096416
0.091584
0.090784
0.091584
0.091744
0.092704
0.091072
0.094432
0.090816
0.095840
0.094688
0.091520
0.091936
0.094400
0.091840
0.092928
0.091520
0.091264
0.090752
0.091712
0.091136
0.091712
0.091232
0.091488
0.090592
0.091456
0.091904
0.091744
0.090880
0.091520
0.092320
0.093920
0.093632
0.097088
0.094592
0.094784
0.091296
0.092288
0.097984
0.091936
0.091392
0.092224
0.091424
0.093248
0.095584
0.092224
0.094624
0.092352
0.090976
0.092480
0.091936
0.092992
0.091104
0.094240
0.091616
0.095360
0.092832
0.091456
0.090752
0.091712
0.091072
0.091264
0.090592
0.091456
0.091296
0.091936
0.090528
0.095424
0.093984
0.092256
0.095552
0.092192
0.090752
0.092064
0.091232
0.091936
0.091008
0.092064
0.090496
0.092864
0.096960
0.095520
0.091104
0.093472
0.090912
0.091744
0.090496
0.091520
0.090496
0.091456
0.094208
0.095840
0.091072
0.091488
0.090720
0.091872
0.091008
0.091520
0.090784
0.095360
0.091008
0.091872
0.090496
0.092032
0.090720
0.094400
0.090848
0.091744
0.090912
0.096768
0.090912
0.091328
0.090976
0.091648
0.090496
0.091936
0.090848
0.091392
0.091040
0.096832
0.091200
0.091424
0.090720
0.091840
0.090912
0.091520
0.090880
0.092320
0.093312
0.093600
0.091168
0.091552
0.094272
0.091456
0.090592
0.093376
0.090560
0.091488
0.090688
0.092192
0.091264
0.091904
0.090624
0.091520
0.092000
0.091680
0.090752
0.091456
0.090816
0.097760
0.090880
0.091744
0.090752
0.091136
0.091008
0.091552
0.090848
0.091232
0.091232
0.091744
0.091552
0.091520
0.090752
0.092032
0.091200
0.091840
0.092928
0.091744
0.090560
0.098144
0.090624
0.095552
0.094720
0.092960
0.092096
0.092032
0.090624
0.091296
0.090624
0.093088
0.091424
0.091936
0.090496
0.091968
0.090880
0.091776
0.090528
0.091648
0.090592
0.093856
0.090752
0.091872
0.091040
0.091712
0.091200
0.091840
0.090752
0.091648
0.090528
0.097344
0.090624
0.091520
0.090816
0.091392
0.090688
0.091040
0.090624
0.091328
0.090912
0.097568
0.090816
0.094112
0.091296
0.096128
0.093344
0.092032
0.092864
0.091680
0.090816
0.091840
0.090976
0.091488
0.091104
0.091904
0.090656
0.091168
0.090784
0.091776
0.090400
0.091552
0.091072
0.091616
0.090464
0.091488
0.090528
0.092000
0.091168
0.091392
0.090528
0.091680
0.091200
0.091392
0.093632
0.096544
0.095552
0.096928
0.095232
0.096448
0.093056
0.096704
0.095008
0.092224
0.091616
0.091456
0.090624
0.092128
0.091104
0.091520
0.090656
0.091840
0.091040
0.091552
0.090592
0.092288
0.090592
0.091616
0.090880
0.092352
0.090624
0.092032
0.090912
0.094464
0.090976
0.092256
0.093440
0.092288
0.091008
0.091104
0.091168
0.095200
0.095456
0.095392
0.090912
0.091616
0.090464
0.091168
0.093760
0.091680
0.090688
0.091744
0.090656
0.091072
0.090592
0.091296
0.091680
0.091488
0.090976
0.091360
0.091136
0.091872
0.090880
0.091136
0.090688
0.091744
0.090624
0.091296
0.090912
0.091328
0.090528
0.091552
0.090816
0.091648
0.090688
0.091392
0.090848
0.091200
0.090496
0.092064
0.095616
0.092352
0.096000
0.100768
0.094976
0.093664
0.091872
0.091584
0.091040
0.092032
0.090880
0.093376
0.094112
0.096416
0.095232
0.091840
0.090976
0.091584
0.090240
0.091232
0.091936
0.095296
0.093632
0.092768
0.090496
0.091424
0.090720
0.092128
0.090560
0.091296
0.092000
0.096288
0.094368
0.091168
0.090688
0.091296
0.090464
0.091168
0.090080
0.090816
0.091936
0.094176
0.095008
0.095680
0.094720
0.091328
0.091392
0.091424
0.090528
0.091712
0.091392
0.091744
0.090784
0.091648
0.090592
0.091264
0.091072
0.091520
0.090400
0.091712
0.091072
0.092064
0.092064
0.092032
0.090496
0.091552
0.090624
0.094176
0.090880
0.091840
0.095232
0.095936
0.094848
0.096256
0.091040
0.093856
0.090624
0.091488
0.090176
0.091360
0.091296
0.092224
0.090592
0.091360
0.091232
0.091616
0.091232
0.090752
0.090432
0.091808
0.091328
0.091584
0.090752
0.092192
0.090496
0.091040
0.090720
0.091264
0.091040
0.091488
0.090720
0.091584
0.090400
0.091456
0.090944
0.091392
0.090240
0.091360
0.090528
0.091648
0.092160
0.092192
0.090816
0.091232
0.090976
0.095200
0.090432
0.094560
0.093184
0.094752
0.090880
0.095552
0.091456
0.092192
0.091168
0.092128
0.091456
0.092320
0.091264
0.091936
0.091424
0.092576
0.092000
0.091872
0.090816
0.091168
0.090464
0.091392
0.090624
0.098624
0.091552
0.092128
0.090720
0.091808
0.091104
0.092032
0.091584
0.092544
0.091232
0.096928
0.091328
0.094688
0.091200
0.092096
0.094528
0.091712
0.090624
0.092256
0.091264
0.092224
0.098592
0.092672
0.090592
0.091648
0.090400
0.091808
0.090752
0.091552
0.090432
0.091936
0.091008
0.090976
0.090432
0.091712
0.090528
0.091616
0.090624
0.091456
0.090464
0.094432
0.094048
0.092832
0.091104
0.091904
0.090752
0.091328
0.090624
0.091360
0.090784
0.093216
0.091296
0.091392
0.090464
0.091872
0.090816
0.091200
0.090432
0.091552
0.090816
0.097248
0.090912
0.091360
0.090688
0.091616
0.090368
0.091104
0.090496
0.091424
0.090592
0.097696
0.093376
0.095456
0.091072
0.096128
0.094592
0.091616
0.091008
0.091616
0.090560
0.091392
0.090848
0.091712
0.090592
0.091360
0.090528
0.091648
0.090752
0.091488
0.090944
0.092448
0.090880
0.091744
0.090368
0.091104
0.090240
0.091648
0.090848
0.091424
0.092288
0.095968
0.090752
0.091360
0.090624
0.091200
0.093088
0.091456
0.090560
0.091424
0.090336
0.097536
0.091360
0.095808
0.093824
0.091680
0.090592
0.091200
0.090656
0.091104
0.094400
0.091904
0.090720
0.092576
0.090848
0.091520
0.090688
0.090944
0.090496
0.091616
0.090528
0.093792
0.090944
0.091456
0.090656
0.091616
0.090528
0.090880
0.090048
0.091328
0.090592
0.091360
0.091040
0.091168
0.090784
0.091520
0.090752
0.091424
0.090624
0.091360
0.091040
0.091776
0.090624
0.090848
0.090912
0.091680
0.090528
0.090784
0.090464
0.091296
0.090496
0.092672
0.100352
0.095424
0.090496
0.091136
0.090528
0.091392
0.090752
0.091680
0.090528
0.093760
0.091328
0.091840
0.090720
0.091776
0.090688
0.091712
0.091328
0.091456
0.090592
0.091744
0.090976
0.104320
0.095488
0.091968
0.091488
0.092000
0.095104
0.091616
0.091552
0.093952
0.092576
91.927104
