789.927000
772.461000
769.361000
767.381000
768.292000
770.490000
777.467000
764.495000
770.276000
777.114000
768.527000
766.494000
769.646000
758.465000
770.208000
769.586000
760.647000
759.029000
753.264000
752.320000
758.113000
762.467000
772.357000
760.397000
764.656000
766.603000
763.993000
754.917000
759.823000
751.841000
766.120000
768.883000
762.363000
751.547000
773.593000
771.680000
755.758000
779.644000
763.752000
765.037000
755.436000
760.288000
772.970000
769.274000
771.598000
773.681000
787.049000
773.527000
754.817000
757.525000
754.855000
756.522000
742.630000
755.775000
762.345000
767.057000
756.832000
771.760000
763.626000
763.116000
772.292000
769.521000
779.082000
775.572000
765.420000
794.004000
777.108000
756.460000
757.116000
753.676000
759.863000
764.008000
764.909000
768.069000
758.251000
777.867000
760.991000
775.321000
766.067000
769.588000
761.368000
756.325000
757.416000
759.836000
763.792000
773.906000
755.074000
774.492000
764.775000
755.291000
757.949000
753.340000
764.745000
758.192000
768.212000
769.765000
764.716000
746.675000
770.895000
762.184000
772.460000
758.374000
785.282000
793.291000
774.167000
775.740000
771.643000
780.901000
779.230000
768.223000
779.144000
783.481000
771.269000
771.235000
797.526000
763.744000
758.341000
758.657000
752.848000
778.839000
769.698000
763.447000
754.661000
766.506000
776.216000
769.783000
773.114000
754.427000
757.259000
766.939000
757.219000
762.109000
752.728000
756.558000
767.010000
763.131000
746.765000
778.870000
753.223000
787.745000
768.255000
780.521000
768.356000
769.602000
760.366000
781.191000
765.532000
780.882000
775.674000
770.904000
786.142000
760.667000
766.317000
767.636000
781.964000
764.077000
773.537000
760.173000
765.024000
765.981000
765.150000
771.292000
767.661000
760.926000
771.346000
775.918000
766.070000
780.820000
771.813000
778.374000
760.867000
763.397000
770.242000
779.849000
767.535000
751.819000
761.525000
771.003000
761.970000
768.715000
759.641000
777.362000
767.272000
756.202000
754.363000
763.216000
775.669000
755.680000
755.834000
778.683000
767.703000
756.460000
744.845000
768.702000
778.389000
769.483000
776.524000
766.768000
773.284000
765.682000
748.215000
765.891000
781.005000
795.841000
776.869000
750.759000
764.062000
777.556000
770.264000
760.607000
773.670000
785.507000
788.266000
770.925000
765.088000
786.616000
783.172000
767.093000
773.127000
769.215000
773.557000
775.179000
754.295000
770.535000
770.496000
769.599000
762.106000
768.512000
778.370000
780.547000
786.463000
774.547000
763.616000
753.719000
778.363000
763.609000
772.142000
797.734000
768.818000
768.387000
764.912000
777.655000
749.258000
778.414000
769.367000
770.004000
770.492000
764.254000
794.200000
773.672000
780.193000
780.956000
787.449000
775.864000
782.810000
770.452000
775.707000
785.761000
779.164000
793.050000
770.979000
778.247000
757.872000
768.836000
757.617000
766.471000
757.757000
763.342000
754.971000
765.441000
781.971000
770.989000
770.472000
787.971000
767.134000
762.144000
762.465000
778.963000
789.486000
765.252000
766.844000
766.301000
772.628000
778.310000
751.817000
777.097000
768.530000
762.675000
752.842000
770.395000
787.366000
771.527000
754.857000
759.060000
758.098000
777.744000
780.762000
760.019000
792.243000
763.032000
759.709000
751.445000
769.330000
772.366000
762.094000
745.718000
769.912000
765.443000
769.691000
757.539000
772.013000
776.876000
782.332000
781.768000
774.679000
774.318000
781.596000
790.160000
777.550000
789.227000
801.238000
793.371000
766.758000
777.733000
782.942000
768.748000
777.459000
764.384000
779.929000
776.449000
778.712000
757.507000
756.497000
765.370000
778.931000
763.038000
768.465000
767.878000
776.059000
777.071000
761.244000
765.574000
776.812000
765.926000
790.422000
771.917000
773.426000
777.790000
777.388000
758.353000
763.571000
768.163000
762.357000
757.531000
754.927000
749.495000
775.593000
784.737000
758.020000
772.367000
773.183000
792.181000
758.005000
773.548000
762.801000
804.830000
783.867000
789.077000
782.017000
781.606000
779.143000
780.584000
757.511000
763.710000
785.369000
775.336000
762.642000
741.597000
755.636000
766.783000
754.544000
748.442000
753.462000
781.006000
778.098000
759.887000
751.820000
761.860000
761.472000
754.062000
754.567000
763.496000
751.937000
792.354000
759.781000
763.494000
763.692000
757.211000
762.363000
763.678000
786.427000
774.451000
779.736000
767.738000
765.967000
752.665000
761.658000
772.035000
787.719000
774.149000
784.019000
771.363000
785.177000
769.284000
756.604000
771.199000
774.558000
774.245000
769.238000
776.418000
772.340000
772.725000
760.261000
768.565000
775.133000
775.361000
767.255000
770.325000
769.581000
778.139000
755.464000
763.652000
767.964000
761.656000
769.545000
781.182000
774.689000
778.901000
779.234000
769.800000
776.230000
773.535000
786.407000
788.397000
764.746000
758.251000
773.232000
777.304000
788.568000
760.651000
781.523000
793.278000
780.367000
785.384000
765.451000
763.914000
749.618000
760.438000
759.276000
765.567000
756.801000
777.772000
761.440000
763.854000
756.911000
760.847000
770.804000
770.997000
752.975000
762.869000
771.008000
771.769000
754.263000
761.653000
759.069000
786.260000
772.649000
778.010000
760.521000
763.760000
757.554000
763.955000
765.280000
772.152000
754.887000
773.594000
755.981000
769.759000
755.930000
753.872000
781.473000
774.689000
756.025000
778.165000
764.959000
752.275000
756.843000
759.119000
773.038000
773.126000
760.874000
749.488000
750.854000
759.739000
757.146000
750.514000
757.563000
760.708000
750.441000
748.230000
764.999000
759.695000
752.788000
759.308000
763.546000
760.331000
764.578000
762.762000
764.956000
767.248000
769.913000
780.535000
775.330000
776.481000
795.533000
757.069000
768.195000
791.568000
778.076000
771.006000
780.096000
772.969000
777.259000
769.983000
779.295000
772.088000
777.076000
759.528000
764.928000
773.497000
770.424000
780.355000
765.863000
775.786000
761.803000
752.475000
767.749000
763.487000
764.695000
770.758000
761.722000
770.647000
759.513000
779.448000
757.250000
782.816000
764.828000
802.782000
783.129000
764.473000
771.915000
762.695000
763.711000
769.069000
778.229000
763.214000
788.875000
754.164000
767.730000
767.637000
751.572000
756.390000
764.399000
772.596000
760.871000
760.335000
784.899000
782.276000
761.697000
751.074000
759.202000
772.332000
760.237000
748.567000
768.797000
780.358000
767.759000
754.425000
785.334000
762.391000
774.907000
762.887000
771.315000
755.110000
763.249000
747.910000
769.783000
774.292000
789.856000
761.212000
754.051000
763.500000
762.166000
769.650000
755.424000
796.294000
769.693000
771.579000
779.621000
771.151000
783.972000
780.458000
774.072000
765.907000
766.562000
760.590000
758.582000
765.480000
769.416000
769.846000
759.260000
760.566000
770.195000
753.976000
765.515000
758.826000
766.015000
767.712000
777.504000
770.819000
772.343000
776.691000
778.765000
770.827000
772.404000
769.901000
780.581000
767.100000
767.987000
787.437000
751.625000
768.753000
760.999000
758.114000
777.728000
765.866000
783.369000
765.940000
759.421000
752.523000
758.061000
751.004000
816.102000
767.199000
769.360000
771.813000
784.398000
774.516000
770.316000
770.894000
772.974000
771.050000
772.369000
780.379000
776.999000
778.068000
756.975000
757.002000
752.865000
759.451000
761.309000
777.411000
760.109000
752.465000
745.923000
750.843000
753.075000
766.793000
742.497000
745.253000
787.586000
764.464000
751.829000
763.037000
781.598000
775.516000
778.958000
767.059000
785.649000
777.416000
759.484000
754.068000
760.034000
756.420000
758.437000
766.119000
767.463000
769.162000
752.185000
775.408000
782.568000
786.904000
784.836000
753.556000
774.571000
771.402000
756.071000
755.397000
769.074000
770.992000
789.037000
774.177000
771.491000
769.567000
791.917000
773.860000
758.612000
751.371000
768.067000
748.591000
768.572000
784.191000
774.277000
783.403000
771.417000
760.062000
764.395000
774.787000
762.624000
775.267000
774.819000
768.875000
767.665000
785.712000
768.961000
767.242000
769.712000
780.834000
762.155000
787.919000
777.921000
770.937000
771.724000
784.959000
786.884000
765.147000
772.519000
746.722000
766.313000
765.427000
764.755000
745.481000
763.894000
758.113000
762.885000
752.928000
744.881000
752.891000
769.685000
749.945000
745.129000
750.126000
797.882000
784.907000
787.526000
766.864000
781.556000
782.746000
776.903000
759.151000
767.590000
752.107000
751.960000
755.842000
749.839000
757.188000
748.671000
754.280000
759.565000
766.871000
751.169000
768.972000
756.327000
769.128000
758.430000
759.600000
762.161000
748.019000
769.152000
739.804000
760.285000
753.315000
779.843000
752.365000
760.000000
754.258000
752.443000
740.315000
753.955000
752.839000
753.371000
753.529000
767.989000
756.787000
764.799000
743.181000
774.555000
765.209000
758.861000
750.206000
764.992000
773.656000
783.635000
760.983000
756.295000
766.234000
763.983000
768.100000
768.122000
767.412000
767.230000
757.223000
756.941000
775.578000
760.250000
760.664000
775.887000
770.451000
757.726000
745.302000
751.837000
773.889000
764.880000
749.213000
755.946000
750.714000
761.256000
758.974000
786.903000
768.022000
769.614000
777.152000
780.555000
784.503000
777.421000
780.706000
765.015000
767.666000
764.947000
770.488000
766.856000
774.787000
762.940000
790.953000
751.844000
750.973000
759.171000
772.157000
759.081000
770.624000
763.080000
753.729000
759.434000
758.220000
757.393000
758.556000
749.483000
758.724000
776.965000
761.697000
760.330000
755.837000
765.698000
754.986000
749.385000
759.435000
756.013000
761.150000
741.977000
751.104000
756.066000
762.543000
746.087000
759.670000
760.852000
756.910000
760.269000
757.685000
762.875000
761.436000
738.406000
750.040000
761.212000
759.445000
774.752000
746.385000
756.050000
771.430000
740.671000
743.524000
750.132000
756.408000
747.453000
743.119000
771.451000
765.762000
752.871000
749.067000
761.856000
746.809000
750.950000
765.393000
755.226000
753.549000
754.771000
749.827000
755.640000
747.884000
748.714000
750.764000
763.044000
763.595000
769.805000
765.101000
783.736000
757.789000
753.171000
752.708000
772.157000
769.569000
764.236000
758.705000
771.333000
761.381000
766.485000
775.017000
771.886000
777.780000
758.822000
769.140000
758.273000
766.843000
763.632000
769.271000
770.113000
771.830000
776.757000
769.007000
762.653000
773.846000
768.590000
790.101000
778.559000
785.720000
785.607000
784.058000
784.854000
768.722000
761.710000
778.713000
802.699000
775.129000
770.499000
762.705000
777.034000
763.691000
757.675000
757.311000
759.984000
785.551000
747.766000
751.470000
779.611000
770.987000
756.577000
766.498000
785.448000
777.464000
769.025000
752.726000
771.054000
765.011000
770.841000
758.212000
758.802000
772.497000
768.215000
759.323000
750.643000
770.008000
769.949000
761.315000
752.142000
763.549000
765.195000
776.261000
754.501000
777.626000
777.858000
769.699000
767180.918000
