758.654000
761.537000
757.288000
744.139000
749.852000
752.730000
749.898000
738.559000
759.100000
749.721000
755.328000
745.584000
763.322000
749.033000
753.580000
741.473000
741.947000
755.988000
750.837000
738.192000
751.213000
757.588000
744.085000
744.279000
742.059000
785.275000
790.440000
752.898000
770.212000
753.130000
772.613000
763.784000
768.719000
763.423000
772.477000
753.054000
765.253000
776.329000
772.577000
776.662000
747.752000
745.030000
746.879000
756.966000
765.074000
752.176000
750.200000
758.873000
764.111000
753.644000
755.236000
759.860000
765.945000
756.209000
775.754000
750.860000
751.315000
743.132000
742.119000
756.765000
760.718000
762.975000
741.667000
752.509000
767.355000
775.752000
744.317000
752.885000
750.633000
766.364000
741.757000
779.258000
791.413000
770.523000
753.441000
746.740000
748.295000
748.308000
739.591000
782.581000
764.986000
766.204000
749.679000
751.481000
760.576000
748.049000
742.004000
762.996000
757.423000
764.020000
763.080000
766.001000
756.053000
753.978000
743.234000
748.991000
762.994000
743.858000
747.191000
761.974000
767.620000
753.390000
742.701000
749.539000
750.378000
757.985000
755.391000
740.887000
744.190000
744.671000
749.867000
748.740000
738.990000
768.577000
750.612000
741.858000
781.107000
754.967000
737.158000
755.705000
754.799000
758.362000
753.380000
739.848000
751.512000
742.354000
746.938000
748.606000
752.054000
755.280000
774.087000
793.755000
751.238000
737.491000
745.057000
740.587000
756.481000
757.317000
761.345000
756.539000
788.632000
754.272000
756.529000
755.928000
751.644000
765.136000
764.423000
759.736000
763.420000
763.041000
772.135000
775.811000
763.305000
777.727000
777.116000
784.034000
776.597000
779.172000
776.326000
786.089000
787.694000
762.368000
751.349000
782.009000
768.997000
774.226000
768.565000
788.810000
785.454000
777.980000
791.002000
764.853000
779.136000
758.756000
748.772000
744.295000
754.271000
750.783000
746.929000
781.308000
768.014000
771.402000
772.974000
750.067000
741.050000
751.524000
734.868000
746.159000
754.618000
766.321000
745.311000
759.007000
771.057000
760.712000
746.371000
761.972000
782.050000
759.631000
752.713000
743.657000
767.357000
757.172000
753.674000
746.616000
764.673000
787.035000
741.410000
746.596000
760.091000
767.100000
745.707000
746.075000
757.908000
753.396000
748.288000
749.807000
753.347000
759.957000
742.514000
754.403000
759.061000
765.029000
751.123000
740.666000
761.718000
772.380000
746.745000
753.831000
754.881000
769.593000
753.157000
759.010000
747.308000
745.775000
745.488000
756.517000
758.433000
776.138000
767.350000
763.506000
748.883000
753.094000
756.326000
759.874000
747.801000
785.119000
754.170000
759.559000
776.687000
767.323000
753.767000
762.544000
755.078000
756.111000
771.083000
764.918000
762.747000
774.363000
786.229000
776.875000
764.702000
764.523000
757.852000
768.678000
780.561000
755.874000
760.055000
765.902000
758.477000
740.693000
740.575000
770.435000
745.765000
762.666000
756.165000
748.906000
763.017000
748.440000
748.592000
766.700000
758.552000
762.528000
742.380000
767.843000
769.208000
769.946000
748.765000
768.334000
755.681000
776.661000
734.234000
748.677000
768.855000
749.733000
765.555000
750.523000
756.789000
761.432000
752.815000
751.295000
750.446000
749.045000
746.502000
763.411000
753.992000
758.097000
743.845000
747.788000
753.142000
746.596000
740.950000
757.838000
755.653000
751.171000
748.758000
747.174000
760.226000
751.958000
751.044000
753.426000
759.403000
776.460000
768.164000
753.440000
771.986000
742.349000
754.116000
748.855000
759.770000
759.155000
745.358000
740.203000
749.523000
753.641000
754.012000
748.964000
770.480000
753.381000
765.216000
749.952000
758.787000
749.468000
760.090000
744.536000
750.618000
744.379000
755.831000
749.101000
768.254000
742.144000
769.914000
752.587000
765.529000
760.945000
767.621000
757.535000
761.925000
754.851000
748.296000
749.709000
745.210000
758.618000
770.856000
780.935000
774.161000
762.572000
768.726000
772.449000
768.489000
754.199000
766.437000
768.418000
752.210000
761.032000
750.931000
757.713000
747.395000
746.563000
755.232000
760.288000
752.466000
745.791000
754.978000
766.173000
742.528000
747.293000
745.036000
759.854000
739.071000
748.128000
750.811000
750.883000
741.044000
754.970000
754.835000
752.285000
754.401000
787.868000
755.382000
748.104000
743.652000
750.700000
751.473000
743.206000
757.282000
758.222000
774.110000
756.451000
750.007000
743.743000
758.545000
761.423000
766.043000
770.459000
753.338000
762.632000
745.961000
751.594000
757.246000
750.549000
760.163000
743.619000
738.221000
750.747000
738.080000
735.215000
748.010000
738.480000
747.545000
741.105000
750.657000
748.326000
761.582000
758.570000
745.577000
761.203000
823.883000
763.197000
781.111000
761.803000
763.395000
769.363000
770.781000
773.463000
759.271000
763.588000
775.885000
771.980000
784.387000
783.080000
747.286000
745.050000
747.863000
763.073000
743.251000
751.312000
751.765000
747.769000
738.606000
744.277000
747.730000
760.122000
737.723000
740.827000
746.616000
749.606000
752.025000
751.083000
762.920000
761.767000
764.981000
746.325000
768.931000
777.249000
773.450000
777.323000
792.208000
780.041000
774.554000
771.515000
761.023000
762.140000
763.264000
770.645000
756.505000
765.186000
756.703000
774.482000
756.667000
767.931000
771.390000
776.220000
764.662000
766.762000
773.871000
781.384000
775.861000
778.151000
787.337000
773.192000
771.991000
747.278000
759.687000
751.096000
748.566000
760.944000
761.646000
751.705000
743.981000
766.516000
769.922000
771.899000
752.510000
750.127000
754.590000
755.326000
780.126000
761.984000
760.027000
750.847000
748.666000
747.711000
746.720000
753.186000
753.797000
756.909000
753.780000
763.934000
755.164000
776.544000
763.776000
769.907000
753.672000
756.408000
772.201000
778.588000
771.974000
770.056000
766.898000
784.143000
773.650000
768.752000
754.160000
760.990000
769.119000
767.440000
771.797000
764.347000
780.966000
759.095000
758.861000
749.927000
771.107000
759.285000
776.621000
760.543000
760.116000
753.499000
760.608000
756.556000
753.160000
768.560000
767.864000
769.768000
775.356000
761.978000
768.223000
766.459000
797.232000
767.770000
800.203000
773.605000
775.685000
774.116000
792.684000
782.404000
769.315000
771.802000
795.332000
788.167000
775.845000
779.875000
754.161000
769.877000
778.827000
769.528000
756.430000
756.424000
748.803000
753.563000
759.756000
747.939000
759.228000
754.676000
749.908000
757.868000
752.509000
746.870000
747.676000
752.514000
765.585000
757.082000
744.060000
772.551000
759.028000
758.802000
733.540000
742.189000
745.491000
763.360000
761.674000
775.207000
751.646000
759.019000
756.763000
758.984000
769.965000
772.228000
767.978000
761.788000
769.049000
766.319000
751.953000
751.008000
765.628000
760.784000
765.648000
762.922000
761.552000
764.370000
742.134000
752.094000
757.609000
753.685000
743.917000
758.305000
760.293000
759.654000
755.634000
747.494000
750.038000
751.206000
748.437000
747.194000
755.545000
740.476000
746.959000
749.639000
760.368000
779.247000
754.235000
760.121000
762.243000
781.713000
783.909000
763.799000
761.917000
771.677000
780.294000
779.721000
763.804000
769.094000
754.238000
779.342000
759.084000
743.992000
756.501000
757.388000
761.738000
752.863000
757.681000
761.291000
762.889000
747.321000
758.636000
765.828000
756.272000
756.708000
750.638000
768.596000
770.499000
765.891000
768.533000
768.814000
781.135000
771.374000
760.649000
771.076000
770.856000
767.725000
757.769000
769.096000
771.266000
752.247000
762.947000
756.096000
753.841000
766.014000
759.944000
751.789000
771.211000
767.601000
752.237000
753.096000
753.907000
766.742000
754.768000
758.763000
761.600000
757.245000
763.823000
780.520000
756.609000
747.088000
743.530000
750.669000
755.211000
748.716000
748.958000
760.193000
755.974000
763.894000
742.081000
761.741000
765.104000
764.107000
753.069000
761.826000
773.483000
762.215000
748.030000
755.594000
759.321000
756.908000
760.611000
757.875000
772.905000
772.493000
769.120000
772.466000
773.467000
773.766000
767.312000
777.654000
770.360000
793.404000
769.356000
765.675000
775.763000
756.217000
759.159000
761.166000
767.268000
752.276000
752.282000
759.460000
761.736000
750.121000
759.980000
746.347000
772.114000
759.093000
769.132000
780.748000
766.854000
760.369000
762.510000
769.218000
760.505000
765.875000
760.025000
781.122000
783.244000
771.315000
778.208000
762.652000
780.751000
781.991000
789.594000
768.066000
761.423000
770.163000
775.799000
757.991000
776.984000
785.967000
765.681000
767.049000
756.644000
770.426000
774.975000
767.397000
747.695000
768.715000
758.165000
762.911000
750.994000
782.038000
758.463000
749.033000
742.938000
754.766000
762.392000
756.907000
744.622000
769.444000
766.676000
761.184000
750.152000
770.416000
779.984000
767.602000
751.482000
762.858000
756.481000
763.587000
747.770000
764.017000
782.491000
768.975000
767.743000
764.352000
764.107000
766.319000
763.320000
771.020000
787.608000
782.298000
766.052000
760.999000
758.435000
760.412000
751.653000
755.433000
754.197000
761.826000
749.383000
766.368000
757.858000
760.089000
756.579000
781.281000
762.493000
792.222000
768.894000
772.454000
776.688000
765.507000
779.154000
769.948000
772.548000
769.546000
768.607000
760.376000
772.782000
773.222000
774.559000
753.968000
751.118000
770.827000
756.561000
760.499000
761.773000
767.890000
756.316000
762.917000
779.473000
775.981000
773.686000
751.145000
759.305000
755.575000
748.949000
746.450000
760.745000
764.616000
769.930000
749.685000
741.438000
751.461000
755.021000
743.380000
750.578000
760.219000
745.878000
755.115000
751.761000
758.528000
763.442000
749.441000
756.862000
772.791000
770.806000
760.414000
765.507000
770.393000
781.020000
769.614000
763.701000
769.305000
770.499000
766.845000
772.201000
789.985000
778.602000
775.613000
755.930000
786.585000
770.279000
781.673000
765.864000
759.732000
762.891000
749.749000
748.418000
752.303000
750.099000
751.366000
756.893000
763.750000
766.505000
752.587000
751.878000
744.807000
760.106000
755.159000
745.234000
749.969000
769.810000
763.713000
768.468000
760.014000
768.769000
781.571000
753.769000
754.240000
765.707000
769.696000
758.483000
764.881000
769.231000
766.496000
774.796000
766.720000
771.275000
752.080000
764.599000
777.876000
769.053000
768.978000
767.022000
755.161000
771.793000
768.882000
771.268000
750.870000
764.262000
771.339000
747.127000
758.716000
761.567000
748.835000
755.600000
758.028000
747.542000
763.353000
764.934000
771.408000
795.606000
766.192000
767.596000
771.373000
773.659000
766.617000
771.362000
749.705000
756.026000
752.076000
763.122000
752.916000
755.221000
768.072000
761.892000
779.508000
778.393000
759.772000
758.455000
751.714000
766.652000
765.729000
767.378000
772.567000
756.337000
763.972000
760.291000
752.659000
763.198000
764.535000
774.296000
761.932000
760590.124000
