755.294000
754.550000
748.871000
750.840000
738.083000
744.830000
736.826000
747.594000
733.037000
743.086000
743.195000
743.041000
731.476000
737.139000
727.450000
724.948000
735.854000
727.755000
737.528000
733.927000
728.229000
749.902000
735.345000
727.685000
744.619000
755.170000
724.814000
732.305000
726.277000
729.962000
724.534000
725.687000
721.146000
721.915000
729.344000
728.652000
731.734000
728.667000
727.515000
729.304000
728.880000
736.371000
758.348000
746.611000
750.848000
741.018000
731.766000
732.946000
745.056000
739.064000
729.758000
732.161000
732.494000
748.691000
739.456000
732.311000
734.096000
757.088000
734.429000
742.779000
757.354000
739.208000
756.027000
728.586000
742.914000
737.791000
738.149000
754.579000
751.752000
733.485000
724.398000
731.014000
738.472000
730.205000
720.511000
739.519000
751.674000
741.867000
736.525000
742.844000
735.380000
719.187000
735.146000
740.930000
747.640000
738.255000
760.689000
748.728000
755.958000
739.022000
739.353000
741.505000
751.327000
725.448000
750.330000
731.304000
724.985000
730.514000
727.325000
733.612000
722.245000
735.214000
758.879000
738.483000
729.376000
755.289000
740.295000
724.091000
735.921000
775.812000
777.157000
753.099000
735.941000
751.092000
742.887000
736.232000
743.066000
745.314000
745.623000
741.361000
743.032000
745.614000
757.346000
739.915000
734.863000
739.329000
724.763000
728.580000
722.039000
748.493000
721.591000
719.820000
740.846000
743.545000
737.913000
722.322000
726.115000
727.628000
760.934000
733.624000
742.841000
754.186000
759.602000
765.459000
754.195000
750.753000
748.386000
735.922000
738.220000
728.258000
751.452000
733.498000
747.624000
770.715000
734.620000
727.228000
735.401000
741.669000
732.751000
731.872000
736.727000
743.754000
733.673000
747.220000
734.599000
742.112000
737.569000
742.332000
731.499000
736.222000
747.999000
728.956000
735.309000
763.036000
732.484000
728.507000
759.237000
769.837000
728.753000
736.488000
754.404000
738.959000
727.058000
751.495000
735.745000
757.249000
748.540000
748.303000
737.431000
745.000000
737.307000
740.052000
750.221000
756.862000
729.165000
743.530000
748.883000
728.919000
747.230000
742.887000
752.825000
724.112000
737.434000
756.618000
784.061000
727.747000
747.722000
738.955000
747.788000
727.465000
744.688000
759.841000
737.162000
747.700000
742.625000
761.951000
762.229000
752.915000
778.261000
757.827000
751.204000
743.827000
746.737000
758.679000
747.624000
749.061000
753.886000
753.191000
739.952000
763.796000
765.795000
779.882000
769.731000
758.848000
742.862000
745.428000
747.951000
766.312000
732.323000
744.608000
749.179000
741.859000
750.521000
759.760000
751.046000
751.244000
748.419000
756.373000
740.130000
737.996000
747.880000
756.003000
743.686000
739.195000
742.688000
735.510000
739.129000
729.918000
752.160000
737.531000
748.336000
729.643000
741.005000
749.252000
749.866000
743.139000
750.817000
750.383000
745.887000
755.247000
733.509000
755.432000
756.358000
742.943000
755.180000
756.645000
758.521000
743.774000
740.950000
784.532000
746.349000
737.684000
749.970000
751.735000
747.232000
734.992000
747.308000
739.291000
742.456000
734.307000
745.327000
750.975000
743.285000
741.956000
741.684000
743.706000
748.936000
735.386000
760.451000
745.131000
753.906000
726.591000
751.107000
737.631000
745.212000
742.536000
741.183000
741.167000
729.436000
734.375000
746.792000
754.293000
743.687000
745.359000
765.186000
736.840000
732.715000
747.393000
743.204000
740.924000
741.361000
752.556000
770.257000
738.754000
741.559000
744.617000
751.758000
752.249000
748.296000
760.779000
753.034000
754.666000
761.841000
752.799000
760.711000
756.716000
747.789000
756.576000
749.811000
752.780000
735.927000
744.412000
740.228000
730.731000
738.762000
757.134000
748.325000
766.359000
739.682000
747.238000
744.422000
740.495000
733.932000
740.004000
740.888000
735.037000
755.325000
746.433000
753.638000
759.371000
756.388000
753.023000
742.263000
766.064000
761.818000
750.068000
741.455000
746.073000
738.572000
735.760000
749.679000
741.578000
752.494000
742.579000
757.057000
747.385000
784.609000
763.396000
764.961000
767.690000
755.133000
755.821000
765.648000
765.764000
768.277000
756.789000
758.869000
772.386000
763.730000
786.172000
753.824000
762.199000
761.443000
740.828000
748.866000
763.829000
751.741000
743.329000
759.309000
751.464000
761.455000
735.922000
750.634000
764.598000
765.352000
743.228000
778.637000
759.352000
753.792000
733.376000
749.349000
755.535000
747.205000
742.702000
750.751000
752.736000
760.186000
733.179000
749.590000
757.541000
769.161000
732.292000
751.332000
746.522000
747.763000
742.181000
750.470000
756.695000
760.930000
738.327000
742.484000
746.946000
736.669000
742.279000
764.241000
766.717000
754.612000
756.168000
761.275000
791.241000
780.276000
763.257000
764.549000
776.115000
776.826000
776.425000
763.234000
754.932000
743.608000
765.785000
748.763000
747.114000
741.955000
758.901000
738.784000
754.810000
753.587000
761.579000
747.411000
753.291000
748.775000
752.799000
734.875000
749.864000
754.811000
761.040000
747.447000
752.428000
748.956000
757.800000
737.338000
749.050000
745.014000
771.725000
745.293000
735.931000
747.910000
746.513000
735.295000
740.560000
760.753000
767.686000
741.748000
754.488000
759.969000
757.777000
748.446000
780.165000
763.649000
772.941000
750.622000
754.803000
747.914000
766.890000
737.523000
730.416000
749.445000
757.062000
748.928000
740.575000
754.552000
758.857000
745.674000
749.147000
756.272000
749.963000
748.769000
742.799000
749.160000
754.115000
735.318000
748.314000
756.297000
748.924000
730.485000
753.451000
758.530000
750.082000
737.379000
764.280000
749.878000
757.599000
733.114000
777.716000
765.215000
765.979000
743.968000
754.878000
760.596000
765.544000
740.570000
742.405000
753.014000
792.489000
732.848000
755.691000
754.829000
748.475000
743.095000
739.782000
763.357000
760.132000
757.075000
755.288000
752.248000
770.847000
750.571000
754.469000
764.423000
765.352000
759.000000
761.473000
765.385000
764.175000
740.879000
731.669000
745.534000
749.116000
751.014000
741.420000
745.418000
750.540000
739.525000
737.733000
742.608000
759.363000
756.045000
765.528000
749.376000
741.739000
741.522000
738.193000
760.644000
762.723000
747.702000
741.885000
752.313000
772.120000
753.055000
745.355000
748.471000
741.358000
761.421000
730.728000
732.065000
749.591000
756.405000
743.165000
759.065000
749.023000
753.964000
733.005000
740.639000
740.550000
742.344000
737.925000
733.989000
746.309000
738.632000
730.133000
764.661000
760.897000
756.011000
758.076000
758.228000
765.563000
745.204000
749.163000
749.016000
744.411000
740.820000
732.089000
750.669000
765.481000
761.926000
754.402000
752.754000
756.234000
782.642000
751.565000
762.620000
761.428000
761.443000
743.418000
759.142000
757.705000
759.508000
735.821000
755.207000
765.678000
752.166000
737.056000
754.895000
760.823000
756.521000
738.185000
756.063000
757.240000
772.301000
733.453000
754.347000
740.423000
738.058000
739.605000
746.474000
765.618000
761.240000
743.169000
751.820000
773.121000
757.120000
770.104000
777.336000
767.991000
763.732000
756.827000
761.411000
770.668000
753.628000
761.589000
751.024000
765.984000
756.303000
741.181000
745.534000
753.530000
769.606000
741.522000
742.099000
748.927000
731.925000
735.689000
738.437000
745.188000
736.424000
750.655000
744.117000
740.166000
745.349000
743.059000
736.292000
765.206000
746.383000
744.403000
744.362000
744.100000
746.181000
737.668000
743.820000
744.947000
753.426000
763.995000
763.315000
745.846000
762.723000
758.460000
742.335000
757.293000
769.132000
765.586000
747.971000
747.083000
760.618000
768.846000
741.936000
745.301000
757.114000
741.923000
728.530000
747.650000
742.859000
758.228000
745.591000
750.847000
748.647000
756.914000
745.634000
748.708000
754.436000
772.158000
729.563000
735.981000
736.350000
745.353000
750.682000
775.680000
751.682000
741.438000
729.996000
750.909000
753.487000
739.158000
744.075000
770.238000
743.692000
757.978000
737.647000
740.571000
753.456000
747.713000
759.059000
755.279000
763.576000
734.326000
733.009000
751.445000
753.965000
741.100000
746.753000
742.729000
745.196000
741.158000
745.083000
746.309000
762.607000
733.496000
768.410000
766.064000
748.068000
757.480000
747.146000
754.329000
760.853000
771.824000
751.340000
753.200000
742.452000
745.340000
756.845000
751.768000
733.466000
732.976000
733.341000
755.286000
736.149000
776.670000
745.497000
748.581000
739.036000
735.490000
746.273000
730.461000
761.446000
747.223000
746.958000
749.063000
750.297000
730.785000
770.065000
794.745000
763.830000
761.597000
754.815000
747.281000
759.289000
758.505000
753.843000
757.838000
765.946000
767.487000
752.692000
763.939000
769.799000
745.047000
731.469000
753.498000
758.149000
745.106000
742.069000
741.310000
745.716000
755.816000
740.755000
741.562000
736.084000
755.536000
731.142000
758.606000
753.073000
752.500000
745.829000
751.940000
746.868000
754.911000
746.872000
777.530000
753.908000
750.423000
738.221000
748.949000
741.946000
738.289000
724.474000
741.633000
750.383000
737.917000
736.109000
741.631000
741.252000
735.528000
741.688000
755.200000
746.550000
735.654000
744.231000
751.462000
756.007000
738.529000
754.661000
756.148000
770.240000
735.417000
747.947000
753.087000
749.691000
751.216000
752.960000
741.530000
737.050000
745.489000
744.081000
754.276000
731.448000
747.499000
758.562000
755.935000
754.883000
749.993000
753.532000
757.291000
748.120000
761.124000
758.731000
762.738000
761.005000
757.507000
750.445000
759.997000
725.387000
729.280000
732.167000
724.076000
737.702000
739.776000
739.875000
731.431000
736.950000
732.101000
747.079000
743.984000
759.022000
732.165000
735.720000
751.986000
736.161000
728.047000
750.755000
763.620000
738.808000
727.813000
731.909000
750.995000
736.180000
740.370000
753.389000
754.473000
746.104000
751.944000
739.196000
751.764000
757.567000
731.799000
736.222000
753.979000
733.753000
739.914000
746.438000
739.843000
734.989000
733.877000
745.687000
744.796000
728.753000
758.901000
767.162000
754.055000
733.263000
749.851000
754.306000
743.758000
725.847000
739.284000
743.470000
766.049000
730.921000
748.101000
742.878000
747.436000
732.825000
750.101000
743.895000
754.853000
732.549000
755.089000
755.773000
736.913000
743.519000
751.896000
740.521000
731.578000
739.769000
738.794000
783.207000
752.147000
763.332000
745.803000
752.446000
744.033000
746.598000
763.860000
747.362000
742.168000
733.880000
742.054000
737.435000
746.613000
744.746000
741.422000
729.214000
733.172000
736.608000
731.901000
753.560000
750.330000
766.152000
798.129000
761.614000
785.860000
775.983000
762.512000
742.863000
748.672000
749.829000
753.919000
749.408000
746.166000
735.491000
741.046000
746.190000
731.443000
743.286000
743.680000
751.166000
743.406000
760.434000
759.710000
748.782000
756.820000
743.299000
739.035000
747920.202000
